0 0.17421875 0.90390625 0.0359375 0.0265625
0 0.8609375 0.9125 0.040625 0.025
0 0.17421875 0.70390625 0.03125 0.021875
0 0.86328125 0.70859375 0.040625 0.025
0 0.1640625 0.290625 0.034375 0.0234375
0 0.61015625 0.075 0.0390625 0.0265625
0 0.89140625 0.07265625 0.04375 0.0296875
0 0.6046875 0.29296875 0.0359375 0.0234375
0 0.8796875 0.29375 0.040625 0.025
0 0.15703125 0.0765625 0.0375 0.028125
0 0.3375 0.07578125 0.034375 0.0234375
0 0.340625 0.29140625 0.040625 0.025
0 0.60078125 0.48359375 0.034375 0.025
0 0.8671875 0.48671875 0.0359375 0.028125
0 0.6 0.7046875 0.0375 0.021875
0 0.43828125 0.70546875 0.034375 0.0234375
0 0.171875 0.5671875 0.028125 0.021875
0 0.44296875 0.56484375 0.03125 0.021875
0 0.43515625 0.90546875 0.0375 0.021875
0 0.5953125 0.9078125 0.03125 0.021875