0 0.1125 0.9265625 0.0359375 0.0265625
0 0.43046875 0.928125 0.04375 0.028125
0 0.61875 0.93203125 0.05 0.0328125
0 0.828125 0.934375 0.040625 0.0359375
0 0.83828125 0.790625 0.0390625 0.03125
0 0.62265625 0.78671875 0.040625 0.03125
0 0.4359375 0.72421875 0.040625 0.03125
0 0.1109375 0.72734375 0.0421875 0.0296875
0 0.1109375 0.61953125 0.046875 0.034375
0 0.4328125 0.6171875 0.034375 0.03125
0 0.5734375 0.55703125 0.0421875 0.0296875
0 0.8484375 0.56015625 0.0390625 0.028125
0 0.85078125 0.3984375 0.0453125 0.040625
0 0.57734375 0.39375 0.0453125 0.034375
0 0.44140625 0.396875 0.05 0.03125
0 0.1109375 0.39140625 0.046875 0.0375
0 0.1125 0.1140625 0.05625 0.03125
0 0.44296875 0.11953125 0.040625 0.034375
0 0.58515625 0.11875 0.053125 0.0328125
0 0.85546875 0.1203125 0.0546875 0.0359375