0 0.81328125 0.83125 0.0296875 0.0484375
0 0.81328125 0.5015625 0.03125 0.0515625
0 0.8203125 0.165625 0.028125 0.059375
0 0.684375 0.82890625 0.028125 0.053125
0 0.62890625 0.50859375 0.03125 0.05625
0 0.6328125 0.165625 0.028125 0.05625
0 0.47421875 0.8265625 0.021875 0.05
0 0.45 0.50234375 0.028125 0.04375
0 0.44921875 0.16484375 0.025 0.0421875
0 0.39140625 0.82421875 0.025 0.0546875
0 0.253125 0.82890625 0.025 0.0484375
0 0.25 0.5046875 0.025 0.040625
0 0.2484375 0.1609375 0.028125 0.0484375