0 0.12890625 0.94921875 0.0453125 0.0296875
0 0.403125 0.9515625 0.046875 0.0296875
0 0.571875 0.9515625 0.0390625 0.034375
0 0.84296875 0.959375 0.0453125 0.03125
0 0.1296875 0.728125 0.040625 0.0296875
0 0.40390625 0.73203125 0.040625 0.0296875
0 0.58515625 0.73515625 0.0453125 0.034375
0 0.8578125 0.73828125 0.0453125 0.0359375
0 0.13046875 0.5859375 0.046875 0.025
0 0.40390625 0.5890625 0.053125 0.028125
0 0.6828125 0.55234375 0.040625 0.03125
0 0.86015625 0.5515625 0.0484375 0.028125
0 0.41328125 0.35390625 0.040625 0.025
0 0.12734375 0.35234375 0.0375 0.0296875
0 0.68984375 0.30390625 0.0359375 0.028125
0 0.87734375 0.30859375 0.040625 0.0328125
0 0.88671875 0.1 0.040625 0.0265625
0 0.7015625 0.09921875 0.040625 0.028125
0 0.4125 0.09765625 0.05 0.034375
0 0.121875 0.09375 0.04375 0.0359375