0 0.05078125 0.12890625 0.0296875 0.04375
0 0.0484375 0.403125 0.0296875 0.046875
0 0.0484375 0.571875 0.034375 0.0390625
0 0.040625 0.84296875 0.03125 0.0453125
0 0.271875 0.1296875 0.0296875 0.040625
0 0.26796875 0.40390625 0.0296875 0.040625
0 0.26484375 0.58515625 0.034375 0.0453125
0 0.26171875 0.8578125 0.034375 0.0453125
0 0.4140625 0.13046875 0.025 0.046875
0 0.4109375 0.40390625 0.028125 0.053125
0 0.44765625 0.6828125 0.03125 0.040625
0 0.4484375 0.86015625 0.028125 0.0484375
0 0.64609375 0.41328125 0.025 0.040625
0 0.64765625 0.12734375 0.0296875 0.0375
0 0.69609375 0.68984375 0.028125 0.0359375
0 0.69140625 0.87734375 0.0328125 0.040625
0 0.9 0.88671875 0.0265625 0.040625
0 0.90078125 0.7015625 0.028125 0.040625
0 0.90234375 0.4125 0.034375 0.05
0 0.90625 0.121875 0.034375 0.04375