0 0.11328125 0.090625 0.04453125 0.03125
0 0.4609375 0.0921875 0.046875 0.03515625
0 0.87890625 0.090625 0.0453125 0.03359375
0 0.4640625 0.228125 0.046875 0.03515625
0 0.11171875 0.22890625 0.0453125 0.03125
0 0.8796875 0.33828125 0.04453125 0.02890625
0 0.87734375 0.52109375 0.04140625 0.02890625
0 0.46015625 0.5203125 0.0453125 0.0296875
0 0.109375 0.52265625 0.0453125 0.028125
0 0.1109375 0.790625 0.04765625 0.0328125
0 0.87578125 0.78984375 0.03671875 0.028125
0 0.64609375 0.7875 0.0453125 0.03046875