0 0.8671875 0.8703125 0.03125 0.025
0 0.6140625 0.87265625 0.0265625 0.025
0 0.4046875 0.871875 0.03125 0.021875
0 0.14921875 0.87265625 0.0375 0.028125
0 0.865625 0.7 0.028125 0.021875
0 0.865625 0.5234375 0.034375 0.025
0 0.86875 0.33359375 0.03125 0.0203125
0 0.865625 0.19921875 0.034375 0.021875
0 0.61328125 0.20234375 0.03125 0.025
0 0.6109375 0.43359375 0.0359375 0.03125
0 0.40546875 0.434375 0.04375 0.0328125
0 0.40390625 0.2015625 0.0375 0.025
0 0.15390625 0.1984375 0.0390625 0.028125
0 0.15078125 0.52421875 0.0359375 0.0265625
0 0.15390625 0.70078125 0.03125 0.028125
0 0.61171875 0.52734375 0.0359375 0.025
0 0.40234375 0.5265625 0.04375 0.028125