0 0.8671875 0.1296875 0.03125 0.025
0 0.6140625 0.12734375 0.0265625 0.025
0 0.4046875 0.128125 0.03125 0.021875
0 0.14921875 0.12734375 0.0375 0.028125
0 0.865625 0.3 0.028125 0.0234375
0 0.865625 0.4765625 0.034375 0.025
0 0.86875 0.66640625 0.03125 0.0203125
0 0.865625 0.80078125 0.034375 0.021875
0 0.61328125 0.79765625 0.03125 0.025
0 0.6109375 0.56640625 0.0359375 0.03125
0 0.40546875 0.565625 0.04375 0.0328125
0 0.40390625 0.7984375 0.0359375 0.025
0 0.15390625 0.8015625 0.0390625 0.028125
0 0.15078125 0.47578125 0.0359375 0.0265625
0 0.15390625 0.29921875 0.03125 0.028125
0 0.61171875 0.47265625 0.0359375 0.025
0 0.40234375 0.4734375 0.04375 0.028125