0 0.1125 0.93984375 0.046875 0.034375
0 0.44609375 0.925 0.04375 0.0375
0 0.60859375 0.9203125 0.046875 0.03125
0 0.9140625 0.9109375 0.0375 0.0328125
0 0.91796875 0.64921875 0.04375 0.03125
0 0.6109375 0.65078125 0.04375 0.03125
0 0.44296875 0.65078125 0.04375 0.028125
0 0.12265625 0.65859375 0.053125 0.0296875
0 0.453125 0.49921875 0.0453125 0.0296875
0 0.31796875 0.42890625 0.0421875 0.03125
0 0.11484375 0.42421875 0.04375 0.0328125
0 0.60390625 0.42265625 0.0390625 0.028125
0 0.78828125 0.51171875 0.034375 0.0265625
0 0.92265625 0.425 0.0421875 0.03125
0 0.61640625 0.17265625 0.046875 0.0265625
0 0.925 0.17734375 0.040625 0.03125
0 0.36484375 0.1625 0.040625 0.034375
0 0.1125 0.15703125 0.04375 0.028125