0 0.8875 0.06015625 0.046875 0.034375
0 0.55390625 0.075 0.04375 0.0375
0 0.39140625 0.0796875 0.0453125 0.03125
0 0.0859375 0.0890625 0.0390625 0.0328125
0 0.08203125 0.35078125 0.04375 0.03125
0 0.3890625 0.34921875 0.04375 0.03125
0 0.55703125 0.34921875 0.04375 0.028125
0 0.87734375 0.34140625 0.053125 0.0296875
0 0.546875 0.50078125 0.0453125 0.0296875
0 0.68203125 0.57109375 0.0421875 0.03125
0 0.88515625 0.57578125 0.04375 0.0328125
0 0.39609375 0.57734375 0.0390625 0.028125
0 0.21171875 0.48828125 0.034375 0.0265625
0 0.07734375 0.575 0.0421875 0.03125
0 0.38359375 0.82734375 0.0453125 0.0265625
0 0.075 0.82265625 0.0421875 0.03125
0 0.63515625 0.8375 0.040625 0.034375
0 0.8875 0.84296875 0.04375 0.028125