0 0.1578125 0.06015625 0.03828125 0.028125
0 0.42578125 0.05703125 0.0390625 0.03046875
0 0.58828125 0.05390625 0.04140625 0.03125
0 0.86953125 0.04609375 0.046875 0.02734375
0 0.146875 0.26328125 0.0453125 0.03125
0 0.41484375 0.26171875 0.04140625 0.028125
0 0.5953125 0.26328125 0.06171875 0.02421875
0 0.87421875 0.25703125 0.0453125 0.0296875
0 0.878125 0.36484375 0.03671875 0.03046875
0 0.13828125 0.36953125 0.04296875 0.03515625
0 0.415625 0.36640625 0.02890625 0.02890625
0 0.584375 0.36484375 0.03828125 0.03125
0 0.5828125 0.5875 0.0453125 0.03046875
0 0.8890625 0.59453125 0.040625 0.034375
0 0.41171875 0.5921875 0.0453125 0.0265625
0 0.12109375 0.5890625 0.04765625 0.0296875
0 0.10390625 0.89296875 0.04921875 0.0359375
0 0.39609375 0.90078125 0.03828125 0.03359375
0 0.81015625 0.85078125 0.05 0.02890625