0 0.93984375 0.1578125 0.028125 0.0375
0 0.94296875 0.42578125 0.03125 0.0390625
0 0.94609375 0.58828125 0.03125 0.040625
0 0.95390625 0.86953125 0.028125 0.046875
0 0.73671875 0.146875 0.03125 0.0453125
0 0.73828125 0.41484375 0.028125 0.040625
0 0.73671875 0.5953125 0.025 0.0625
0 0.74296875 0.87421875 0.0296875 0.0453125
0 0.63515625 0.878125 0.03125 0.0375
0 0.63046875 0.13828125 0.034375 0.04375
0 0.63359375 0.415625 0.028125 0.028125
0 0.63515625 0.584375 0.03125 0.0375
0 0.4125 0.5828125 0.03125 0.0453125
0 0.40546875 0.8890625 0.034375 0.040625
0 0.4078125 0.41171875 0.0265625 0.0453125
0 0.4109375 0.12109375 0.0296875 0.046875
0 0.10703125 0.10390625 0.0359375 0.05
0 0.09921875 0.39609375 0.034375 0.0375
0 0.14921875 0.81015625 0.028125 0.05