0 0.06015625 0.8421875 0.028125 0.0375
0 0.05703125 0.57421875 0.03125 0.0390625
0 0.05390625 0.41171875 0.03125 0.040625
0 0.04609375 0.13046875 0.028125 0.046875
0 0.26328125 0.853125 0.03125 0.0453125
0 0.26171875 0.58515625 0.028125 0.040625
0 0.26328125 0.4046875 0.025 0.0625
0 0.25703125 0.12578125 0.0296875 0.0453125
0 0.36484375 0.121875 0.03125 0.0375
0 0.36953125 0.86171875 0.034375 0.04375
0 0.36640625 0.584375 0.028125 0.028125
0 0.36484375 0.415625 0.03125 0.0375
0 0.5875 0.4171875 0.03125 0.0453125
0 0.59453125 0.1109375 0.034375 0.040625
0 0.5921875 0.58828125 0.0265625 0.0453125
0 0.5890625 0.87890625 0.0296875 0.046875
0 0.89296875 0.89609375 0.0359375 0.05
0 0.90078125 0.60390625 0.034375 0.0375
0 0.85078125 0.18984375 0.028125 0.05