0 0.725 0.8609375 0.0375 0.025
0 0.45703125 0.859375 0.0375 0.025
0 0.14765625 0.85859375 0.040625 0.028125
0 0.1453125 0.68359375 0.0421875 0.0296875
0 0.3765625 0.68359375 0.034375 0.0265625
0 0.7265625 0.62890625 0.0375 0.028125
0 0.45703125 0.6265625 0.0375 0.028125
0 0.84921875 0.6265625 0.0375 0.025
0 0.8453125 0.4453125 0.0421875 0.028125
0 0.72578125 0.4453125 0.0375 0.0296875
0 0.45625 0.44375 0.04375 0.025
0 0.33515625 0.50859375 0.0359375 0.025
0 0.1515625 0.50703125 0.03125 0.028125
0 0.1453125 0.378125 0.0453125 0.0296875
0 0.3796875 0.3796875 0.0421875 0.03125
0 0.45546875 0.30546875 0.046875 0.03125
0 0.72734375 0.30625 0.04375 0.028125
0 0.846875 0.30703125 0.0515625 0.034375
0 0.1484375 0.19765625 0.0421875 0.034375
0 0.4578125 0.14609375 0.04375 0.028125
0 0.57265625 0.14609375 0.040625 0.028125
0 0.8484375 0.1453125 0.040625 0.0296875