0 0.1390625 0.275 0.025 0.0375
0 0.140625 0.54296875 0.025 0.0375
0 0.14140625 0.85234375 0.028125 0.040625
0 0.31640625 0.8546875 0.0296875 0.0421875
0 0.31640625 0.6234375 0.0265625 0.034375
0 0.37109375 0.2734375 0.028125 0.0375
0 0.3734375 0.54296875 0.028125 0.0375
0 0.3734375 0.15078125 0.025 0.0375
0 0.5546875 0.1546875 0.028125 0.0421875
0 0.5546875 0.27421875 0.0296875 0.0375
0 0.55625 0.54375 0.025 0.04375
0 0.49140625 0.66484375 0.025 0.0359375
0 0.49296875 0.8484375 0.028125 0.03125
0 0.621875 0.8546875 0.0296875 0.0453125
0 0.6203125 0.6203125 0.03125 0.0421875
0 0.69453125 0.54453125 0.03125 0.046875
0 0.69375 0.27265625 0.028125 0.04375
0 0.69296875 0.153125 0.034375 0.0515625
0 0.80234375 0.8515625 0.034375 0.0421875
0 0.85390625 0.5421875 0.028125 0.04375
0 0.85390625 0.42734375 0.028125 0.040625
0 0.8546875 0.1515625 0.0296875 0.040625