0 0.77265625 0.9015625 0.034375 0.028125
0 0.4828125 0.9 0.0359375 0.028125
0 0.1984375 0.90078125 0.0265625 0.028125
0 0.771875 0.6828125 0.0390625 0.0296875
0 0.4796875 0.684375 0.028125 0.021875
0 0.1984375 0.68515625 0.0375 0.025
0 0.53984375 0.39453125 0.040625 0.028125
0 0.7703125 0.39140625 0.0375 0.025
0 0.196875 0.39296875 0.04375 0.025
0 0.41328125 0.3953125 0.034375 0.028125
0 0.77421875 0.21640625 0.028125 0.0265625
0 0.53515625 0.21953125 0.03125 0.025
0 0.77109375 0.07109375 0.0375 0.028125
0 0.42578125 0.07109375 0.03125 0.0234375