0 0.0984375 0.22734375 0.028125 0.034375
0 0.1 0.5171875 0.028125 0.0359375
0 0.09921875 0.8015625 0.028125 0.0265625
0 0.3171875 0.228125 0.0296875 0.0390625
0 0.315625 0.5203125 0.021875 0.028125
0 0.31484375 0.8015625 0.025 0.0390625
0 0.60546875 0.46015625 0.028125 0.040625
0 0.60859375 0.2296875 0.025 0.0375
0 0.60703125 0.803125 0.025 0.04375
0 0.6046875 0.58671875 0.028125 0.034375
0 0.78359375 0.22578125 0.0265625 0.028125
0 0.78046875 0.46484375 0.025 0.03125
0 0.92890625 0.22890625 0.028125 0.0375
0 0.92890625 0.57421875 0.0234375 0.03125