0 0.90703125 0.09375 0.040625 0.034375
0 0.55390625 0.09296875 0.04375 0.0375
0 0.42109375 0.09140625 0.0359375 0.03125
0 0.10859375 0.09453125 0.04375 0.034375
0 0.10859375 0.3484375 0.040625 0.034375
0 0.11015625 0.5671875 0.05 0.034375
0 0.10625 0.87421875 0.059375 0.034375
0 0.421875 0.8734375 0.040625 0.0328125
0 0.41875 0.56875 0.05625 0.0375
0 0.42109375 0.346875 0.04375 0.0328125
0 0.55390625 0.34609375 0.053125 0.034375
0 0.7015625 0.52578125 0.0453125 0.034375
0 0.90703125 0.52421875 0.0515625 0.0328125
0 0.9078125 0.8765625 0.05 0.0375
0 0.70234375 0.8765625 0.040625 0.0375
0 0.90625 0.35078125 0.0484375 0.034375