0 0.90390625 0.1125 0.040625 0.0390625
0 0.55703125 0.11171875 0.04375 0.040625
0 0.2609375 0.11171875 0.0421875 0.0359375
0 0.0609375 0.1109375 0.0421875 0.0359375
0 0.06328125 0.3609375 0.040625 0.034375
0 0.259375 0.36328125 0.04375 0.0359375
0 0.56171875 0.3625 0.04375 0.0359375
0 0.90234375 0.3609375 0.0453125 0.034375
0 0.90390625 0.621875 0.0390625 0.034375
0 0.5578125 0.62265625 0.0484375 0.0375
0 0.27109375 0.61875 0.040625 0.0359375
0 0.0640625 0.62109375 0.040625 0.0328125
0 0.271875 0.87890625 0.0421875 0.03125
0 0.06171875 0.88125 0.0421875 0.0359375
0 0.55859375 0.88203125 0.040625 0.0328125
0 0.9046875 0.8796875 0.040625 0.0328125