1 0.08984375 0.14453125 0.028125 0.0390625
1 0.08125 0.88203125 0.0265625 0.04375
1 0.30546875 0.14453125 0.0234375 0.034375
1 0.3 0.884375 0.028125 0.04375
1 0.74921875 0.13359375 0.025 0.0375
1 0.98046875 0.6125 0.028125 0.0421875
1 0.9828125 0.91484375 0.03125 0.046875
1 0.74609375 0.60625 0.025 0.0390625
1 0.7453125 0.90234375 0.028125 0.04375
1 0.978125 0.12578125 0.0296875 0.0390625
1 0.9796875 0.31953125 0.025 0.0375
1 0.74765625 0.32265625 0.025 0.04375
1 0.54140625 0.60234375 0.028125 0.0375
1 0.53828125 0.88828125 0.0296875 0.0375
1 0.30390625 0.6015625 0.025 0.0390625
1 0.30390625 0.42734375 0.025 0.0375
1 0.4515625 0.14140625 0.021875 0.03125
1 0.45390625 0.4328125 0.0234375 0.034375
1 0.08828125 0.425 0.0234375 0.040625
1 0.08671875 0.59609375 0.025 0.0328125