1 0.7 0.03984375 0.03203125 0.01796875
1 0.9078125 0.03984375 0.02890625 0.01796875
1 0.90859375 0.321875 0.0296875 0.0171875
1 0.16484375 0.60625 0.028125 0.015625
1 0.16484375 0.78046875 0.02890625 0.01796875
2 0.42265625 0.0390625 0.54296875 0.01640625
2 0.165625 0.32265625 0.02890625 0.56640625
2 0.16328125 0.69375 0.025 0.16875
2 0.359375 0.60546875 0.2125 0.01484375
2 0.265625 0.69921875 0.02578125 0.1828125
2 0.3078125 0.78125 0.078125 0.015625
2 0.51484375 0.78046875 0.096875 0.01484375
2 0.5484375 0.7453125 0.0265625 0.06953125
2 0.54765625 0.6375 0.0265625 0.0796875
2 0.67265625 0.5625 0.01953125 0.10390625
2 0.740625 0.51796875 0.13515625 0.015625
2 0.79921875 0.578125 0.0171875 0.04921875
2 0.690625 0.60546875 0.03359375 0.01484375
2 0.79140625 0.60390625 0.06171875 0.01484375
2 0.26640625 0.51328125 0.0296875 0.08984375
2 0.2640625 0.4203125 0.03359375 0.03359375
2 0.334375 0.4109375 0.13125 0.01875
2 0.35959915625 0.39629375 0.39736286875000004 0.397185 0.3939282703125 0.2843275 0.3676097046875 0.28500625 0.35959915625 0.39629375
2 0.4597278484375 0.31566125 0.4597278484375 0.33554875 0.789860759375 0.33487125 0.789860759375 0.31858875000000003 0.4597278484375 0.31566125
2 0.543261603125 0.11390750000000001 0.46087130781249996 0.11424625 0.460299578125 0.27957875 0.4917679328125 0.27888 0.4917679328125 0.13493875 0.5426898734375001 0.13595625 0.543261603125 0.11390750000000001
2 0.6625569625 0.11418625 0.6616983125 0.13154625 0.7177700421875 0.12985125 0.717196203125 0.11662125000000001 0.6625569625 0.11418625
2 0.808742615625 0.08032500000000001 0.780135021875 0.0796075 0.7807067515624999 0.17055625000000002 0.808742615625 0.1692 0.808742615625 0.08032500000000001
2 0.1644936703125 0.25298625 0.39564557031250003 0.2557 0.3939282703125 0.23521 0.387063290625 0.23331125 0.1662109703125 0.23365125 0.1644936703125 0.25298625
2 0.9025759499999999 0.0262775 0.78127848125 0.0262775 0.78127848125 0.05816375 0.8118881859375 0.058138749999999996 0.8127468359375 0.04730875 0.903719409375 0.04696875 0.9025759499999999 0.0262775
2 0.7807067515624999 0.34670875 0.8127468359375 0.34806499999999996 0.8098860765625 0.22221625 0.8968544296875001 0.2215375 0.8985696203125 0.31821375 0.9231729953125001 0.32024875 0.920883965625 0.04154125 0.8951371312499999 0.04085 0.8928481015624999 0.200845 0.778417721875 0.200845 0.7807067515624999 0.34670875
2 0.6210738390625 0.36259625 0.5918945140625 0.36327375 0.5918945140625 0.4117825 0.7778459921875001 0.4117825 0.7755569625 0.47419874999999995 0.8093143453125 0.47385875000000005 0.8110295359374999 0.37646125 0.7732679328125001 0.37616499999999997 0.7744135015625 0.38430624999999996 0.6199303796875 0.384645 0.6210738390625 0.36259625
2 0.7807067515624999 0.9431875 0.9266054859375 0.94250875 0.920883965625 0.32408625 0.90085865 0.32426499999999997 0.8911329109375 0.9255487499999999 0.778417721875 0.92487 0.7807067515624999 0.9431875
0 0.5328125 0.4859375 0.8296875 0.93125