1 0.753125 0.9609375 0.0375 0.01875
1 0.984375 0.96171875 0.03125 0.021875
1 0.984375 0.6453125 0.03125 0.01875
1 0.15234375 0.3265625 0.03125 0.0171875
1 0.15234375 0.13125 0.03125 0.01875
2 0.44140625 0.96171875 0.609375 0.01875
2 0.153125 0.64453125 0.0328125 0.634375
2 0.15078125 0.228125 0.028125 0.1890625
2 0.3703125 0.3265625 0.2390625 0.0171875
2 0.26484375 0.221875 0.028125 0.2046875
2 0.3125 0.13046875 0.0875 0.0171875
2 0.5453125 0.13046875 0.109375 0.015625
2 0.58359375 0.17109375 0.0296875 0.078125
2 0.58203125 0.29140625 0.0296875 0.090625
2 0.721875 0.375 0.021875 0.115625
2 0.79921875 0.42578125 0.1515625 0.0171875
2 0.86484375 0.3578125 0.01875 0.05625
2 0.74296875 0.32734375 0.0375 0.0171875
2 0.85625 0.32890625 0.06875 0.0171875
2 0.26640625 0.43046875 0.034375 0.1
2 0.26328125 0.53515625 0.0375 0.0375
2 0.3421875 0.5453125 0.146875 0.021875
2 0.413151659375 0.56057703125 0.370734596875 0.5615756296875001 0.379732228125 0.68626750625 0.4092938390625 0.6870280109375 0.413151659375 0.56057703125
2 0.48320142187500004 0.6296372546875 0.48320142187500004 0.65192016875 0.85401421875 0.64864005625 0.85401421875 0.6303963578125 0.48320142187500004 0.6296372546875
2 0.5191895734374999 0.693131653125 0.48384360156249995 0.6923487390624999 0.48448578124999997 0.8775952374999999 0.5770284359375 0.877974790625 0.57638625625 0.8532703078124999 0.5191895734374999 0.8544103640625 0.5191895734374999 0.693131653125
2 0.7100592421874999 0.858211484375 0.711023696875 0.877662465625 0.7723957343750001 0.8749341734374999 0.773040284375 0.86011064375 0.7100592421874999 0.858211484375
2 0.843090046875 0.9164061625000001 0.8752227484375 0.9156022406250001 0.8752227484375 0.8160224093749999 0.8437322281249999 0.8145028015625 0.843090046875 0.9164061625000001
2 0.4092938390625 0.7420616250000001 0.41122274843750006 0.7191036421875 0.151587678125 0.7221442578125 0.1535165875 0.7438081234375 0.4015829390625 0.744189075 0.4092938390625 0.7420616250000001
2 0.8787559234375 0.940460784375 0.8443744078125001 0.9404327734375 0.8443744078125001 0.9761596640624999 0.9806184828125 0.9761596640624999 0.98190284375 0.952976190625 0.8797203796874999 0.9525952375 0.8787559234375 0.940460784375
2 1 0.6470898093749999 0.9761184828125 0.6490602234375 0.97419194375 0.757380953125 0.8765071093750001 0.7566204484375 0.8797203796874999 0.6156134453125001 0.8437322281249999 0.617133053125 0.8411611375 0.7805658265625001 0.96969194375 0.7805658265625001 0.9722630328124999 0.9598319328124999 1 0.9590890906249999 1 0.6470898093749999
2 0.8353767765625 0.5841288515625 0.8777914687499999 0.58379691875 0.8758649296875 0.4746680671875 0.8379478671875 0.474287115625 0.8405189578125001 0.5442212890625 0.631654028125 0.5442212890625 0.631654028125 0.5985728296875 0.664428909375 0.5993319328125 0.6631445499999999 0.5746274515625001 0.8366635078125 0.575007003125 0.8353767765625 0.5841288515625
2 0.9682749953125 0 0.9786895734375 0.6422801125 1 0.6424698625 1 0 0.9682749953125 0
0 0.54921875 0.4921875 0.9015625 0.984375