1 0.090625 0.82578125 0.028125 0.0375
1 0.0828125 0.1234375 0.025 0.040625
1 0.2953125 0.82578125 0.021875 0.0328125
1 0.290625 0.121875 0.025 0.040625
1 0.71796875 0.8359375 0.0234375 0.034375
1 0.9375 0.38046875 0.0265625 0.040625
1 0.93984375 0.0921875 0.03125 0.04375
1 0.71484375 0.3859375 0.025 0.0375
1 0.7140625 0.1046875 0.025 0.040625
1 0.9359375 0.84375 0.028125 0.0375
1 0.93671875 0.65859375 0.025 0.0359375
1 0.71640625 0.65546875 0.025 0.0421875
1 0.5203125 0.3890625 0.025 0.0359375
1 0.5171875 0.1171875 0.028125 0.0375
1 0.29453125 0.390625 0.0234375 0.0375
1 0.29375 0.55625 0.025 0.034375
1 0.434375 0.82890625 0.021875 0.028125
1 0.4375 0.55078125 0.021875 0.0328125
1 0.0890625 0.55859375 0.021875 0.0375
1 0.0875 0.3953125 0.0234375 0.03125