1 0.9296875 0.2890625 0.0328125 0.01875
1 0.11015625 0.6015625 0.03125 0.0171875
1 0.11015625 0.79296875 0.03125 0.01875
2 0.109375 0.3 0.0328125 0.6
2 0.1078125 0.69765625 0.028125 0.184375
2 0.3234375 0.6015625 0.234375 0.015625
2 0.2203125 0.70390625 0.028125 0.2
2 0.2671875 0.79375 0.0859375 0.0171875
2 0.4953125 0.79375 0.10625 0.015625
2 0.5328125 0.75390625 0.028125 0.0765625
2 0.53125 0.6359375 0.0296875 0.0875
2 0.66875 0.55390625 0.021875 0.1140625
2 0.74453125 0.50390625 0.15 0.0171875
2 0.809375 0.57109375 0.01875 0.053125
2 0.6890625 0.60078125 0.0375 0.015625
2 0.80078125 0.59921875 0.06875 0.015625
2 0.221875 0.49921875 0.0328125 0.1
2 0.21875 0.396875 0.0375 0.0375
2 0.296875 0.38671875 0.1453125 0.0203125
2 0.3621441859375 0.24788736249999999 0.3331325578125 0.2486332421875 0.324302325 0.3709271984375 0.3659302328125 0.37190659375 0.3621441859375 0.24788736249999999
2 0.7985906984375 0.3034299453125 0.7985906984375 0.2855370875 0.43467674375 0.2823200546875 0.43467674375 0.30417445 0.7985906984375 0.3034299453125
2 0.5267581390625 0.0606126375 0.435937209375 0.060984890624999996 0.43530697656250006 0.24266895625 0.4699953484375 0.2419010984375 0.4699953484375 0.08372390156250001 0.5261279062499999 0.0848420328125 0.5267581390625 0.0606126375
2 0.71912325625 0.0781332421875 0.7184906984375 0.0635947796875 0.658260465625 0.06091895625 0.657313953125 0.07999587968750001 0.71912325625 0.0781332421875
2 0.7885 0.12286401093749999 0.8194046515625001 0.12137362656249999 0.8194046515625001 0.023708790625 0.7878697671875 0.022920329687499998 0.7885 0.12286401093749999
2 0.364037209375 0.216428571875 0.3621441859375 0.1939120875 0.35457674375 0.19182554999999998 0.11112558125000001 0.19219917656250002 0.1092325578125 0.213446428125 0.364037209375 0.216428571875
2 0.9143572375 0 0.9121162796875 0.1561483515625 0.78597674375 0.1561483515625 0.7885 0.3164381875 0.8238186046875 0.317928571875 0.820665115625 0.17963324218750001 0.9165325578125 0.17888736249999998 0.91842325625 0.28512499999999996 0.9455441859375 0.2873612640625 0.943176728125 0 0.9143572375 0
2 0.82192558125 0.3491332421875 0.7803 0.34880769218749996 0.781562790625 0.3577541203125 0.61127209375 0.3581263734375 0.6125325578124999 0.33389697812499997 0.5803674421875 0.3346414828125 0.5803674421875 0.3879478015625 0.7853465109375 0.3879478015625 0.78282325625 0.4565370875 0.8200348843749999 0.4561634609375 0.82192558125 0.3491332421875
2 0.7885 0.971909340625 0.94932790625 0.9711634609375001 0.9430209296875001 0.291578296875 0.9209465109374999 0.291774725 0.91022558125 0.9525260984375 0.78597674375 0.9517802203124999 0.7885 0.971909340625
0 0.51484375 0.490625 0.9140625 0.98125