1 0.17421875 0.09609375 0.0359375 0.0265625
1 0.8609375 0.0875 0.040625 0.025
1 0.17421875 0.29609375 0.03203125 0.021875
1 0.86328125 0.29140625 0.03984375 0.025
1 0.1640625 0.709375 0.034375 0.0234375
1 0.61015625 0.925 0.0390625 0.0265625
1 0.89140625 0.92734375 0.04296875 0.0296875
1 0.6046875 0.70703125 0.0359375 0.0234375
1 0.8796875 0.70625 0.040625 0.02578125
1 0.15703125 0.9234375 0.03671875 0.02734375
1 0.3375 0.92421875 0.03515625 0.0234375
1 0.340625 0.70859375 0.04140625 0.02421875
1 0.60078125 0.51640625 0.03515625 0.025
1 0.8671875 0.51328125 0.0359375 0.02734375
1 0.6 0.2953125 0.03671875 0.02265625
1 0.43828125 0.29453125 0.034375 0.0234375
1 0.171875 0.4328125 0.028125 0.02109375
1 0.44296875 0.43515625 0.03203125 0.021875
1 0.43515625 0.09453125 0.03671875 0.021875
1 0.5953125 0.0921875 0.03125 0.02265625