1 0.92421875 0.14140625 0.0390625 0.05
1 0.9296875 0.378125 0.028125 0.0375
1 0.83984375 0.83671875 0.028125 0.0640625
1 0.540625 0.83984375 0.028125 0.03125
1 0.43671875 0.6265625 0.0375 0.03125
1 0.4453125 0.1515625 0.021875 0.053125
1 0.6328125 0.14453125 0.025 0.034375
1 0.26328125 0.62578125 0.0265625 0.0375
1 0.2703125 0.846875 0.0375 0.0359375
1 0.26484375 0.3328125 0.025 0.0328125
1 0.26640625 0.1515625 0.0265625 0.0515625
2 0.93828125 0.26328125 0.015625 0.2171875
2 0.93828125 0.61640625 0.015625 0.4484375
2 0.896875 0.8484375 0.0984375 0.01875
2 0.8421875 0.7734375 0.0125 0.0765625
2 0.69296875 0.85 0.2875 0.021875
2 0.4109375 0.84921875 0.25 0.0203125
2 0.178125 0.85 0.1625 0.021875
2 0.46484375 0.6296875 0.028125 0.0125
2 0.34921875 0.63046875 0.153125 0.0125
2 0.265625 0.37890625 0.015625 0.075
2 0.3625 0.3375 0.1796875 0.0140625
2 0.4140625 0.38125 0.009375 0.08125
2 0.434375 0.41640625 0.034375 0.0140625
2 0.446875 0.478125 0.0078125 0.115625
2 0.265625 0.18828125 0.0125 0.0375
2 0.77734375 0.13515625 0.275 0.01875
2 0.53828125 0.13515625 0.178125 0.021875
2 0.35625 0.13515625 0.165625 0.021875
2 0.178125 0.13828125 0.165625 0.021875
0 0.5203125 0.4890625 0.875 0.775