1 0.91640625 0.8796875 0.040625 0.0515625
1 0.921875 0.63125 0.0296875 0.040625
1 0.828125 0.15078125 0.028125 0.0671875
1 0.51484375 0.146875 0.03125 0.0328125
1 0.40546875 0.37109375 0.0390625 0.034375
1 0.4140625 0.86953125 0.0234375 0.05625
1 0.61171875 0.8765625 0.025 0.0375
1 0.2234375 0.371875 0.028125 0.040625
1 0.23125 0.13984375 0.040625 0.0375
1 0.22578125 0.67890625 0.0265625 0.034375
1 0.2265625 0.86953125 0.028125 0.053125
2 0.93125 0.75234375 0.015625 0.228125
2 0.93125 0.38125 0.015625 0.471875
2 0.88828125 0.1375 0.103125 0.021875
2 0.83046875 0.21640625 0.0140625 0.08125
2 0.67421875 0.13671875 0.3 0.0234375
2 0.378125 0.1375 0.2625 0.021875
2 0.134375 0.13671875 0.171875 0.0234375
2 0.43515625 0.36796875 0.028125 0.0125
2 0.31328125 0.36640625 0.159375 0.0125
2 0.22578125 0.63125 0.015625 0.078125
2 0.32734375 0.67421875 0.1875 0.015625
2 0.38203125 0.628125 0.009375 0.0875
2 0.40234375 0.59140625 0.0375 0.015625
2 0.41640625 0.52734375 0.009375 0.121875
2 0.2265625 0.83046875 0.0140625 0.0390625
2 0.7625 0.88671875 0.2875 0.0203125
2 0.5125 0.88671875 0.1859375 0.021875
2 0.32109375 0.88671875 0.175 0.0234375
2 0.134375 0.88359375 0.1734375 0.021875
0 0.49296875 0.515625 0.9171875 0.8125