1 0.15625 0.0828125 0.0484375 0.03828125
1 0.3875 0.07734375 0.0375 0.02734375
1 0.83671875 0.16484375 0.0625 0.0265625
1 0.83984375 0.4578125 0.03046875 0.02890625
1 0.63046875 0.559375 0.03125 0.03671875
1 0.165625 0.55078125 0.053125 0.021875
1 0.159375 0.3671875 0.034375 0.0234375
1 0.6296875 0.72890625 0.03671875 0.02578125
1 0.846875 0.721875 0.03515625 0.03671875
1 0.34375 0.72734375 0.03203125 0.025
1 0.165625 0.72578125 0.05078125 0.02578125
2 0.27578125 0.06875 0.2125 0.0140625
2 0.62109375 0.06875 0.4390625 0.01484375
2 0.8484375 0.109375 0.01953125 0.096875
2 0.775 0.16328125 0.07578125 0.01328125
2 0.84921875 0.309375 0.021875 0.28046875
2 0.8484375 0.584375 0.0203125 0.24453125
2 0.85 0.8125 0.021875 0.159375
2 0.63359375 0.53203125 0.0125 0.0265625
2 0.63515625 0.6453125 0.0109375 0.14921875
2 0.38828125 0.7265625 0.07265625 0.01484375
2 0.3484375 0.63203125 0.0140625 0.17578125
2 0.39140625 0.58125 0.08046875 0.0078125
2 0.425 0.56171875 0.0140625 0.034375
2 0.48515625 0.54921875 0.11328125 0.0078125
2 0.20234375 0.7265625 0.0359375 0.01328125
2 0.15 0.2265625 0.01953125 0.26796875
2 0.15 0.46015625 0.02109375 0.1734375
2 0.15 0.63828125 0.02109375 0.16171875
2 0.153125 0.81171875 0.02109375 0.16171875
0 0.49609375 0.47734375 0.75859375 0.8546875