1 0.98671875 0.06484375 0.021875 0.0203125
1 0.77421875 0.06328125 0.0265625 0.021875
1 0.565625 0.06328125 0.025 0.01875
1 0.4703125 0.0640625 0.0234375 0.0203125
1 0.25625 0.06328125 0.0265625 0.021875
1 0.04921875 0.0625 0.025 0.01875
1 0.04921875 0.23828125 0.0265625 0.0203125
1 0.25625 0.2375 0.025 0.021875
1 0.46953125 0.23984375 0.025 0.0203125
1 0.565625 0.23828125 0.025 0.0203125
1 0.7734375 0.23828125 0.025 0.01875
1 0.9859375 0.2375 0.021875 0.01875
1 0.9875 0.4265625 0.025 0.01875
1 0.9875 0.5984375 0.025 0.021875
1 0.71875 0.59765625 0.025 0.01875
1 0.71953125 0.4265625 0.025 0.021875
1 0.565625 0.4265625 0.021875 0.0203125
1 0.46953125 0.42734375 0.025 0.0203125
1 0.203125 0.4265625 0.028125 0.01875
1 0.0484375 0.4265625 0.025 0.01875
1 0.04765625 0.59765625 0.0234375 0.01875
1 0.20078125 0.59609375 0.025 0.021875
1 0.46953125 0.5984375 0.025 0.021875
1 0.56328125 0.59765625 0.025 0.021875
2 0.15703125 0.42265625 0.084375 0.0125
2 0.203125 0.51171875 0.0265625 0.1640625
2 0.2046875 0.625 0.021875 0.04375
2 0.12578125 0.6421875 0.184375 0.0140625
2 0.04609375 0.62421875 0.0203125 0.046875
2 0.04921875 0.5109375 0.0296875 0.1625
2 0.04921875 0.33125 0.03125 0.18125
2 0.12265625 0.2421875 0.14375 0.0125
2 0.0484375 0.1515625 0.028125 0.16875
2 0.084375 0.0609375 0.0609375 0.01875
2 0.228125 0.0609375 0.053125 0.0171875
2 0.2609375 0.14921875 0.0234375 0.1671875
2 0.2875 0.06171875 0.05625 0.0171875
2 0.43359375 0.0625 0.0671875 0.01875
2 0.46953125 0.15078125 0.0296875 0.165625
2 0.3921875 0.2421875 0.153125 0.0125
2 0.32734375 0.25859375 0.0234375 0.046875
2 0.46875 0.3328125 0.028125 0.18125
2 0.4 0.3140625 0.171875 0.0140625
2 0.328125 0.39140625 0.021875 0.075
2 0.36796875 0.42265625 0.209375 0.0171875
2 0.46875 0.51171875 0.028125 0.1625
2 0.4390625 0.59921875 0.053125 0.015625
2 0.2875 0.5984375 0.0453125 0.0171875
2 0.95390625 0.06171875 0.0578125 0.015625
2 0.98671875 0.15078125 0.021875 0.165625
2 0.91015625 0.24296875 0.15 0.0125
2 0.84453125 0.25859375 0.015625 0.04375
2 0.98671875 0.3328125 0.0234375 0.178125
2 0.9171875 0.31484375 0.165625 0.0125
2 0.84375 0.39140625 0.01875 0.0734375
2 0.884375 0.42265625 0.2 0.0125
2 0.98671875 0.51171875 0.025 0.1625
2 0.9578125 0.6 0.0484375 0.015625
2 0.7984375 0.5984375 0.0515625 0.0171875
2 0.7234375 0.62421875 0.01875 0.046875
2 0.640625 0.64140625 0.184375 0.0125
2 0.559375 0.6234375 0.021875 0.046875
2 0.5640625 0.5125 0.0265625 0.1625
2 0.6765625 0.42265625 0.084375 0.0125
2 0.71875 0.51171875 0.028125 0.1625
2 0.565625 0.33203125 0.025 0.18125
2 0.63984375 0.2421875 0.1421875 0.0125
2 0.565625 0.15078125 0.0265625 0.1671875
2 0.5984375 0.06171875 0.05625 0.0171875
2 0.7421875 0.06171875 0.05625 0.015625
2 0.775 0.15078125 0.025 0.1671875
2 0.80546875 0.0609375 0.0625 0.015625
0 0.25546875 0.35078125 0.4859375 0.6140625
0 0.7671875 0.35078125 0.465625 0.615625