1 0.0421875 0.0328125 0.021875 0.021875
1 0.040625 0.24765625 0.021875 0.0265625
1 0.040625 0.45859375 0.01875 0.025
1 0.04140625 0.5546875 0.0203125 0.0234375
1 0.040625 0.7703125 0.021875 0.028125
1 0.03984375 0.98046875 0.0203125 0.025
1 0.21796875 0.98046875 0.021875 0.0265625
1 0.2171875 0.77109375 0.021875 0.025
1 0.21953125 0.5546875 0.0203125 0.025
1 0.21796875 0.4578125 0.0203125 0.025
1 0.21796875 0.2484375 0.01875 0.025
1 0.2171875 0.0328125 0.01875 0.021875
1 0.40859375 0.03203125 0.01875 0.025
1 0.5828125 0.03203125 0.021875 0.025
1 0.58203125 0.303125 0.01875 0.025
1 0.409375 0.30234375 0.021875 0.025
1 0.40859375 0.4578125 0.021875 0.021875
1 0.409375 0.55546875 0.0203125 0.025
1 0.40859375 0.825 0.01875 0.028125
1 0.40859375 0.98125 0.0203125 0.025
1 0.58203125 0.98203125 0.01875 0.0234375
1 0.58046875 0.8265625 0.0234375 0.025
1 0.58359375 0.55546875 0.021875 0.025
1 0.58203125 0.4609375 0.021875 0.025
2 0.4046875 0.87109375 0.0140625 0.0859375
2 0.49453125 0.825 0.165625 0.028125
2 0.61015625 0.82265625 0.0453125 0.021875
2 0.62734375 0.90234375 0.0140625 0.1875
2 0.609375 0.98359375 0.046875 0.021875
2 0.49453125 0.98046875 0.165625 0.0296875
2 0.3125 0.98046875 0.184375 0.03125
2 0.22265625 0.90625 0.0125 0.146875
2 0.1296875 0.98046875 0.171875 0.028125
2 0.03828125 0.94453125 0.01875 0.0625
2 0.03828125 0.79921875 0.01875 0.053125
2 0.128125 0.765625 0.16875 0.025
2 0.0390625 0.7390625 0.0171875 0.05625
2 0.03984375 0.59140625 0.01875 0.06875
2 0.12890625 0.55546875 0.16875 0.03125
2 0.22265625 0.63359375 0.0140625 0.1546875
2 0.23828125 0.6984375 0.046875 0.0234375
2 0.3140625 0.55625 0.184375 0.028125
2 0.2953125 0.62578125 0.0140625 0.1734375
2 0.37265625 0.69765625 0.075 0.021875
2 0.40546875 0.65859375 0.0171875 0.2109375
2 0.4953125 0.55546875 0.165625 0.028125
2 0.58359375 0.58671875 0.015625 0.053125
2 0.5828125 0.73984375 0.01875 0.046875
2 0.0390625 0.065625 0.0171875 0.059375
2 0.1296875 0.03203125 0.16875 0.021875
2 0.22265625 0.11015625 0.0125 0.15
2 0.2390625 0.1765625 0.04375 0.015625
2 0.3140625 0.0328125 0.18125 0.025
2 0.2953125 0.103125 0.0125 0.1671875
2 0.3734375 0.1765625 0.075 0.01875
2 0.4046875 0.1359375 0.0125 0.203125
2 0.4953125 0.0328125 0.1640625 0.025
2 0.584375 0.06171875 0.015625 0.05
2 0.58359375 0.22265625 0.0171875 0.053125
2 0.609375 0.29921875 0.046875 0.01875
2 0.6265625 0.38203125 0.0125 0.1875
2 0.60859375 0.4640625 0.046875 0.021875
2 0.49609375 0.46015625 0.1640625 0.0265625
2 0.4046875 0.34609375 0.0125 0.084375
2 0.4953125 0.303125 0.1640625 0.028125
2 0.3125 0.4578125 0.1828125 0.025
2 0.221875 0.38359375 0.0125 0.14375
2 0.1296875 0.45859375 0.16875 0.028125
2 0.0390625 0.425 0.0171875 0.0578125
2 0.0390625 0.2796875 0.0171875 0.05625
2 0.12890625 0.246875 0.16875 0.025
2 0.03828125 0.215625 0.0171875 0.0640625
0 0.33125 0.76171875 0.621875 0.4765625
0 0.3328125 0.25078125 0.6234375 0.48125