1 0.06015625 0.04765625 0.01875 0.0203125
1 0.059375 0.2453125 0.01953125 0.02421875
1 0.059375 0.4390625 0.0171875 0.02421875
1 0.059375 0.52734375 0.01875 0.021875
1 0.05859375 0.7265625 0.02109375 0.025
1 0.05859375 0.91953125 0.01796875 0.0234375
1 0.22265625 0.91953125 0.01875 0.02421875
1 0.221875 0.7265625 0.01953125 0.021875
1 0.2234375 0.528125 0.01875 0.0234375
1 0.221875 0.4390625 0.01875 0.02265625
1 0.221875 0.24609375 0.01796875 0.0234375
1 0.221875 0.04765625 0.01796875 0.02109375
1 0.39765625 0.046875 0.01796875 0.0234375
1 0.5578125 0.046875 0.01953125 0.02265625
1 0.55703125 0.29609375 0.01796875 0.0234375
1 0.39765625 0.29609375 0.01953125 0.02265625
1 0.39765625 0.4390625 0.01953125 0.0203125
1 0.3984375 0.52890625 0.01875 0.0234375
1 0.39765625 0.7765625 0.01796875 0.025
1 0.39765625 0.9203125 0.01796875 0.0234375
1 0.55703125 0.92109375 0.01796875 0.021875
1 0.55546875 0.778125 0.02109375 0.02265625
1 0.5578125 0.528125 0.01953125 0.0234375
1 0.55703125 0.44140625 0.01953125 0.0234375
2 0.39453125 0.81875 0.01171875 0.07890625
2 0.4765625 0.7765625 0.153125 0.025
2 0.5828125 0.77421875 0.0421875 0.01953125
2 0.5984375 0.84765625 0.0125 0.17265625
2 0.58203125 0.92265625 0.04375 0.01953125
2 0.4765625 0.91953125 0.1515625 0.02734375
2 0.30859375 0.91953125 0.16875 0.028125
2 0.22578125 0.85078125 0.01171875 0.134375
2 0.140625 0.91953125 0.15703125 0.02578125
2 0.05703125 0.88671875 0.0171875 0.05703125
2 0.05703125 0.753125 0.01640625 0.04921875
2 0.1390625 0.721875 0.15546875 0.021875
2 0.05703125 0.69765625 0.015625 0.0515625
2 0.0578125 0.56171875 0.0171875 0.0625
2 0.140625 0.52890625 0.15546875 0.028125
2 0.22578125 0.6 0.01171875 0.1421875
2 0.240625 0.66015625 0.04375 0.021875
2 0.31015625 0.5296875 0.16875 0.02578125
2 0.29296875 0.59296875 0.0125 0.159375
2 0.36484375 0.659375 0.06953125 0.0203125
2 0.39453125 0.6234375 0.01640625 0.19453125
2 0.4765625 0.52890625 0.15234375 0.02578125
2 0.55859375 0.55703125 0.015625 0.04921875
2 0.5578125 0.69765625 0.01640625 0.0421875
2 0.0578125 0.07734375 0.01484375 0.05390625
2 0.140625 0.046875 0.1546875 0.0203125
2 0.2265625 0.11875 0.01171875 0.1390625
2 0.24140625 0.1796875 0.04140625 0.01484375
2 0.31015625 0.04765625 0.16640625 0.021875
2 0.29296875 0.1125 0.01171875 0.15390625
2 0.36484375 0.1796875 0.06875 0.0171875
2 0.39375 0.14296875 0.0109375 0.1859375
2 0.47734375 0.04765625 0.15078125 0.02265625
2 0.559375 0.07421875 0.0140625 0.0453125
2 0.5578125 0.22265625 0.015625 0.04765625
2 0.58203125 0.2921875 0.04375 0.0171875
2 0.59765625 0.36953125 0.01171875 0.17265625
2 0.58125 0.44453125 0.04296875 0.0203125
2 0.478125 0.440625 0.15078125 0.02421875
2 0.39453125 0.3359375 0.0109375 0.078125
2 0.47734375 0.296875 0.1515625 0.02578125
2 0.309375 0.4390625 0.16796875 0.0234375
2 0.22578125 0.3703125 0.0109375 0.13203125
2 0.140625 0.4390625 0.15625 0.025
2 0.0578125 0.40859375 0.015625 0.053125
2 0.05703125 0.27421875 0.01484375 0.0515625
2 0.140625 0.24453125 0.15546875 0.0234375
2 0.05703125 0.21640625 0.015625 0.059375
0 0.32734375 0.72734375 0.57265625 0.45234375
0 0.32734375 0.2484375 0.5734375 0.4421875