1 0.0140625 0.021875 0.028125 0.04375
1 0.01484375 0.4546875 0.028125 0.04375
1 0.01328125 0.88515625 0.0265625 0.04375
1 0.28515625 0.884375 0.03125 0.0421875
1 0.5359375 0.88515625 0.034375 0.04375
1 0.7296875 0.9734375 0.034375 0.0390625
1 0.73046875 0.4578125 0.03125 0.040625
1 0.7296875 0.01953125 0.034375 0.0390625
1 0.534375 0.01953125 0.03125 0.0390625
1 0.28515625 0.021875 0.03125 0.04375
1 0.2875 0.45625 0.0375 0.040625
1 0.534375 0.45546875 0.03125 0.04375
2 0.0078125 0.178125 0.015625 0.3
2 0.0078125 0.5171875 0.015625 0.1
2 0.0078125 0.7515625 0.015625 0.246875
2 0.08203125 0.70234375 0.1453125 0.0296875
2 0.14609375 0.74296875 0.015625 0.071875
2 0.11875 0.884375 0.096875 0.040625
2 0.11328125 0.5796875 0.0140625 0.24375
2 0.0359375 0.4515625 0.03125 0.025
2 0.18359375 0.45234375 0.184375 0.028125
2 0.259375 0.884375 0.0359375 0.040625
2 0.37578125 0.8859375 0.1625 0.0421875
2 0.5140625 0.88515625 0.01875 0.034375
2 0.609375 0.8859375 0.13125 0.034375
2 0.66328125 0.56640625 0.01875 0.228125
2 0.63125 0.45625 0.178125 0.0359375
2 0.3828125 0.45234375 0.0625 0.03125
2 0.365625 0.665625 0.015625 0.425
2 0.06171875 0.01875 0.084375 0.0375
2 0.228125 0.0203125 0.096875 0.034375
2 0.28671875 0.18359375 0.01875 0.3046875
2 0.32265625 0.1078125 0.0671875 0.040625
2 0.4328125 0.10859375 0.04375 0.040625
2 0.51953125 0.10859375 0.0265625 0.03125
2 0.52578125 0.06640625 0.01875 0.1328125
2 0.63203125 0.0203125 0.175 0.040625
2 0.734375 0.096875 0.021875 0.140625
2 0.73359375 0.30234375 0.0203125 0.0765625
2 0.67265625 0.28984375 0.1125 0.0375
0 0.38203125 0.5 0.7640625 1