1 0.07890625 0.03671875 0.04140625 0.03046875
1 0.46875 0.03671875 0.03828125 0.0328125
1 0.8546875 0.0359375 0.03984375 0.0296875
1 0.853125 0.2828125 0.0390625 0.02890625
1 0.85390625 0.50859375 0.03828125 0.03046875
1 0.93359375 0.6828125 0.03515625 0.03046875
1 0.47109375 0.68359375 0.03671875 0.02890625
1 0.078125 0.6828125 0.03828125 0.0296875
1 0.078125 0.50703125 0.03671875 0.028125
1 0.08046875 0.28359375 0.0421875 0.02734375
1 0.46953125 0.284375 0.03671875 0.0328125
1 0.46875 0.50703125 0.03828125 0.02734375
2 0.22109375 0.03125 0.26953125 0.0171875
2 0.525 0.03125 0.090625 0.01796875
2 0.7359375 0.03203125 0.22109375 0.01796875
2 0.68984375 0.1 0.0265625 0.13125
2 0.7265625 0.1578125 0.0640625 0.01328125
2 0.853125 0.1328125 0.03671875 0.08671875
2 0.58046875 0.128125 0.21796875 0.0125
2 0.465625 0.05859375 0.021875 0.02734375
2 0.465625 0.19140625 0.02421875 0.16640625
2 0.853125 0.26015625 0.03671875 0.0328125
2 0.8546875 0.3640625 0.0375 0.14609375
2 0.8546875 0.4890625 0.03046875 0.01796875
2 0.8546875 0.57421875 0.03125 0.1171875
2 0.56796875 0.62265625 0.2046875 0.0171875
2 0.46953125 0.59453125 0.03203125 0.16015625
2 0.46640625 0.37109375 0.02734375 0.05703125
2 0.65703125 0.35546875 0.38125 0.01484375
2 0.07734375 0.08125 0.034375 0.075
2 0.07890625 0.23125 0.03125 0.08671875
2 0.225 0.284375 0.27265625 0.01640625
2 0.1578125 0.31640625 0.03671875 0.06015625
2 0.1578125 0.415625 0.03671875 0.040625
2 0.1578125 0.49375 0.02890625 0.02421875
2 0.10546875 0.5 0.15078125 0.0171875
2 0.07890625 0.5953125 0.03515625 0.1578125
2 0.146875 0.6875 0.1265625 0.01953125
2 0.33203125 0.68671875 0.06875 0.01796875
2 0.3203125 0.63125 0.034375 0.10078125
0 0.4984375 0.3609375 0.92734375 0.70546875