1 0.9734375 0.93984375 0.03125 0.0421875
1 0.9734375 0.5375 0.034375 0.0390625
1 0.9734375 0.13828125 0.03125 0.040625
1 0.71875 0.13984375 0.0296875 0.040625
1 0.4859375 0.1390625 0.03125 0.040625
1 0.30546875 0.05703125 0.03125 0.0375
1 0.30546875 0.53515625 0.0296875 0.0375
1 0.30546875 0.94140625 0.03125 0.0390625
1 0.48671875 0.94140625 0.028125 0.0375
1 0.71796875 0.9390625 0.028125 0.04375
1 0.7171875 0.53671875 0.034375 0.0375
1 0.4875 0.5375 0.028125 0.040625
2 0.978125 0.79296875 0.01875 0.278125
2 0.978125 0.47890625 0.01875 0.09375
2 0.97734375 0.2609375 0.01875 0.228125
2 0.9078125 0.30859375 0.134375 0.028125
2 0.84765625 0.2703125 0.0125 0.065625
2 0.8734375 0.13984375 0.090625 0.0375
2 0.878125 0.421875 0.0125 0.225
2 0.95 0.540625 0.028125 0.021875
2 0.81328125 0.540625 0.171875 0.025
2 0.74296875 0.13984375 0.034375 0.0375
2 0.63515625 0.13828125 0.15 0.0390625
2 0.50625 0.13828125 0.01875 0.03125
2 0.41796875 0.13828125 0.121875 0.03125
2 0.36796875 0.434375 0.0171875 0.2125
2 0.39765625 0.5359375 0.165625 0.034375
2 0.628125 0.53984375 0.059375 0.028125
2 0.64375 0.3421875 0.015625 0.39375
2 0.9265625 0.9421875 0.078125 0.0359375
2 0.771875 0.940625 0.090625 0.0328125
2 0.7171875 0.78984375 0.0171875 0.28125
2 0.68359375 0.859375 0.0625 0.0375
2 0.58203125 0.859375 0.040625 0.0375
2 0.50078125 0.859375 0.025 0.0296875
2 0.4953125 0.91328125 0.01875 0.15625
2 0.396875 0.940625 0.1625 0.0375
2 0.3015625 0.86953125 0.0203125 0.13125
2 0.30234375 0.67890625 0.01875 0.071875
2 0.359375 0.690625 0.103125 0.0359375
0 0.63671875 0.5078125 0.725 0.959375