1 0.8828125 0.97421875 0.0421875 0.03125
1 0.49765625 0.978125 0.05 0.021875
1 0.48984375 0.878125 0.0375 0.025
1 0.884375 0.8796875 0.040625 0.025
1 0.12109375 0.97421875 0.040625 0.0328125
1 0.12421875 0.734375 0.04375 0.0359375
1 0.49765625 0.58984375 0.05 0.0234375
1 0.8859375 0.59296875 0.040625 0.0328125
1 0.4375 0.43125 0.040625 0.03125
1 0.121875 0.4375 0.040625 0.0328125
1 0.1296875 0.18984375 0.05 0.021875
1 0.43125 0.1890625 0.046875 0.025
1 0.88515625 0.19375 0.0390625 0.0328125
1 0.88671875 0.0171875 0.034375 0.034375
1 0.4328125 0.01484375 0.05 0.025
1 0.125 0.01796875 0.040625 0.03125
2 0.11484375 0.85625 0.025 0.21875
2 0.30546875 0.98203125 0.35 0.0171875
2 0.69453125 0.9828125 0.3640625 0.015625
2 0.8921875 0.92421875 0.0234375 0.08125
2 0.615625 0.9296875 0.025 0.121875
2 0.78828125 0.87578125 0.171875 0.015625
2 0.8921875 0.7390625 0.025 0.2734375
2 0.69296875 0.5859375 0.3625 0.015625
2 0.8921875 0.39375 0.025 0.38125
2 0.85625 0.1859375 0.040625 0.015625
2 0.653125 0.1859375 0.0671875 0.0140625
2 0.8921875 0.10625 0.0234375 0.1578125
2 0.8078125 0.01015625 0.1390625 0.0171875
2 0.47890625 0.0140625 0.0625 0.025
2 0.27421875 0.0140625 0.290625 0.0265625
2 0.121875 0.10703125 0.0375 0.1578125
2 0.2015625 0.18984375 0.11875 0.0234375
2 0.46875 0.1859375 0.04375 0.015625
2 0.44296875 0.309375 0.028125 0.228125
2 0.46953125 0.43828125 0.053125 0.015625
2 0.29921875 0.48359375 0.025 0.103125
2 0.4828125 0.55546875 0.025 0.05625
2 0.3203125 0.54140625 0.025 0.0390625
2 0.21875 0.52890625 0.2265625 0.0140625
2 0.1640625 0.43828125 0.0703125 0.015625
2 0.115625 0.58828125 0.0265625 0.2796875
2 0.3203125 0.71015625 0.0203125 0.0515625
2 0.240625 0.72890625 0.2234375 0.015625
2 0.2171875 0.62265625 0.2296875 0.015625
2 0.4859375 0.77109375 0.028125 0.20625
2 0.6 0.87578125 0.05625 0.015625
2 0.11640625 0.31015625 0.0265625 0.2375
0 0.50703125 0.5 0.853125 1