1 0.11015625 0.0046875 0.04375 0.009375
1 0.52265625 0.09296875 0.0390625 0.025
1 0.1078125 0.09140625 0.0421875 0.025
1 0.9125 0.0046875 0.04375 0.009375
1 0.9078125 0.24453125 0.0453125 0.0375
1 0.51484375 0.396875 0.053125 0.025
1 0.10625 0.39375 0.0421875 0.034375
1 0.578125 0.5640625 0.0421875 0.03125
1 0.91015625 0.55703125 0.0421875 0.034375
1 0.9015625 0.81796875 0.053125 0.0234375
1 0.584375 0.81875 0.05 0.025
1 0.10703125 0.8140625 0.040625 0.034375
1 0.10625 0.990625 0.0375 0.01875
1 0.58359375 0.99453125 0.05 0.009375
1 0.9078125 0.990625 0.04375 0.01875
2 0.9171875 0.11640625 0.025 0.23125
2 0.09921875 0.04453125 0.025 0.0859375
2 0.39140625 0.0515625 0.025 0.103125
2 0.209375 0.0953125 0.18125 0.015625
2 0.1 0.23984375 0.025 0.2875
2 0.309375 0.40078125 0.38125 0.015625
2 0.09921875 0.603125 0.0265625 0.403125
2 0.1375 0.821875 0.04375 0.015625
2 0.35078125 0.82265625 0.0703125 0.015625
2 0.1 0.90625 0.025 0.165625
2 0.53515625 0.99453125 0.065625 0.009375
2 0.75 0.99375 0.30625 0.0125
2 0.91015625 0.90546875 0.0375 0.165625
2 0.8265625 0.81796875 0.125 0.025
2 0.5453125 0.82265625 0.046875 0.015625
2 0.57265625 0.69296875 0.03125 0.2390625
2 0.54375 0.55625 0.0546875 0.0171875
2 0.7234375 0.50859375 0.028125 0.1078125
2 0.5296875 0.4328125 0.025 0.059375
2 0.7015625 0.4484375 0.025 0.040625
2 0.80859375 0.4609375 0.2375 0.015625
2 0.865625 0.55625 0.075 0.015625
2 0.9171875 0.3984375 0.028125 0.29375
2 0.7015625 0.26953125 0.021875 0.053125
2 0.78515625 0.25 0.234375 0.015625
2 0.81015625 0.3625 0.240625 0.015625
2 0.52734375 0.20546875 0.0296875 0.215625
2 0.4078125 0.09609375 0.059375 0.015625
2 0.915625 0.690625 0.028125 0.25
0 0.5046875 0.5 0.8984375 1