1 0.05703125 0.1015625 0.028125 0.0375
1 0.05546875 0.4296875 0.028125 0.04375
1 0.0515625 0.62421875 0.034375 0.05
1 0.04921875 0.83984375 0.0375 0.04375
1 0.19765625 0.85 0.03125 0.040625
1 0.20234375 0.628125 0.03125 0.04375
1 0.26640625 0.43515625 0.0328125 0.0421875
1 0.2625 0.10078125 0.03125 0.04375
1 0.375 0.1 0.034375 0.0484375
1 0.3765625 0.4328125 0.03125 0.0375
1 0.4390625 0.57734375 0.03125 0.04375
1 0.4359375 0.86015625 0.0296875 0.040625
1 0.603125 0.86328125 0.040625 0.046875
1 0.6078125 0.58125 0.034375 0.046875
1 0.60390625 0.440625 0.03125 0.05
1 0.61015625 0.1 0.0375 0.0484375
1 0.89609375 0.1015625 0.0328125 0.05625
1 0.890625 0.44296875 0.034375 0.04375
1 0.89140625 0.58984375 0.034375 0.053125
1 0.88984375 0.86796875 0.0375 0.05625