1 0.9875 0.92265625 0.025 0.040625
1 0.98828125 0.56875 0.0234375 0.046875
1 0.9890625 0.35859375 0.021875 0.053125
1 0.98984375 0.12734375 0.0203125 0.0453125
1 0.83828125 0.11484375 0.034375 0.04375
1 0.83359375 0.3546875 0.034375 0.046875
1 0.7640625 0.56171875 0.0359375 0.0453125
1 0.76796875 0.92265625 0.0328125 0.046875
1 0.64765625 0.9234375 0.0375 0.0515625
1 0.6453125 0.56484375 0.034375 0.0390625
1 0.57890625 0.409375 0.034375 0.046875
1 0.58203125 0.10390625 0.03125 0.04375
1 0.40234375 0.10078125 0.04375 0.05
1 0.396875 0.4046875 0.0375 0.05
1 0.40078125 0.55546875 0.034375 0.053125
1 0.39453125 0.9234375 0.040625 0.053125
1 0.0859375 0.921875 0.034375 0.0625
1 0.0921875 0.55390625 0.0375 0.046875
1 0.09140625 0.39609375 0.0359375 0.0578125
1 0.09296875 0.0953125 0.040625 0.059375