1 0.88203125 0.0578125 0.03984375 0.03046875
1 0.51484375 0.053125 0.04765625 0.0203125
1 0.5078125 0.1484375 0.03515625 0.0234375
1 0.8828125 0.14765625 0.03828125 0.02265625
1 0.15703125 0.0578125 0.03828125 0.03125
1 0.16015625 0.2859375 0.040625 0.034375
1 0.515625 0.4234375 0.0484375 0.021875
1 0.884375 0.42109375 0.03828125 0.03125
1 0.4578125 0.57421875 0.03828125 0.02890625
1 0.1578125 0.56796875 0.03828125 0.03046875
1 0.165625 0.8046875 0.04765625 0.02109375
1 0.4515625 0.80546875 0.04453125 0.0234375
1 0.88359375 0.80078125 0.0375 0.03125
1 0.88515625 0.96875 0.0328125 0.03203125
1 0.453125 0.97109375 0.046875 0.02265625
1 0.16015625 0.96796875 0.03984375 0.0296875
2 0.15078125 0.16953125 0.0234375 0.209375
2 0.3328125 0.05 0.33359375 0.01640625
2 0.70234375 0.04921875 0.34609375 0.0140625
2 0.890625 0.1046875 0.021875 0.078125
2 0.62734375 0.1 0.02265625 0.11640625
2 0.79140625 0.1515625 0.1640625 0.01484375
2 0.890625 0.28125 0.0234375 0.26015625
2 0.70078125 0.42734375 0.34453125 0.01484375
2 0.890625 0.61015625 0.02421875 0.3640625
2 0.85625 0.8078125 0.0390625 0.01484375
2 0.66328125 0.80859375 0.06328125 0.0140625
2 0.88984375 0.884375 0.021875 0.15
2 0.81015625 0.97578125 0.13203125 0.015625
2 0.496875 0.971875 0.059375 0.0234375
2 0.30234375 0.971875 0.2765625 0.025
2 0.1578125 0.88359375 0.034375 0.15
2 0.23359375 0.80390625 0.1125 0.021875
2 0.4875 0.8078125 0.04296875 0.0140625
2 0.46328125 0.690625 0.028125 0.21640625
2 0.48828125 0.5671875 0.04921875 0.015625
2 0.3265625 0.525 0.02421875 0.09765625
2 0.5015625 0.45625 0.0234375 0.0546875
2 0.34609375 0.46953125 0.0234375 0.0375
2 0.25 0.48125 0.215625 0.01328125
2 0.19765625 0.56796875 0.0671875 0.0140625
2 0.1515625 0.425 0.02578125 0.26640625
2 0.34609375 0.30859375 0.01953125 0.04921875
2 0.2703125 0.29140625 0.2125 0.0140625
2 0.2484375 0.3921875 0.21796875 0.0140625
2 0.50390625 0.25078125 0.0265625 0.19609375
2 0.6125 0.1515625 0.05390625 0.0140625
2 0.15234375 0.68984375 0.025 0.22578125
0 0.52421875 0.51171875 0.8125 0.97578125