1 0.1125 0.0734375 0.0359375 0.0265625
1 0.43046875 0.071875 0.04296875 0.028125
1 0.61875 0.06796875 0.04921875 0.0328125
1 0.828125 0.065625 0.04140625 0.0359375
1 0.83828125 0.209375 0.0390625 0.03046875
1 0.62265625 0.21328125 0.04140625 0.03046875
1 0.4359375 0.27578125 0.040625 0.03203125
1 0.1109375 0.27265625 0.0421875 0.0296875
1 0.1109375 0.38046875 0.046875 0.03359375
1 0.4328125 0.3828125 0.03515625 0.03125
1 0.5734375 0.44296875 0.0421875 0.0296875
1 0.8484375 0.43984375 0.0390625 0.02890625
1 0.85078125 0.6015625 0.0453125 0.03984375
1 0.57734375 0.60625 0.0453125 0.034375
1 0.44140625 0.603125 0.04921875 0.03125
1 0.1109375 0.60859375 0.046875 0.03671875
1 0.1125 0.8859375 0.05546875 0.03125
1 0.44296875 0.88046875 0.04140625 0.03359375
1 0.58515625 0.88125 0.05234375 0.0328125
1 0.85546875 0.8796875 0.0546875 0.0359375