1 0.93203125 0.93984375 0.0328125 0.025
1 0.67265625 0.93984375 0.03125 0.03125
1 0.36796875 0.94140625 0.03125 0.028125
1 0.01328125 0.9421875 0.0265625 0.028125
1 0.0140625 0.6140625 0.028125 0.028125
1 0.36640625 0.6125 0.034375 0.025
1 0.0140625 0.409375 0.028125 0.025
1 0.3171875 0.40625 0.040625 0.0296875
1 0.3171875 0.296875 0.03125 0.028125
1 0.01328125 0.125 0.0265625 0.03125
1 0.3171875 0.12421875 0.0328125 0.03125
1 0.67421875 0.12421875 0.0296875 0.0265625
1 0.6734375 0.296875 0.0296875 0.028125
1 0.93359375 0.29609375 0.028125 0.03125
1 0.9359375 0.125 0.03125 0.028125
1 0.9328125 0.61015625 0.034375 0.0296875
1 0.675 0.60859375 0.034375 0.0359375
2 0.93359375 0.90234375 0.0234375 0.065625
2 0.80234375 0.940625 0.2453125 0.021875
2 0.67265625 0.7765625 0.0234375 0.3171875
2 0.56171875 0.61171875 0.2125 0.0234375
2 0.365625 0.77734375 0.0234375 0.315625
2 0.60625 0.940625 0.1203125 0.021875
2 0.40234375 0.94140625 0.0578125 0.0234375
2 0.30078125 0.94140625 0.1125 0.021875
2 0.07265625 0.94140625 0.1125 0.021875
2 0.0109375 0.87265625 0.021875 0.125
2 0.0109375 0.6609375 0.021875 0.0828125
2 0.14609375 0.61171875 0.2578125 0.021875
2 0.01015625 0.5921875 0.0203125 0.028125
2 0.01015625 0.51015625 0.0203125 0.0578125
2 0.1140625 0.51015625 0.196875 0.0125
2 0.215625 0.4734375 0.015625 0.153125
2 0.08515625 0.40859375 0.1375 0.0234375
2 0.01171875 0.428125 0.0234375 0.028125
2 0.01171875 0.36171875 0.0234375 0.0828125
2 0.0109375 0.171875 0.021875 0.08125
2 0.06171875 0.12421875 0.090625 0.021875
2 0.265625 0.1234375 0.0875 0.021875
2 0.31796875 0.2109375 0.025 0.1609375
2 0.31796875 0.35234375 0.0234375 0.096875
2 0.51328125 0.296875 0.1390625 0.0234375
2 0.725 0.296875 0.0875 0.021875
2 0.67265625 0.2765625 0.0234375 0.0265625
2 0.55546875 0.1234375 0.2234375 0.021875
2 0.88203125 0.29609375 0.0875 0.021875
2 0.93359375 0.33203125 0.021875 0.059375
2 0.93359375 0.46015625 0.021875 0.0671875
2 0.83828125 0.4875 0.175 0.0125
2 0.82421875 0.60859375 0.034375 0.0125
2 0.81484375 0.54765625 0.015625 0.115625
2 0.9328125 0.56953125 0.021875 0.0703125
2 0.9328125 0.69140625 0.021875 0.146875
2 0.6734375 0.3984375 0.025 0.190625
0 0.48203125 0.53359375 0.9640625 0.8796875