1 0.0203125 0.990625 0.028125 0.01875
1 0.02109375 0.7296875 0.03125 0.03125
1 0.0203125 0.41484375 0.028125 0.0328125
1 0.0203125 0.04609375 0.0296875 0.03125
1 0.35859375 0.04609375 0.0296875 0.0359375
1 0.36015625 0.41328125 0.0265625 0.0359375
1 0.5703125 0.04609375 0.025 0.03125
1 0.57265625 0.3625 0.03125 0.0421875
1 0.68515625 0.3625 0.028125 0.03125
1 0.8640625 0.04375 0.03125 0.034375
1 0.8640625 0.3625 0.0328125 0.034375
1 0.86328125 0.73125 0.028125 0.0296875
1 0.68515625 0.73046875 0.0296875 0.03125
1 0.684375 0.99296875 0.03125 0.0140625
1 0.8609375 0.99375 0.028125 0.0125
1 0.3609375 0.990625 0.03125 0.01875
1 0.36328125 0.73203125 0.0375 0.0359375
2 0.059375 0.99375 0.06875 0.0125
2 0.0203125 0.8640625 0.021875 0.253125
2 0.190625 0.7296875 0.328125 0.0234375
2 0.36015625 0.61484375 0.025 0.21875
2 0.18984375 0.4125 0.3265625 0.0234375
2 0.0203125 0.6609375 0.021875 0.1234375
2 0.0203125 0.45078125 0.025 0.059375
2 0.0203125 0.3453125 0.021875 0.1171875
2 0.01953125 0.11015625 0.021875 0.115625
2 0.0921875 0.04453125 0.1296875 0.0234375
2 0.31015625 0.04453125 0.084375 0.025
2 0.36015625 0.1859375 0.021875 0.265625
2 0.38046875 0.04375 0.028125 0.0234375
2 0.465625 0.04375 0.059375 0.025
2 0.465625 0.153125 0.0125 0.203125
2 0.503125 0.2578125 0.1578125 0.015625
2 0.5703125 0.1234375 0.0234375 0.140625
2 0.55 0.04375 0.028125 0.0265625
2 0.61953125 0.04453125 0.0859375 0.0265625
2 0.81484375 0.04375 0.084375 0.025
2 0.86328125 0.0984375 0.021875 0.09375
2 0.8640625 0.309375 0.021875 0.090625
2 0.7734375 0.36328125 0.165625 0.025
2 0.628125 0.36328125 0.1 0.0234375
2 0.68515625 0.565625 0.025 0.14375
2 0.68515625 0.78359375 0.021875 0.090625
2 0.70625 0.7296875 0.028125 0.025
2 0.86484375 0.60859375 0.021875 0.23125
2 0.6859375 0.94609375 0.021875 0.090625
2 0.6484375 0.99375 0.0609375 0.0125
2 0.515625 0.99375 0.06875 0.0125
2 0.48828125 0.9 0.0125 0.18125
2 0.36328125 0.8859375 0.0125 0.0359375
2 0.4265625 0.87578125 0.1203125 0.015625
2 0.40234375 0.99375 0.0734375 0.0125
2 0.2765625 0.99375 0.15 0.0125
2 0.58046875 0.73046875 0.196875 0.025
0 0.44765625 0.5078125 0.8953125 0.984375