1 0.07421875 0.0640625 0.03125 0.02421875
1 0.32265625 0.0640625 0.0296875 0.0296875
1 0.6140625 0.0625 0.03046875 0.0265625
1 0.95625 0.0625 0.02890625 0.02734375
1 0.95546875 0.3765625 0.0328125 0.02734375
1 0.615625 0.37734375 0.0328125 0.025
1 0.95546875 0.57265625 0.0296875 0.0234375
1 0.6625 0.575 0.0390625 0.02890625
1 0.66328125 0.6796875 0.02890625 0.02578125
1 0.95859375 0.8453125 0.03203125 0.02890625
1 0.6625 0.8453125 0.03125 0.03046875
1 0.32109375 0.84453125 0.02734375 0.02578125
1 0.321875 0.67890625 0.02890625 0.02734375
1 0.07265625 0.68046875 0.0265625 0.02890625
1 0.07109375 0.84375 0.0296875 0.02578125
1 0.07421875 0.3796875 0.03203125 0.02890625
1 0.3203125 0.38046875 0.03359375 0.034375
2 0.0734375 0.1 0.021875 0.0625
2 0.1984375 0.06328125 0.234375 0.02109375
2 0.321875 0.2203125 0.021875 0.30390625
2 0.42890625 0.378125 0.203125 0.021875
2 0.61640625 0.21953125 0.021875 0.30234375
2 0.3859375 0.06328125 0.115625 0.02109375
2 0.58125 0.0625 0.05546875 0.02265625
2 0.678125 0.0625 0.10859375 0.0203125
2 0.896875 0.0625 0.1078125 0.02109375
2 0.9578125 0.12890625 0.021875 0.1203125
2 0.9578125 0.33125 0.02265625 0.078125
2 0.8265625 0.378125 0.246875 0.0203125
2 0.9578125 0.396875 0.021875 0.0265625
2 0.95859375 0.47578125 0.02265625 0.0546875
2 0.85703125 0.47578125 0.18828125 0.0125
2 0.759375 0.51015625 0.01484375 0.14609375
2 0.884375 0.57265625 0.13125 0.021875
2 0.9578125 0.55390625 0.025 0.02734375
2 0.9578125 0.61796875 0.02421875 0.0796875
2 0.95859375 0.8 0.0234375 0.07890625
2 0.90703125 0.84453125 0.08671875 0.02109375
2 0.7125 0.8453125 0.084375 0.02109375
2 0.66171875 0.76171875 0.0234375 0.15390625
2 0.6625 0.62578125 0.02109375 0.09296875
2 0.475 0.6796875 0.1328125 0.021875
2 0.27265625 0.6796875 0.084375 0.02109375
2 0.32265625 0.6984375 0.021875 0.02578125
2 0.43515625 0.84609375 0.21328125 0.0203125
2 0.121875 0.6796875 0.084375 0.02109375
2 0.0734375 0.6453125 0.02109375 0.05625
2 0.0734375 0.52265625 0.02109375 0.06484375
2 0.16484375 0.496875 0.1671875 0.0109375
2 0.178125 0.38125 0.03359375 0.0125
2 0.18671875 0.43984375 0.0140625 0.1109375
2 0.07421875 0.41796875 0.021875 0.0671875
2 0.0734375 0.3015625 0.02109375 0.13984375
2 0.321875 0.58203125 0.0234375 0.1828125
0 0.515625 0.4546875 0.9390625 0.8421875