1 0.19921875 0.17578125 0.03125 0.0515625
1 0.19921875 0.52734375 0.034375 0.0546875
1 0.1921875 0.88671875 0.03125 0.0625
1 0.33671875 0.178125 0.03125 0.05625
1 0.3953125 0.5203125 0.034375 0.059375
1 0.3921875 0.88671875 0.03125 0.0578125
1 0.5609375 0.18046875 0.021875 0.053125
1 0.58671875 0.52734375 0.03125 0.046875
1 0.58828125 0.8875 0.025 0.0453125
1 0.64921875 0.18359375 0.025 0.059375
1 0.79609375 0.17890625 0.0265625 0.0515625
1 0.8 0.525 0.025 0.04375
1 0.8015625 0.8921875 0.03125 0.0515625