1 0.14453125 0.1484375 0.03125 0.0515625
1 0.14375 0.496875 0.034375 0.053125
1 0.13671875 0.8515625 0.03125 0.0625
1 0.28046875 0.15078125 0.03125 0.05625
1 0.33828125 0.48984375 0.034375 0.059375
1 0.334375 0.8515625 0.03125 0.059375
1 0.5015625 0.15390625 0.021875 0.053125
1 0.52734375 0.49609375 0.03125 0.046875
1 0.528125 0.85234375 0.025 0.04375
1 0.5890625 0.15625 0.025 0.0578125
1 0.734375 0.1515625 0.0265625 0.0515625
1 0.73828125 0.49375 0.025 0.0421875
1 0.73984375 0.85703125 0.03125 0.0515625