1 0.16875 0.18671875 0.0484375 0.0296875
1 0.4984375 0.18671875 0.0515625 0.03203125
1 0.834375 0.1796875 0.05859375 0.02890625
1 0.17109375 0.315625 0.053125 0.02890625
1 0.49140625 0.37109375 0.05546875 0.03125
1 0.834375 0.3671875 0.05546875 0.02890625
1 0.1734375 0.52578125 0.05 0.021875
1 0.49765625 0.55 0.04453125 0.02890625
1 0.83515625 0.55078125 0.0421875 0.02421875
1 0.17578125 0.60859375 0.0546875 0.02421875
1 0.17109375 0.746875 0.0484375 0.025
1 0.4953125 0.75 0.03984375 0.02421875
1 0.8390625 0.7515625 0.0484375 0.02890625