1 0.12890625 0.05078125 0.04453125 0.0296875
1 0.403125 0.0484375 0.04609375 0.0296875
1 0.571875 0.0484375 0.0390625 0.034375
1 0.84296875 0.040625 0.0453125 0.03125
1 0.1296875 0.271875 0.040625 0.0296875
1 0.40390625 0.26796875 0.04140625 0.0296875
1 0.58515625 0.26484375 0.0453125 0.03515625
1 0.8578125 0.26171875 0.0453125 0.03515625
1 0.13046875 0.4140625 0.046875 0.025
1 0.40390625 0.4109375 0.05234375 0.02734375
1 0.6828125 0.44765625 0.040625 0.03046875
1 0.86015625 0.4484375 0.0484375 0.02734375
1 0.41328125 0.64609375 0.03984375 0.02578125
1 0.12734375 0.64765625 0.03828125 0.0296875
1 0.68984375 0.69609375 0.0359375 0.02734375
1 0.87734375 0.69140625 0.03984375 0.0328125
1 0.88671875 0.9 0.040625 0.0265625
1 0.7015625 0.90078125 0.040625 0.02734375
1 0.4125 0.90234375 0.05078125 0.034375
1 0.121875 0.90625 0.04375 0.03515625