1 0.9546875 0.875 0.0296875 0.04375
1 0.95625 0.59765625 0.0296875 0.046875
1 0.95703125 0.42734375 0.034375 0.040625
1 0.96484375 0.153125 0.03125 0.0453125
1 0.73125 0.87421875 0.0296875 0.040625
1 0.734375 0.59765625 0.03125 0.0421875
1 0.7375 0.4140625 0.034375 0.0453125
1 0.74140625 0.13828125 0.034375 0.046875
1 0.5875 0.87421875 0.025 0.046875
1 0.58984375 0.59765625 0.028125 0.053125
1 0.55390625 0.31484375 0.03125 0.040625
1 0.55234375 0.13515625 0.028125 0.05
1 0.353125 0.5875 0.025 0.040625
1 0.35078125 0.8765625 0.0296875 0.0390625
1 0.30234375 0.3078125 0.028125 0.0359375
1 0.30703125 0.11875 0.034375 0.040625
1 0.09609375 0.109375 0.0265625 0.040625
1 0.0953125 0.29609375 0.028125 0.040625
1 0.09375 0.5890625 0.034375 0.0515625
1 0.08984375 0.88203125 0.034375 0.04375