1 0.1203125 0.95703125 0.04375 0.0296875
1 0.39765625 0.95859375 0.046875 0.0296875
1 0.56875 0.95859375 0.040625 0.034375
1 0.84296875 0.9671875 0.0453125 0.03125
1 0.12109375 0.73359375 0.040625 0.0296875
1 0.3984375 0.73671875 0.0421875 0.03125
1 0.58203125 0.73984375 0.0453125 0.034375
1 0.8578125 0.74375 0.046875 0.034375
1 0.121875 0.58984375 0.046875 0.025
1 0.3984375 0.5921875 0.053125 0.028125
1 0.68125 0.55546875 0.040625 0.03125
1 0.86015625 0.5546875 0.05 0.028125
1 0.4078125 0.3546875 0.040625 0.025
1 0.11875 0.353125 0.0390625 0.0296875
1 0.6875 0.30390625 0.0359375 0.028125
1 0.87734375 0.30859375 0.040625 0.034375
1 0.88671875 0.09765625 0.040625 0.0265625
1 0.69921875 0.09765625 0.040625 0.028125
1 0.40703125 0.09609375 0.0515625 0.034375
1 0.1140625 0.0921875 0.04375 0.034375