1 0.89609375 0.0828125 0.025 0.05625
1 0.896875 0.4703125 0.0203125 0.05
1 0.89609375 0.85859375 0.021875 0.05625
1 0.640625 0.86796875 0.034375 0.040625
1 0.6359375 0.496875 0.025 0.059375
1 0.70625 0.47578125 0.028125 0.0375
1 0.70859375 0.07734375 0.0296875 0.0375
1 0.47734375 0.0765625 0.025 0.034375
1 0.47578125 0.35859375 0.021875 0.046875
1 0.353125 0.48828125 0.03125 0.0375
1 0.35390625 0.8640625 0.03125 0.0375
1 0.30078125 0.07578125 0.034375 0.0375
1 0.29609375 0.36328125 0.025 0.05
1 0.12890625 0.08046875 0.0234375 0.0484375
1 0.12890625 0.36015625 0.025 0.0453125
1 0.12734375 0.6765625 0.0203125 0.053125
2 0.89765625 0.665625 0.0125 0.35625
2 0.77109375 0.86796875 0.240625 0.021875
2 0.496875 0.8671875 0.2671875 0.0203125
2 0.803125 0.4828125 0.178125 0.015625
2 0.63359375 0.68515625 0.0078125 0.346875
2 0.896875 0.15234375 0.0140625 0.109375
2 0.89765625 0.40625 0.0125 0.0953125
2 0.80546875 0.07734375 0.175 0.0234375
2 0.5921875 0.0765625 0.2125 0.0234375
2 0.47265625 0.21953125 0.00625 0.259375
2 0.6328125 0.1828125 0.00625 0.19375
2 0.58125 0.3703125 0.1125 0.0109375
2 0.7015625 0.27578125 0.00625 0.234375
2 0.66796875 0.27265625 0.0625 0.0125
2 0.38984375 0.07734375 0.1578125 0.025
2 0.36328125 0.36953125 0.1171875 0.0125
2 0.2953125 0.16875 0.00625 0.1640625
2 0.21328125 0.07734375 0.159375 0.025
2 0.128125 0.221875 0.0140625 0.2546875
2 0.128125 0.51640625 0.0140625 0.2890625
2 0.2703125 0.684375 0.025 0.021875
2 0.34765625 0.60703125 0.009375 0.084375
2 0.346875 0.82890625 0.0078125 0.0609375
2 0.47265625 0.48203125 0.2171875 0.0125
0 0.509375 0.47265625 0.7984375 0.8390625