1 0.11015625 0.875 0.025 0.0546875
1 0.109375 0.49453125 0.0203125 0.0484375
1 0.109375 0.11328125 0.021875 0.053125
1 0.36171875 0.10390625 0.034375 0.040625
1 0.365625 0.46796875 0.0234375 0.05625
1 0.296875 0.4890625 0.028125 0.0375
1 0.29453125 0.88125 0.0296875 0.0375
1 0.521875 0.88203125 0.025 0.0328125
1 0.52421875 0.60390625 0.021875 0.046875
1 0.64453125 0.4765625 0.03125 0.0375
1 0.64375 0.1078125 0.0296875 0.0375
1 0.69609375 0.88203125 0.034375 0.0375
1 0.7 0.6 0.025 0.05
1 0.86484375 0.87734375 0.0234375 0.046875
1 0.865625 0.603125 0.0234375 0.04375
1 0.86640625 0.29140625 0.0203125 0.053125
2 0.10859375 0.30234375 0.0125 0.35
2 0.23359375 0.10390625 0.2375 0.021875
2 0.503125 0.1046875 0.2625 0.0203125
2 0.2015625 0.48203125 0.175 0.0140625
2 0.36875 0.28359375 0.0078125 0.340625
2 0.109375 0.80625 0.0125 0.10625
2 0.10859375 0.55703125 0.0125 0.09375
2 0.19921875 0.88046875 0.171875 0.0234375
2 0.409375 0.88125 0.209375 0.0234375
2 0.52734375 0.740625 0.00625 0.25625
2 0.36875 0.7765625 0.00625 0.190625
2 0.4203125 0.5921875 0.109375 0.009375
2 0.3015625 0.68515625 0.00625 0.2296875
2 0.334375 0.68828125 0.0625 0.0125
2 0.6078125 0.88046875 0.15625 0.025
2 0.63515625 0.59375 0.115625 0.0125
2 0.7015625 0.790625 0.00625 0.1609375
2 0.78203125 0.88046875 0.15625 0.025
2 0.865625 0.73828125 0.0140625 0.25
2 0.865625 0.44921875 0.0125 0.284375
2 0.7265625 0.284375 0.025 0.021875
2 0.65 0.36015625 0.009375 0.0828125
2 0.65078125 0.1421875 0.0078125 0.059375
2 0.5265625 0.4828125 0.2125 0.0125
0 0.490625 0.49140625 0.7859375 0.825