1 0.11953125 0.1203125 0.0515625 0.02265625
1 0.4765625 0.11953125 0.0453125 0.01875
1 0.834375 0.11953125 0.05078125 0.02109375
1 0.84296875 0.35546875 0.0375 0.03125
1 0.5015625 0.36015625 0.05390625 0.021875
1 0.48203125 0.2953125 0.034375 0.0265625
1 0.1140625 0.29296875 0.034375 0.02734375
1 0.11328125 0.50625 0.03125 0.0234375
1 0.37421875 0.5078125 0.04453125 0.0203125
1 0.49296875 0.62109375 0.03515625 0.0296875
1 0.83984375 0.6203125 0.034375 0.028125
1 0.11328125 0.66875 0.034375 0.03203125
1 0.378125 0.67265625 0.046875 0.02265625
1 0.1171875 0.82734375 0.04453125 0.021875
1 0.375 0.82734375 0.04140625 0.021875
1 0.6671875 0.82890625 0.04921875 0.01875
2 0.65703125 0.11875 0.328125 0.01171875
2 0.84296875 0.2359375 0.0203125 0.22265625
2 0.8421875 0.48828125 0.01875 0.24609375
2 0.48828125 0.20546875 0.01328125 0.1640625
2 0.67421875 0.3625 0.31875 0.0078125
2 0.184375 0.11953125 0.1 0.0125
2 0.41796875 0.11875 0.0875 0.01171875
2 0.11484375 0.20390625 0.021875 0.16171875
2 0.1140625 0.4 0.021875 0.19609375
2 0.24609375 0.5109375 0.23984375 0.00625
2 0.2125 0.3625 0.17890625 0.00546875
2 0.38515625 0.4109375 0.01015625 0.10234375
2 0.29765625 0.29921875 0.215625 0.00625
2 0.29453125 0.33046875 0.01171875 0.05859375
2 0.11484375 0.58671875 0.0234375 0.1453125
2 0.38359375 0.61171875 0.0109375 0.10859375
2 0.1984375 0.67421875 0.15078125 0.00703125
2 0.11484375 0.74921875 0.0234375 0.146875
2 0.24765625 0.828125 0.234375 0.01328125
2 0.51953125 0.828125 0.265625 0.0125
2 0.6734375 0.69765625 0.0203125 0.02265625
2 0.603125 0.62578125 0.078125 0.009375
2 0.80703125 0.6265625 0.05625 0.0078125
2 0.4875 0.51015625 0.0125 0.2
0 0.47890625 0.4765625 0.7734375 0.7359375