1 0.0515625 0.03515625 0.0359375 0.0359375
1 0.375 0.03515625 0.034375 0.034375
1 0.61484375 0.0359375 0.0359375 0.0375
1 0.9609375 0.03515625 0.03125 0.0359375
1 0.96171875 0.3109375 0.03125 0.0375
1 0.61328125 0.31328125 0.034375 0.0359375
1 0.3765625 0.3109375 0.034375 0.034375
1 0.0515625 0.309375 0.0328125 0.034375
1 0.05234375 0.534375 0.034375 0.0328125
1 0.359375 0.53359375 0.034375 0.034375
1 0.640625 0.53671875 0.040625 0.0375
1 0.9609375 0.5359375 0.034375 0.0375
1 0.6375 0.8375 0.03125 0.028125
1 0.35859375 0.8375 0.0375 0.028125
1 0.05078125 0.83828125 0.03125 0.034375
2 0.10546875 0.03671875 0.090625 0.028125
2 0.31796875 0.03515625 0.1 0.028125
2 0.3984375 0.03515625 0.025 0.028125
2 0.4953125 0.03671875 0.071875 0.028125
2 0.59375 0.03671875 0.028125 0.028125
2 0.671875 0.0359375 0.1 0.0296875
2 0.89765625 0.03515625 0.115625 0.028125
2 0.9625 0.0828125 0.028125 0.078125
2 0.9625 0.27265625 0.0265625 0.0609375
2 0.9625 0.35234375 0.0265625 0.0671875
2 0.96328125 0.49765625 0.0265625 0.0625
2 0.8375 0.53515625 0.24375 0.03125
2 0.9625 0.58046875 0.028125 0.078125
2 0.96328125 0.78515625 0.028125 0.090625
2 0.95078125 0.8375 0.0546875 0.028125
2 0.76875 0.83671875 0.0796875 0.03125
2 0.6390625 0.68671875 0.028125 0.2859375
2 0.49765625 0.5359375 0.265625 0.0296875
2 0.36015625 0.6875 0.028125 0.290625
2 0.53671875 0.83671875 0.190625 0.028125
2 0.21796875 0.8375 0.078125 0.03125
2 0.05234375 0.784375 0.028125 0.09375
2 0.0515625 0.58203125 0.028125 0.078125
2 0.16796875 0.53515625 0.21875 0.03125
2 0.0515625 0.496875 0.03125 0.0671875
2 0.05078125 0.35234375 0.028125 0.0671875
2 0.2140625 0.3109375 0.309375 0.0328125
2 0.25859375 0.39140625 0.028125 0.146875
2 0.05078125 0.275 0.0296875 0.0625
2 0.05234375 0.0828125 0.0296875 0.0796875
2 0.7875 0.3109375 0.3359375 0.028125
2 0.7296875 0.39140625 0.028125 0.1515625
2 0.49296875 0.13515625 0.028125 0.184375
2 0.5953125 0.2140625 0.0625 0.028125
2 0.6140625 0.12578125 0.028125 0.165625
2 0.37578125 0.125 0.028125 0.165625
2 0.3953125 0.2140625 0.065625 0.0296875
0 0.50234375 0.4390625 0.9734375 0.878125