1 0.10625 0.92265625 0.034375 0.034375
1 0.41328125 0.92265625 0.0328125 0.034375
1 0.640625 0.921875 0.034375 0.034375
1 0.9703125 0.92265625 0.028125 0.034375
1 0.97109375 0.6609375 0.03125 0.034375
1 0.63984375 0.65859375 0.0328125 0.034375
1 0.415625 0.6609375 0.03125 0.034375
1 0.10625 0.66171875 0.03125 0.03125
1 0.10703125 0.4484375 0.0328125 0.03125
1 0.39921875 0.4484375 0.03125 0.0328125
1 0.665625 0.44609375 0.0375 0.034375
1 0.9703125 0.446875 0.03125 0.034375
1 0.66328125 0.16015625 0.03125 0.028125
1 0.39765625 0.16015625 0.0359375 0.0265625
1 0.10546875 0.16015625 0.0296875 0.03125
2 0.1578125 0.921875 0.0875 0.028125
2 0.359375 0.92265625 0.096875 0.0265625
2 0.4359375 0.92265625 0.025 0.0265625
2 0.52734375 0.921875 0.06875 0.028125
2 0.62109375 0.921875 0.0265625 0.0265625
2 0.6953125 0.921875 0.0953125 0.028125
2 0.909375 0.92265625 0.109375 0.025
2 0.97109375 0.87734375 0.0265625 0.075
2 0.97109375 0.696875 0.025 0.0578125
2 0.97109375 0.62109375 0.025 0.0640625
2 0.971875 0.48359375 0.025 0.059375
2 0.85234375 0.44765625 0.23125 0.03125
2 0.97109375 0.40390625 0.0265625 0.0734375
2 0.971875 0.209375 0.028125 0.0859375
2 0.96015625 0.16015625 0.053125 0.025
2 0.7875 0.1609375 0.075 0.028125
2 0.66484375 0.303125 0.028125 0.271875
2 0.53046875 0.446875 0.253125 0.028125
2 0.39921875 0.30234375 0.028125 0.275
2 0.5671875 0.1609375 0.18125 0.0265625
2 0.26484375 0.16015625 0.075 0.0296875
2 0.10703125 0.2109375 0.0265625 0.0875
2 0.10625 0.403125 0.028125 0.075
2 0.2171875 0.44765625 0.20625 0.0296875
2 0.10625 0.48359375 0.0296875 0.0625
2 0.10546875 0.621875 0.028125 0.0640625
2 0.2609375 0.6609375 0.29375 0.03125
2 0.303125 0.584375 0.0265625 0.140625
2 0.10625 0.6953125 0.028125 0.059375
2 0.10703125 0.878125 0.028125 0.075
2 0.8046875 0.6609375 0.31875 0.028125
2 0.75 0.584375 0.028125 0.14375
2 0.52578125 0.82734375 0.0265625 0.175
2 0.62265625 0.753125 0.059375 0.028125
2 0.640625 0.83671875 0.0265625 0.1578125
2 0.41484375 0.8375 0.0265625 0.1578125
2 0.4328125 0.753125 0.0625 0.028125
0 0.5359375 0.53984375 0.925 0.8390625