1 0.1140625 0.08046875 0.0328125 0.0328125
1 0.41171875 0.08046875 0.03125 0.03203125
1 0.63203125 0.08125 0.0328125 0.03359375
1 0.95078125 0.08046875 0.028125 0.0328125
1 0.9515625 0.334375 0.0296875 0.03359375
1 0.63046875 0.33671875 0.03203125 0.03359375
1 0.41328125 0.334375 0.03046875 0.0328125
1 0.1140625 0.3328125 0.03046875 0.03125
1 0.11484375 0.540625 0.03203125 0.03046875
1 0.39765625 0.53984375 0.03046875 0.03203125
1 0.65546875 0.5421875 0.03671875 0.034375
1 0.95078125 0.54140625 0.03125 0.03359375
1 0.653125 0.81953125 0.0296875 0.0265625
1 0.39609375 0.81953125 0.034375 0.02578125
1 0.11328125 0.81953125 0.02890625 0.03125
2 0.16328125 0.08125 0.08359375 0.0265625
2 0.359375 0.08046875 0.09296875 0.02578125
2 0.43359375 0.08046875 0.0234375 0.02578125
2 0.521875 0.08125 0.06640625 0.0265625
2 0.6125 0.08125 0.02578125 0.02578125
2 0.684375 0.08125 0.0921875 0.02734375
2 0.8921875 0.08046875 0.10703125 0.025
2 0.9515625 0.12421875 0.02578125 0.071875
2 0.95234375 0.29921875 0.025 0.05546875
2 0.9515625 0.37265625 0.02421875 0.06171875
2 0.95234375 0.50625 0.02421875 0.05703125
2 0.83671875 0.54140625 0.22421875 0.02890625
2 0.9515625 0.5828125 0.02578125 0.07109375
2 0.95234375 0.77109375 0.0265625 0.0828125
2 0.94140625 0.81875 0.05078125 0.025
2 0.7734375 0.81875 0.07265625 0.028125
2 0.6546875 0.68046875 0.0265625 0.26328125
2 0.525 0.54140625 0.2453125 0.02734375
2 0.39765625 0.68125 0.0265625 0.2671875
2 0.56015625 0.81875 0.17578125 0.02578125
2 0.2671875 0.81953125 0.071875 0.02890625
2 0.11484375 0.7703125 0.02578125 0.08515625
2 0.1140625 0.584375 0.0265625 0.07265625
2 0.22109375 0.54140625 0.20078125 0.028125
2 0.1140625 0.50546875 0.028125 0.06171875
2 0.11328125 0.37265625 0.0265625 0.06171875
2 0.26328125 0.334375 0.28515625 0.03046875
2 0.3046875 0.40859375 0.02578125 0.1359375
2 0.11328125 0.3015625 0.02734375 0.0578125
2 0.11484375 0.12421875 0.02734375 0.0734375
2 0.790625 0.334375 0.30859375 0.0265625
2 0.7375 0.4078125 0.0265625 0.13984375
2 0.5203125 0.17265625 0.02578125 0.1703125
2 0.6140625 0.2453125 0.05859375 0.02578125
2 0.63125 0.1640625 0.02578125 0.15234375
2 0.4125 0.1625 0.025 0.153125
2 0.4296875 0.2453125 0.06015625 0.02734375
0 0.5296875 0.4515625 0.8953125 0.8125