1 0.934375 0.0375 0.0375 0.046875
1 0.934375 0.36328125 0.040625 0.0375
1 0.934375 0.62578125 0.0375 0.0421875
1 0.93515625 0.95234375 0.040625 0.0375
1 0.62734375 0.9515625 0.034375 0.04375
1 0.625 0.6265625 0.0375 0.046875
1 0.34765625 0.95 0.03125 0.0375
1 0.34609375 0.628125 0.0375 0.0359375
1 0.03828125 0.95 0.0359375 0.0375
1 0.03828125 0.62734375 0.0328125 0.0421875
1 0.03984375 0.3609375 0.03125 0.034375
1 0.34609375 0.3625 0.0375 0.0375
1 0.34609375 0.03828125 0.0375 0.04375
1 0.040625 0.03671875 0.034375 0.0375
1 0.62578125 0.359375 0.0296875 0.0375
1 0.628125 0.0375 0.034375 0.040625
2 0.03671875 0.09375 0.03125 0.1015625
2 0.03828125 0.30625 0.0296875 0.1
2 0.14609375 0.3625 0.2 0.03125
2 0.23046875 0.4859375 0.0328125 0.021875
2 0.1921875 0.03671875 0.296875 0.034375
2 0.34765625 0.2 0.03125 0.3125
2 0.4890625 0.0359375 0.26875 0.03125
2 0.62734375 0.14921875 0.034375 0.2125
2 0.78203125 0.03671875 0.29375 0.0296875
2 0.9359375 0.20078125 0.03125 0.309375
2 0.75546875 0.3625 0.24375 0.03125
2 0.86015625 0.48203125 0.0265625 0.075
2 0.93671875 0.49296875 0.0328125 0.2515625
2 0.75703125 0.621875 0.24375 0.046875
2 0.62421875 0.5390625 0.021875 0.1609375
2 0.6265625 0.840625 0.03125 0.2125
2 0.93515625 0.78828125 0.0328125 0.3078125
2 0.87265625 0.95078125 0.1109375 0.03125
2 0.6890625 0.95078125 0.1109375 0.0328125
2 0.5953125 0.9515625 0.046875 0.0328125
2 0.4796875 0.95078125 0.11875 0.03125
2 0.4515625 0.74453125 0.19375 0.028125
2 0.48671875 0.8453125 0.025 0.1984375
2 0.34609375 0.75078125 0.034375 0.2328125
2 0.3734375 0.95234375 0.0421875 0.0328125
2 0.271875 0.9515625 0.1375 0.0328125
2 0.14609375 0.62734375 0.20625 0.03125
2 0.0375 0.68515625 0.03125 0.1015625
2 0.0375 0.89453125 0.034375 0.096875
2 0.08828125 0.95 0.0890625 0.0359375
0 0.4859375 0.49375 0.971875 0.9875