1 0.940625 0.05390625 0.0359375 0.04375
1 0.940625 0.371875 0.040625 0.0359375
1 0.940625 0.62734375 0.0375 0.040625
1 0.94140625 0.9453125 0.040625 0.0375
1 0.6421875 0.9453125 0.034375 0.04375
1 0.63984375 0.628125 0.0375 0.046875
1 0.3703125 0.94296875 0.03125 0.0375
1 0.36796875 0.6296875 0.0375 0.034375
1 0.06953125 0.94296875 0.034375 0.0359375
1 0.06953125 0.62890625 0.03125 0.040625
1 0.0703125 0.36953125 0.0296875 0.0328125
1 0.36796875 0.3703125 0.0375 0.0375
1 0.36796875 0.0546875 0.0375 0.040625
1 0.07109375 0.053125 0.0328125 0.0359375
1 0.640625 0.36796875 0.028125 0.0359375
1 0.6421875 0.05390625 0.0328125 0.040625
2 0.06796875 0.10859375 0.0296875 0.0984375
2 0.06875 0.315625 0.028125 0.096875
2 0.17421875 0.3703125 0.19375 0.0296875
2 0.25625 0.490625 0.03125 0.021875
2 0.21875 0.053125 0.2875 0.034375
2 0.36953125 0.2125 0.03125 0.30625
2 0.50703125 0.053125 0.2609375 0.0296875
2 0.64140625 0.1625 0.034375 0.20625
2 0.7921875 0.053125 0.2859375 0.028125
2 0.9421875 0.21328125 0.03125 0.303125
2 0.76640625 0.3703125 0.2375 0.03125
2 0.86875 0.4875 0.025 0.0734375
2 0.94296875 0.49765625 0.03125 0.2453125
2 0.76796875 0.62421875 0.2359375 0.0453125
2 0.6390625 0.54296875 0.021875 0.15625
2 0.64140625 0.83671875 0.03125 0.20625
2 0.9421875 0.7859375 0.03125 0.3
2 0.88125 0.94453125 0.1078125 0.0296875
2 0.70234375 0.94453125 0.1078125 0.03125
2 0.6109375 0.94453125 0.046875 0.03125
2 0.4984375 0.94453125 0.115625 0.03125
2 0.47109375 0.74296875 0.1875 0.028125
2 0.5046875 0.84140625 0.025 0.19375
2 0.36875 0.74921875 0.034375 0.2265625
2 0.3953125 0.9453125 0.040625 0.0328125
2 0.29609375 0.94453125 0.134375 0.0328125
2 0.1734375 0.62890625 0.2015625 0.03125
2 0.06796875 0.68515625 0.03125 0.1
2 0.06796875 0.8890625 0.034375 0.0953125
2 0.11796875 0.94375 0.0875 0.034375
0 0.5046875 0.49765625 0.946875 0.965625