1 0.0734375 0.071875 0.04375 0.03515625
1 0.38125 0.071875 0.03515625 0.03828125
1 0.62890625 0.071875 0.03984375 0.0359375
1 0.93671875 0.07109375 0.0359375 0.03828125
1 0.9359375 0.3609375 0.0421875 0.0328125
1 0.62890625 0.36328125 0.04453125 0.0359375
1 0.934375 0.62421875 0.03671875 0.0296875
1 0.63125 0.6265625 0.034375 0.03515625
1 0.934375 0.915625 0.034375 0.034375
1 0.63046875 0.915625 0.03984375 0.03046875
1 0.37890625 0.91484375 0.03203125 0.02890625
1 0.38046875 0.6265625 0.03671875 0.03515625
1 0.075 0.62578125 0.040625 0.03515625
1 0.07265625 0.91328125 0.03515625 0.03203125
1 0.37734375 0.3625 0.03515625 0.028125
1 0.07421875 0.36015625 0.0390625 0.03203125
2 0.1265625 0.9171875 0.0953125 0.02890625
2 0.3265625 0.915625 0.09375 0.02734375
2 0.38046875 0.8140625 0.02890625 0.18828125
2 0.49609375 0.73515625 0.0203125 0.03125
2 0.07265625 0.77109375 0.03203125 0.27890625
2 0.22734375 0.625 0.2953125 0.0296875
2 0.07265625 0.49140625 0.02890625 0.253125
2 0.17890625 0.36171875 0.20078125 0.0328125
2 0.07265625 0.215625 0.028125 0.27734375
2 0.228125 0.07109375 0.29296875 0.03046875
2 0.38046875 0.240625 0.03046875 0.22890625
2 0.49296875 0.14140625 0.07109375 0.025
2 0.503125 0.06953125 0.2375 0.03046875
2 0.625 0.2390625 0.04375 0.22890625
2 0.546875 0.3640625 0.15234375 0.0203125
2 0.83125 0.36171875 0.20078125 0.0296875
2 0.78203125 0.07109375 0.28984375 0.03046875
2 0.93515625 0.1296875 0.02890625 0.1046875
2 0.93515625 0.303125 0.03046875 0.1046875
2 0.9359375 0.39140625 0.0296875 0.04453125
2 0.93515625 0.5 0.03046875 0.11171875
2 0.740625 0.5265625 0.0265625 0.18203125
2 0.8359375 0.49375 0.1875 0.0234375
2 0.74609375 0.62578125 0.21953125 0.03203125
2 0.93671875 0.6 0.03125 0.03984375
2 0.9359375 0.6953125 0.03125 0.1296875
2 0.6296875 0.8140625 0.02890625 0.1953125
2 0.684375 0.91640625 0.09609375 0.03046875
2 0.88203125 0.91640625 0.0921875 0.0328125
2 0.934375 0.86875 0.03359375 0.08359375
0 0.503125 0.49453125 0.934375 0.915625