1 0.11171875 0.23046875 0.03125 0.028125
1 0.11015625 0.46640625 0.0234375 0.0375
1 0.1109375 0.81640625 0.025 0.0328125
1 0.32421875 0.81953125 0.028125 0.0328125
1 0.33203125 0.6390625 0.03125 0.0328125
1 0.3296875 0.38125 0.028125 0.0328125
1 0.33125 0.228125 0.03125 0.034375
1 0.640625 0.2296875 0.028125 0.03125
1 0.6390625 0.38515625 0.028125 0.028125
1 0.80078125 0.38515625 0.028125 0.028125
1 0.8 0.23046875 0.028125 0.028125
1 0.8015625 0.63828125 0.028125 0.028125
1 0.72578125 0.81875 0.028125 0.028125
1 0.5828125 0.6390625 0.028125 0.0296875
1 0.53828125 0.8203125 0.028125 0.028125
2 0.11015625 0.63984375 0.01875 0.33125
2 0.11015625 0.34609375 0.0203125 0.221875
2 0.14765625 0.22890625 0.05625 0.021875
2 0.29296875 0.2296875 0.059375 0.021875
2 0.3453125 0.22890625 0.015625 0.021875
2 0.32421875 0.30546875 0.0125 0.140625
2 0.38359375 0.3859375 0.084375 0.0125
2 0.41796875 0.3421875 0.01875 0.109375
2 0.5078125 0.22890625 0.246875 0.021875
2 0.55390625 0.38515625 0.1546875 0.021875
2 0.6671875 0.2296875 0.040625 0.021875
2 0.6765625 0.38515625 0.0578125 0.021875
2 0.78359375 0.38515625 0.01875 0.021875
2 0.80234375 0.41953125 0.01875 0.05625
2 0.80234375 0.603125 0.01875 0.05625
2 0.69140625 0.6390625 0.2015625 0.01875
2 0.5875 0.54375 0.0109375 0.1765625
2 0.55078125 0.63359375 0.05 0.0125
2 0.72890625 0.71171875 0.01875 0.0265625
2 0.63203125 0.81875 0.1703125 0.021875
2 0.5328125 0.73125 0.009375 0.0609375
2 0.47265625 0.70625 0.1125 0.009375
2 0.4140625 0.75078125 0.009375 0.121875
2 0.43046875 0.81875 0.196875 0.01875
2 0.321875 0.8046875 0.01875 0.0140625
2 0.32109375 0.70078125 0.0171875 0.1125
2 0.32421875 0.58125 0.0109375 0.096875
2 0.325 0.4671875 0.009375 0.01875
2 0.22265625 0.4578125 0.2125 0.0109375
2 0.18984375 0.81875 0.146875 0.021875
2 0.2546875 0.73203125 0.01875 0.0515625
2 0.15859375 0.7140625 0.0859375 0.0125
2 0.39765625 0.634375 0.1171875 0.0125
0 0.45625 0.5234375 0.7359375 0.6375