1 0.75859375 0.1234375 0.028125 0.03125
1 0.53046875 0.121875 0.0359375 0.02265625
1 0.190625 0.12265625 0.03203125 0.0234375
1 0.18828125 0.328125 0.03046875 0.028125
1 0.3625 0.33671875 0.03203125 0.0296875
1 0.61328125 0.334375 0.03203125 0.0265625
1 0.7609375 0.33515625 0.03203125 0.0296875
1 0.759375 0.63515625 0.0296875 0.02734375
1 0.60859375 0.63359375 0.028125 0.028125
1 0.60859375 0.78984375 0.0265625 0.02734375
1 0.75859375 0.7890625 0.0265625 0.028125
1 0.3640625 0.78984375 0.0265625 0.0265625
1 0.18828125 0.7171875 0.0265625 0.02734375
1 0.3625 0.578125 0.02890625 0.02734375
1 0.1875 0.5359375 0.028125 0.0265625
2 0.3625 0.121875 0.321875 0.01953125
2 0.646875 0.121875 0.215625 0.01953125
2 0.76015625 0.1578125 0.02109375 0.05390625
2 0.76015625 0.2984375 0.021875 0.05859375
2 0.76015625 0.34921875 0.02109375 0.015625
2 0.68671875 0.328125 0.1359375 0.0125
2 0.60859375 0.3859375 0.01171875 0.0828125
2 0.65 0.41953125 0.1046875 0.01796875
2 0.76015625 0.50625 0.02109375 0.2375
2 0.60859375 0.55078125 0.021875 0.14921875
2 0.76015625 0.66015625 0.02109375 0.03984375
2 0.609375 0.66875 0.02265625 0.05546875
2 0.609375 0.7734375 0.02109375 0.01796875
2 0.57578125 0.79140625 0.05390625 0.0171875
2 0.39765625 0.790625 0.05546875 0.0171875
2 0.36328125 0.68359375 0.01875 0.1953125
2 0.4546875 0.58359375 0.17109375 0.0109375
2 0.36796875 0.54765625 0.0125 0.046875
2 0.2921875 0.71953125 0.02578125 0.0171875
2 0.18828125 0.6265625 0.0203125 0.16484375
2 0.27265625 0.53046875 0.059375 0.01015625
2 0.29765625 0.471875 0.009375 0.1078125
2 0.25390625 0.415625 0.11953125 0.009375
2 0.18828125 0.43125 0.01953125 0.190625
2 0.20234375 0.32578125 0.01328125 0.0171875
2 0.30234375 0.32578125 0.10859375 0.01640625
2 0.41875 0.32890625 0.09375 0.0109375
2 0.5296875 0.32890625 0.0171875 0.009375
2 0.53828125 0.23046875 0.0109375 0.20625
2 0.18828125 0.19921875 0.0203125 0.1421875
2 0.27265625 0.2609375 0.05 0.0171875
2 0.290625 0.16875 0.0109375 0.0828125
2 0.36796875 0.4 0.0125 0.11328125
0 0.47421875 0.45625 0.61796875 0.71171875