1 0.76875 0.10078125 0.0296875 0.0328125
1 0.52421875 0.09921875 0.0375 0.025
1 0.1625 0.1 0.034375 0.025
1 0.159375 0.31953125 0.0328125 0.0296875
1 0.34609375 0.328125 0.034375 0.03125
1 0.6125 0.32578125 0.034375 0.028125
1 0.77109375 0.3265625 0.034375 0.03125
1 0.76875 0.646875 0.03125 0.028125
1 0.60859375 0.6453125 0.0296875 0.0296875
1 0.6078125 0.81171875 0.028125 0.0296875
1 0.76875 0.81171875 0.028125 0.0296875
1 0.346875 0.8125 0.028125 0.028125
1 0.16015625 0.734375 0.028125 0.028125
1 0.34609375 0.58671875 0.03125 0.028125
1 0.15859375 0.54140625 0.0296875 0.028125
2 0.3453125 0.09921875 0.34375 0.0203125
2 0.64921875 0.09921875 0.2296875 0.021875
2 0.76953125 0.1375 0.021875 0.0578125
2 0.76953125 0.2875 0.0234375 0.0625
2 0.76953125 0.3421875 0.021875 0.015625
2 0.69140625 0.31953125 0.14375 0.0125
2 0.6078125 0.38125 0.0125 0.0875
2 0.65234375 0.4171875 0.1125 0.01875
2 0.7703125 0.51015625 0.021875 0.253125
2 0.6078125 0.55703125 0.0234375 0.159375
2 0.76953125 0.67421875 0.021875 0.0421875
2 0.60859375 0.68359375 0.0234375 0.059375
2 0.60859375 0.79453125 0.021875 0.01875
2 0.57265625 0.8140625 0.0578125 0.01875
2 0.3828125 0.81328125 0.059375 0.01875
2 0.34609375 0.6984375 0.0203125 0.209375
2 0.44453125 0.5921875 0.18125 0.0125
2 0.3515625 0.55390625 0.0140625 0.05
2 0.2703125 0.7375 0.028125 0.01875
2 0.16015625 0.6375 0.021875 0.175
2 0.25 0.53515625 0.0625 0.009375
2 0.2765625 0.4734375 0.009375 0.115625
2 0.2296875 0.41328125 0.128125 0.009375
2 0.16015625 0.4296875 0.0203125 0.203125
2 0.17421875 0.3171875 0.0140625 0.01875
2 0.28203125 0.3171875 0.115625 0.0171875
2 0.40546875 0.3203125 0.1 0.0125
2 0.5234375 0.3203125 0.01875 0.009375
2 0.5328125 0.215625 0.0125 0.2203125
2 0.16015625 0.18125 0.021875 0.1515625
2 0.24921875 0.24765625 0.053125 0.01875
2 0.26875 0.14921875 0.0125 0.0875
2 0.35078125 0.39609375 0.0125 0.121875
0 0.46484375 0.45625 0.659375 0.759375