1 0.80625 0.10546875 0.028125 0.028125
1 0.5984375 0.10546875 0.025 0.0265625
1 0.4390625 0.103125 0.034375 0.021875
1 0.196875 0.1046875 0.028125 0.028125
1 0.196875 0.33203125 0.025 0.028125
1 0.43828125 0.34140625 0.034375 0.021875
1 0.59921875 0.3125 0.028125 0.0296875
1 0.80703125 0.3234375 0.0265625 0.0265625
1 0.8078125 0.51328125 0.028125 0.025
1 0.6 0.51328125 0.0265625 0.025
1 0.4421875 0.51328125 0.0265625 0.0234375
1 0.196875 0.5125 0.025 0.0296875
1 0.19609375 0.6046875 0.0265625 0.0265625
1 0.44140625 0.603125 0.0234375 0.021875
1 0.59921875 0.603125 0.0265625 0.021875
1 0.8078125 0.60390625 0.0265625 0.0234375
1 0.80859375 0.78046875 0.0265625 0.025
1 0.5984375 0.78359375 0.03125 0.021875
1 0.43671875 0.78359375 0.0359375 0.0203125
1 0.1984375 0.7828125 0.034375 0.021875
1 0.19921875 0.90625 0.034375 0.0203125
1 0.4390625 0.90703125 0.03125 0.021875
1 0.6015625 0.90703125 0.0296875 0.021875
1 0.8046875 0.90703125 0.034375 0.0234375
2 0.78046875 0.10234375 0.0375 0.0234375
2 0.671875 0.10234375 0.0421875 0.025
2 0.57109375 0.10234375 0.04375 0.025
2 0.48828125 0.103125 0.0828125 0.025
2 0.39765625 0.1015625 0.0625 0.0203125
2 0.240625 0.1015625 0.078125 0.025
2 0.1953125 0.14765625 0.025 0.071875
2 0.196875 0.29140625 0.025 0.0671875
2 0.1953125 0.365625 0.028125 0.053125
2 0.31328125 0.3375 0.23125 0.015625
2 0.44609375 0.453125 0.0203125 0.1125
2 0.31875 0.5171875 0.2375 0.015625
2 0.19609375 0.48515625 0.0234375 0.046875
2 0.19453125 0.5359375 0.0234375 0.03125
2 0.1953125 0.5828125 0.021875 0.0328125
2 0.36015625 0.5765625 0.021875 0.0375
2 0.28671875 0.5984375 0.165625 0.0140625
2 0.4453125 0.6953125 0.015625 0.1703125
2 0.31796875 0.78359375 0.2203125 0.01875
2 0.1953125 0.753125 0.021875 0.05625
2 0.1953125 0.634375 0.0234375 0.04375
2 0.19609375 0.8453125 0.021875 0.115625
2 0.346875 0.90703125 0.1625 0.021875
2 0.6328125 0.78359375 0.053125 0.021875
2 0.5578125 0.7828125 0.06875 0.021875
2 0.7734375 0.7828125 0.05625 0.021875
2 0.80859375 0.7453125 0.028125 0.05625
2 0.80625 0.63671875 0.0265625 0.0546875
2 0.80703125 0.534375 0.025 0.0328125
2 0.8078125 0.5828125 0.021875 0.03125
2 0.70234375 0.5984375 0.1984375 0.0140625
2 0.553125 0.59921875 0.08125 0.015625
2 0.7015625 0.51796875 0.1984375 0.0140625
2 0.66171875 0.53984375 0.015625 0.04375
2 0.5515625 0.51875 0.0828125 0.0140625
2 0.80703125 0.49453125 0.0265625 0.028125
2 0.8078125 0.39296875 0.0265625 0.0359375
2 0.73046875 0.31796875 0.1390625 0.015625
2 0.80859375 0.29609375 0.025 0.0375
2 0.8078125 0.1671875 0.028125 0.1109375
2 0.72734375 0.1828125 0.153125 0.015625
2 0.5953125 0.20859375 0.015625 0.1921875
2 0.52578125 0.1828125 0.1375 0.0125
2 0.4453125 0.1625 0.015625 0.0375
2 0.446875 0.23671875 0.01875 0.09375
2 0.4921875 0.275 0.0953125 0.015625
0 0.5015625 0.50234375 0.690625 0.859375