1 0.19375 0.10546875 0.028125 0.02734375
1 0.4015625 0.10546875 0.02578125 0.0265625
1 0.5609375 0.103125 0.03359375 0.021875
1 0.803125 0.1046875 0.02734375 0.02890625
1 0.803125 0.33203125 0.02578125 0.02734375
1 0.56171875 0.34140625 0.03359375 0.02109375
1 0.40078125 0.3125 0.02734375 0.0296875
1 0.19296875 0.3234375 0.0265625 0.0265625
1 0.1921875 0.51328125 0.028125 0.02421875
1 0.4 0.51328125 0.0265625 0.02421875
1 0.5578125 0.51328125 0.0265625 0.0234375
1 0.803125 0.5125 0.02421875 0.0296875
1 0.80390625 0.6046875 0.0265625 0.0265625
1 0.55859375 0.603125 0.0234375 0.021875
1 0.40078125 0.603125 0.0265625 0.02265625
1 0.1921875 0.60390625 0.0265625 0.0234375
1 0.19140625 0.78046875 0.0265625 0.02578125
1 0.4015625 0.78359375 0.03046875 0.02265625
1 0.56328125 0.78359375 0.0359375 0.0203125
1 0.8015625 0.7828125 0.03359375 0.02109375
1 0.80078125 0.90625 0.034375 0.0203125
1 0.5609375 0.90703125 0.03125 0.02109375
1 0.3984375 0.90703125 0.0296875 0.02109375
1 0.1953125 0.90703125 0.03359375 0.0234375
2 0.21953125 0.10234375 0.0375 0.0234375
2 0.328125 0.10234375 0.0421875 0.02421875
2 0.42890625 0.10234375 0.04296875 0.02421875
2 0.51171875 0.103125 0.0828125 0.02421875
2 0.60234375 0.1015625 0.06171875 0.0203125
2 0.759375 0.1015625 0.07890625 0.02421875
2 0.8046875 0.14765625 0.02421875 0.07265625
2 0.803125 0.29140625 0.02421875 0.0671875
2 0.8046875 0.365625 0.02734375 0.05390625
2 0.68671875 0.3375 0.23046875 0.015625
2 0.55390625 0.453125 0.0203125 0.11328125
2 0.68125 0.5171875 0.23828125 0.01484375
2 0.80390625 0.48515625 0.0234375 0.04609375
2 0.80546875 0.5359375 0.0234375 0.03125
2 0.8046875 0.5828125 0.02265625 0.0328125
2 0.63984375 0.5765625 0.02109375 0.03828125
2 0.71328125 0.5984375 0.16640625 0.0140625
2 0.5546875 0.6953125 0.01640625 0.1703125
2 0.68203125 0.78359375 0.2203125 0.01796875
2 0.8046875 0.753125 0.02265625 0.05546875
2 0.8046875 0.634375 0.0234375 0.04453125
2 0.80390625 0.8453125 0.02265625 0.115625
2 0.653125 0.90703125 0.16171875 0.021875
2 0.3671875 0.78359375 0.053125 0.02265625
2 0.4421875 0.7828125 0.06953125 0.02109375
2 0.2265625 0.7828125 0.05546875 0.02265625
2 0.19140625 0.7453125 0.02734375 0.05703125
2 0.19375 0.63671875 0.0265625 0.0546875
2 0.19296875 0.534375 0.025 0.0328125
2 0.1921875 0.5828125 0.02265625 0.03046875
2 0.29765625 0.5984375 0.1984375 0.0140625
2 0.446875 0.59921875 0.08203125 0.01640625
2 0.2984375 0.51796875 0.1984375 0.0140625
2 0.33828125 0.53984375 0.01640625 0.04296875
2 0.4484375 0.51875 0.0828125 0.0140625
2 0.19296875 0.49453125 0.0265625 0.02734375
2 0.1921875 0.39296875 0.0265625 0.0359375
2 0.26953125 0.31796875 0.1390625 0.015625
2 0.19140625 0.29609375 0.02421875 0.03828125
2 0.1921875 0.1671875 0.028125 0.1109375
2 0.27265625 0.1828125 0.15234375 0.01484375
2 0.4046875 0.20859375 0.01640625 0.1921875
2 0.47421875 0.1828125 0.1375 0.01328125
2 0.5546875 0.1625 0.01640625 0.0375
2 0.553125 0.23671875 0.01796875 0.09375
2 0.5078125 0.275 0.0953125 0.01484375
0 0.4984375 0.50234375 0.690625 0.85859375