1 0.040625 0.825 0.0296875 0.03125
1 0.04140625 0.60078125 0.028125 0.028125
1 0.03828125 0.428125 0.025 0.0375
1 0.040625 0.16640625 0.03125 0.028125
1 0.2859375 0.165625 0.0296875 0.028125
1 0.2953125 0.4265625 0.0234375 0.0375
1 0.26484375 0.6015625 0.03125 0.0296875
1 0.27578125 0.8265625 0.028125 0.028125
1 0.48125 0.8265625 0.025 0.03125
1 0.48125 0.6015625 0.0265625 0.028125
1 0.48125 0.43125 0.025 0.028125
1 0.48046875 0.16640625 0.03125 0.025
1 0.58046875 0.165625 0.028125 0.028125
1 0.57890625 0.43125 0.0234375 0.025
1 0.578125 0.60078125 0.025 0.028125
1 0.57890625 0.8265625 0.025 0.028125
1 0.76953125 0.82734375 0.028125 0.028125
1 0.77265625 0.60078125 0.025 0.0328125
1 0.7734375 0.42578125 0.021875 0.0375
1 0.77265625 0.16796875 0.021875 0.0375
1 0.90625 0.16796875 0.021875 0.0375
1 0.90703125 0.42734375 0.021875 0.034375
1 0.90625 0.603125 0.021875 0.03125
1 0.90625 0.8234375 0.025 0.0359375
2 0.03828125 0.796875 0.025 0.040625
2 0.0375 0.6796875 0.025 0.046875
2 0.0375 0.5703125 0.025 0.046875
2 0.03828125 0.48125 0.025 0.0890625
2 0.0375 0.3828125 0.021875 0.0671875
2 0.03671875 0.21328125 0.025 0.0859375
2 0.08671875 0.1640625 0.078125 0.025
2 0.24140625 0.165625 0.071875 0.025
2 0.321875 0.1640625 0.0578125 0.028125
2 0.29140625 0.29140625 0.0171875 0.25
2 0.41640625 0.4359375 0.121875 0.021875
2 0.4859375 0.29765625 0.015625 0.2578125
2 0.45078125 0.16484375 0.05 0.025
2 0.50546875 0.16328125 0.034375 0.025
2 0.55625 0.16484375 0.0359375 0.025
2 0.55 0.3421875 0.040625 0.021875
2 0.5734375 0.26328125 0.015625 0.1796875
2 0.678125 0.434375 0.184375 0.01875
2 0.7734375 0.296875 0.01875 0.2375
2 0.740625 0.1640625 0.059375 0.025
2 0.6125 0.1640625 0.0484375 0.025
2 0.83984375 0.16484375 0.125 0.025
2 0.90625 0.328125 0.0234375 0.175
2 0.7734375 0.6375 0.025 0.05625
2 0.77265625 0.55625 0.0234375 0.075
2 0.771875 0.78984375 0.025 0.059375
2 0.73203125 0.82734375 0.0625 0.0296875
2 0.6140625 0.825 0.059375 0.028125
2 0.50390625 0.82578125 0.034375 0.0265625
2 0.55625 0.82734375 0.0328125 0.025
2 0.5734375 0.7125 0.015625 0.215625
2 0.57421875 0.55078125 0.0171875 0.0890625
2 0.4859375 0.71171875 0.015625 0.215625
2 0.51015625 0.66875 0.046875 0.01875
2 0.48671875 0.54921875 0.015625 0.090625
2 0.4609375 0.8265625 0.0296875 0.028125
2 0.3515625 0.8265625 0.0390625 0.028125
2 0.2703125 0.74296875 0.0171875 0.15
2 0.24765625 0.82734375 0.040625 0.0265625
2 0.1078125 0.82734375 0.1203125 0.03125
2 0.12421875 0.73984375 0.015625 0.1640625
2 0.15234375 0.596875 0.2078125 0.01875
2 0.12421875 0.521875 0.0140625 0.15
2 0.103125 0.43515625 0.040625 0.01875
2 0.1828125 0.43671875 0.1 0.01875
2 0.22421875 0.48515625 0.015625 0.103125
0 0.46953125 0.4953125 0.928125 0.746875