1 0.01015625 0.053125 0.0203125 0.028125
1 0.3671875 0.05234375 0.028125 0.028125
1 0.55234375 0.053125 0.028125 0.0296875
1 0.915625 0.05390625 0.034375 0.03125
1 0.91640625 0.3671875 0.03125 0.028125
1 0.553125 0.36953125 0.0375 0.0296875
1 0.365625 0.36875 0.03125 0.03125
1 0.01015625 0.365625 0.0203125 0.028125
1 0.0109375 0.60546875 0.021875 0.028125
1 0.36640625 0.6078125 0.034375 0.03125
1 0.55234375 0.60859375 0.0296875 0.03125
1 0.0109375 0.82265625 0.021875 0.0265625
1 0.36796875 0.82265625 0.034375 0.025
1 0.5515625 0.82421875 0.03125 0.03125
1 0.915625 0.82265625 0.034375 0.028125
1 0.91796875 0.609375 0.03125 0.03125
2 0.06953125 0.053125 0.1171875 0.0296875
2 0.303125 0.05390625 0.1125 0.028125
2 0.3890625 0.053125 0.028125 0.0265625
2 0.6171875 0.05390625 0.11875 0.0296875
2 0.55234375 0.2125 0.0296875 0.303125
2 0.49765625 0.37109375 0.09375 0.01875
2 0.36640625 0.21015625 0.028125 0.3046875
2 0.8546875 0.05234375 0.1125 0.028125
2 0.9171875 0.1046875 0.03125 0.09375
2 0.91640625 0.3140625 0.025 0.09375
2 0.78359375 0.3671875 0.259375 0.025
2 0.91796875 0.4453125 0.028125 0.14375
2 0.77109375 0.4796875 0.021875 0.071875
2 0.8421875 0.50546875 0.1421875 0.01875
2 0.8328125 0.60703125 0.15625 0.028125
2 0.9171875 0.71484375 0.0296875 0.20625
2 0.68203125 0.82265625 0.253125 0.028125
2 0.52578125 0.6078125 0.040625 0.028125
2 0.6078125 0.6078125 0.1015625 0.0265625
2 0.64453125 0.71640625 0.034375 0.2
2 0.3953125 0.60703125 0.0375 0.0265625
2 0.18671875 0.60859375 0.35 0.028125
2 0.184375 0.8234375 0.35 0.025
2 0.00859375 0.7140625 0.0171875 0.2
2 0.01015625 0.584375 0.0203125 0.03125
2 0.0078125 0.490625 0.015625 0.075
2 0.17734375 0.45625 0.021875 0.165625
2 0.17578125 0.36796875 0.1890625 0.025
2 0.0921875 0.4875 0.165625 0.021875
2 0.00859375 0.39296875 0.0171875 0.0359375
2 0.009375 0.31328125 0.01875 0.0921875
2 0.009375 0.10234375 0.01875 0.0953125
0 0.478125 0.43515625 0.95625 0.8390625