1 0.05 0.1015625 0.0296875 0.0265625
1 0.38125 0.1 0.0265625 0.0265625
1 0.55078125 0.10078125 0.025 0.02734375
1 0.88359375 0.1015625 0.03125 0.028125
1 0.884375 0.38828125 0.02890625 0.02578125
1 0.5515625 0.38984375 0.03359375 0.02734375
1 0.3796875 0.38984375 0.028125 0.02890625
1 0.04921875 0.38828125 0.0296875 0.02578125
1 0.05 0.60703125 0.0328125 0.02578125
1 0.38046875 0.6078125 0.03046875 0.028125
1 0.55078125 0.60859375 0.02734375 0.02890625
1 0.0515625 0.8046875 0.02890625 0.02421875
1 0.38125 0.8046875 0.03125 0.02421875
1 0.55 0.80625 0.02890625 0.028125
1 0.88359375 0.8046875 0.03203125 0.025
1 0.88515625 0.61015625 0.02890625 0.028125
2 0.10859375 0.10078125 0.10703125 0.02734375
2 0.32265625 0.1015625 0.10234375 0.02578125
2 0.4015625 0.10078125 0.0265625 0.025
2 0.609375 0.1015625 0.1078125 0.02734375
2 0.55 0.246875 0.02734375 0.27734375
2 0.50078125 0.3921875 0.08671875 0.01640625
2 0.38046875 0.24453125 0.0265625 0.27890625
2 0.82734375 0.1 0.103125 0.025
2 0.884375 0.1484375 0.028125 0.0859375
2 0.88359375 0.33984375 0.0234375 0.0859375
2 0.7625 0.38828125 0.2375 0.02421875
2 0.8859375 0.459375 0.02578125 0.13203125
2 0.75078125 0.49140625 0.0203125 0.06640625
2 0.81640625 0.51484375 0.1296875 0.01640625
2 0.80703125 0.6078125 0.14296875 0.0265625
2 0.884375 0.70625 0.02734375 0.18828125
2 0.66953125 0.8046875 0.23125 0.025
2 0.5265625 0.6078125 0.03671875 0.025
2 0.60078125 0.6078125 0.09296875 0.02421875
2 0.63515625 0.70703125 0.03125 0.18203125
2 0.40703125 0.6078125 0.03515625 0.02421875
2 0.215625 0.60859375 0.3203125 0.025
2 0.21328125 0.80546875 0.3203125 0.0234375
2 0.04921875 0.70703125 0.025 0.18359375
2 0.05 0.5875 0.02734375 0.0265625
2 0.0484375 0.5015625 0.0234375 0.06875
2 0.20703125 0.46953125 0.02109375 0.1515625
2 0.20546875 0.3890625 0.17265625 0.02265625
2 0.12890625 0.4984375 0.1515625 0.01875
2 0.04921875 0.4125 0.0234375 0.03359375
2 0.05 0.340625 0.02734375 0.08515625
2 0.05 0.146875 0.025 0.0875
0 0.4703125 0.4515625 0.903125 0.765625