1 0.7890625 0.0515625 0.0453125 0.025
1 0.44765625 0.05234375 0.05 0.028125
1 0.1140625 0.0515625 0.0484375 0.028125
1 0.11328125 0.353125 0.05 0.0265625
1 0.51015625 0.35390625 0.046875 0.025
1 0.946875 0.353125 0.04375 0.0265625
1 0.94609375 0.60234375 0.0453125 0.025
1 0.5109375 0.603125 0.05 0.025
1 0.1125 0.60234375 0.0484375 0.0265625
1 0.946875 0.90546875 0.04375 0.021875
1 0.42421875 0.90390625 0.04375 0.025
2 0.61875 0.05078125 0.31875 0.0234375
2 0.2828125 0.0515625 0.309375 0.025
2 0.1109375 0.0953125 0.034375 0.075
2 0.11015625 0.3078125 0.0375 0.078125
2 0.31328125 0.35078125 0.371875 0.01875
2 0.51796875 0.196875 0.034375 0.1625
2 0.665625 0.17265625 0.2875 0.01875
2 0.7921875 0.14375 0.034375 0.078125
2 0.63046875 0.2328125 0.028125 0.115625
2 0.790625 0.29140625 0.034375 0.1375
2 0.71171875 0.3515625 0.1921875 0.01875
2 0.95078125 0.478125 0.034375 0.234375
2 0.80625 0.60546875 0.25625 0.0203125
2 0.94921875 0.753125 0.034375 0.2890625
2 0.91328125 0.90546875 0.0390625 0.025
2 0.6859375 0.9046875 0.08125 0.0265625
2 0.45546875 0.9046875 0.04375 0.0265625
2 0.41953125 0.8 0.0359375 0.196875
2 0.16171875 0.759375 0.315625 0.0234375
2 0.0203125 0.6796875 0.0296875 0.18125
2 0.11171875 0.56796875 0.0375 0.059375
2 0.0546875 0.60390625 0.1 0.0265625
2 0.31328125 0.60234375 0.378125 0.025
2 0.55859375 0.6046875 0.075 0.021875
2 0.51875 0.5109375 0.025 0.175
2 0.11171875 0.3828125 0.0375 0.046875
0 0.49140625 0.515625 0.95625 0.953125