1 0.0421875 0.18125 0.025 0.046875
1 0.04296875 0.534375 0.03125 0.0515625
1 0.0421875 0.8796875 0.028125 0.05
1 0.3546875 0.88125 0.028125 0.0515625
1 0.35546875 0.4703125 0.028125 0.0484375
1 0.3546875 0.0203125 0.028125 0.040625
1 0.6125 0.02109375 0.025 0.0421875
1 0.6140625 0.46953125 0.0265625 0.053125
1 0.6125 0.88125 0.028125 0.05
1 0.9265625 0.0203125 0.025 0.040625
1 0.92578125 0.559375 0.028125 0.0453125
2 0.04140625 0.35859375 0.025 0.328125
2 0.0421875 0.70546875 0.0265625 0.3203125
2 0.0875 0.88359375 0.078125 0.034375
2 0.3078125 0.884375 0.08125 0.0375
2 0.35234375 0.6734375 0.01875 0.3859375
2 0.19296875 0.4625 0.16875 0.034375
2 0.16796875 0.309375 0.01875 0.296875
2 0.1375 0.17890625 0.08125 0.034375
2 0.2296875 0.34609375 0.11875 0.0296875
2 0.290625 0.1796875 0.14375 0.034375
2 0.353125 0.26171875 0.01875 0.2
2 0.4828125 0.015625 0.24375 0.03125
2 0.61640625 0.1640625 0.0203125 0.265625
2 0.76953125 0.0171875 0.3 0.034375
2 0.928125 0.05390625 0.025 0.040625
2 0.9265625 0.2890625 0.028125 0.084375
2 0.9265625 0.52734375 0.028125 0.04375
2 0.81875 0.5640625 0.203125 0.0375
2 0.7765625 0.83046875 0.0234375 0.3265625
2 0.69296875 0.97734375 0.1875 0.0296875
2 0.578125 0.8828125 0.0625 0.0390625
2 0.61484375 0.94140625 0.028125 0.103125
2 0.61328125 0.67421875 0.025 0.390625
2 0.61640625 0.4203125 0.0234375 0.078125
2 0.51796875 0.46171875 0.18125 0.028125
2 0.3859375 0.8828125 0.05 0.0390625
0 0.5140625 0.49140625 0.971875 0.9828125