1 0.23125 0.084375 0.0421875 0.0234375
1 0.55078125 0.08515625 0.046875 0.02734375
1 0.8625 0.084375 0.04453125 0.0265625
1 0.86328125 0.3671875 0.046875 0.025
1 0.4921875 0.3671875 0.04375 0.02421875
1 0.084375 0.3671875 0.040625 0.025
1 0.08515625 0.6 0.0421875 0.02421875
1 0.49140625 0.6015625 0.04765625 0.02421875
1 0.8640625 0.6 0.04453125 0.025
1 0.084375 0.884375 0.03984375 0.02109375
1 0.5734375 0.8828125 0.040625 0.02421875
2 0.39140625 0.08359375 0.296875 0.021875
2 0.70546875 0.084375 0.28984375 0.0234375
2 0.865625 0.125 0.03203125 0.07109375
2 0.86640625 0.325 0.03359375 0.07421875
2 0.67578125 0.36484375 0.3484375 0.0171875
2 0.48515625 0.2203125 0.03125 0.15234375
2 0.346875 0.19765625 0.26875 0.0171875
2 0.22890625 0.1703125 0.03125 0.0734375
2 0.38046875 0.25390625 0.0265625 0.10703125
2 0.2296875 0.30859375 0.03203125 0.1296875
2 0.30390625 0.36484375 0.1796875 0.0171875
2 0.08046875 0.484375 0.03203125 0.21953125
2 0.215625 0.603125 0.240625 0.01875
2 0.08203125 0.7421875 0.03203125 0.2703125
2 0.115625 0.884375 0.0359375 0.02265625
2 0.328125 0.88359375 0.0765625 0.025
2 0.54375 0.88359375 0.040625 0.025
2 0.57734375 0.7859375 0.0328125 0.18359375
2 0.81796875 0.74765625 0.2953125 0.02109375
2 0.95 0.67265625 0.0265625 0.16953125
2 0.86484375 0.56875 0.03515625 0.05546875
2 0.91796875 0.6015625 0.09375 0.025
2 0.6765625 0.60078125 0.35390625 0.02265625
2 0.446875 0.603125 0.0703125 0.02109375
2 0.484375 0.5140625 0.02421875 0.16328125
2 0.86484375 0.3953125 0.03515625 0.04453125
0 0.51015625 0.51875 0.89453125 0.89296875