1 0.99296875 0.55 0.0140625 0.01875
1 0.871875 0.55234375 0.025 0.01875
1 0.87109375 0.74140625 0.028125 0.021875
1 0.99140625 0.73984375 0.0171875 0.0203125
1 0.625 0.740625 0.025 0.025
1 0.50625 0.9390625 0.025 0.01875
1 0.50625 0.61875 0.025 0.021875
1 0.62265625 0.55234375 0.0234375 0.021875
1 0.871875 0.42265625 0.025 0.021875
1 0.62265625 0.425 0.0234375 0.025
1 0.625 0.23515625 0.01875 0.01875
1 0.50703125 0.33046875 0.025 0.021875
1 0.871875 0.23515625 0.028125 0.021875
1 0.50703125 0.14296875 0.021875 0.0234375
1 0.33671875 0.14375 0.0265625 0.021875
1 0.3375 0.33046875 0.025 0.0203125
1 0.14765625 0.33125 0.025 0.021875
1 0.1484375 0.61875 0.025 0.021875
1 0.3375 0.61953125 0.0234375 0.021875
1 0.33828125 0.93984375 0.0296875 0.021875
1 0.1859375 0.9390625 0.025 0.021875
2 0.77890625 0.23359375 0.175 0.01875
2 0.87265625 0.25859375 0.021875 0.040625
2 0.8734375 0.38046875 0.0234375 0.0765625
2 0.77265625 0.42734375 0.190625 0.0125
2 0.77421875 0.46171875 0.015625 0.08125
2 0.68984375 0.4875 0.0125 0.13125
2 0.6984375 0.54765625 0.0421875 0.009375
2 0.809375 0.54765625 0.1125 0.0125
2 0.8734375 0.475 0.021875 0.0953125
2 0.93359375 0.5515625 0.1125 0.01875
2 0.87265625 0.6109375 0.0234375 0.0421875
2 0.99140625 0.64453125 0.0171875 0.1828125
2 0.93359375 0.740625 0.1171875 0.01875
2 0.8734375 0.71484375 0.021875 0.04375
2 0.77890625 0.740625 0.175 0.0171875
2 0.715625 0.7921875 0.025 0.11875
2 0.61953125 0.8421875 0.21875 0.0171875
2 0.5625 0.775 0.0359375 0.01875
2 0.6234375 0.76484375 0.021875 0.040625
2 0.54140625 0.6171875 0.0625 0.0125
2 0.61953125 0.64609375 0.0140625 0.18125
2 0.50859375 0.76640625 0.01875 0.284375
2 0.45 0.8390625 0.115625 0.0125
2 0.4 0.86796875 0.0140625 0.071875
2 0.421875 0.940625 0.159375 0.01875
2 0.33671875 0.77890625 0.021875 0.3140625
2 0.20859375 0.61953125 0.1140625 0.01875
2 0.14765625 0.475 0.021875 0.2828125
2 0.1484375 0.18359375 0.021875 0.2859375
2 0.32890625 0.05078125 0.384375 0.01875
2 0.509375 0.08984375 0.025 0.096875
2 0.50859375 0.2375 0.0234375 0.178125
2 0.5453125 0.334375 0.06875 0.0125
2 0.5421875 0.23359375 0.090625 0.01875
2 0.6203125 0.32890625 0.015625 0.18125
2 0.396875 0.334375 0.115625 0.0125
2 0.22265625 0.3328125 0.0625 0.01875
2 0.3359375 0.23515625 0.025 0.18125
2 0.40078125 0.1421875 0.040625 0.01875
2 0.184375 0.8421875 0.025 0.184375
2 0.2625 0.93984375 0.14375 0.0203125
0 0.56015625 0.496875 0.8796875 0.9375