1 0.54921875 0.01640625 0.01875 0.0203125
1 0.55078125 0.13671875 0.01875 0.02578125
1 0.73671875 0.1375 0.02109375 0.0265625
1 0.73671875 0.01640625 0.0203125 0.025
1 0.73515625 0.3796875 0.025 0.0234375
1 0.93046875 0.49609375 0.01875 0.0234375
1 0.61640625 0.49609375 0.02109375 0.02421875
1 0.55078125 0.38203125 0.0203125 0.0234375
1 0.4234375 0.13671875 0.02265625 0.02578125
1 0.42578125 0.38125 0.02421875 0.0234375
1 0.2390625 0.3796875 0.01796875 0.01953125
1 0.3328125 0.49609375 0.0203125 0.02421875
1 0.2390625 0.13671875 0.02109375 0.0265625
1 0.14921875 0.4953125 0.02265625 0.021875
1 0.15 0.6625 0.0203125 0.0265625
1 0.3328125 0.66171875 0.01953125 0.02421875
1 0.33359375 0.8484375 0.02265625 0.025
1 0.615625 0.84765625 0.02109375 0.02421875
1 0.61640625 0.66171875 0.021875 0.0234375
1 0.93125 0.66171875 0.02109375 0.02890625
1 0.93125 0.8109375 0.02109375 0.025
2 0.23828125 0.228125 0.01796875 0.171875
2 0.2625 0.1359375 0.0390625 0.021875
2 0.38203125 0.1359375 0.075 0.0234375
2 0.428125 0.234375 0.0109375 0.18828125
2 0.46171875 0.2328125 0.08046875 0.01484375
2 0.48671875 0.31640625 0.1296875 0.01328125
2 0.54609375 0.3078125 0.01015625 0.04140625
2 0.54609375 0.1984375 0.01171875 0.11015625
2 0.47421875 0.1359375 0.09296875 0.02265625
2 0.55 0.0765625 0.01875 0.1109375
2 0.60859375 0.13671875 0.04140625 0.02265625
2 0.64296875 0.01796875 0.1796875 0.021875
2 0.7359375 0.07578125 0.01875 0.115625
2 0.71015625 0.13515625 0.0421875 0.02109375
2 0.7359375 0.22890625 0.0171875 0.171875
2 0.7859375 0.290625 0.1171875 0.02421875
2 0.8359375 0.38515625 0.0171875 0.21484375
2 0.76953125 0.44140625 0.01875 0.03515625
2 0.759375 0.38125 0.03984375 0.02109375
2 0.6140625 0.46171875 0.01171875 0.0609375
2 0.6421875 0.38515625 0.17734375 0.0140625
2 0.7609375 0.49375 0.2796875 0.01953125
2 0.8328125 0.5515625 0.0125 0.11328125
2 0.8609375 0.60078125 0.06953125 0.0140625
2 0.93203125 0.5796875 0.01875 0.1578125
2 0.7734375 0.66328125 0.30859375 0.02265625
2 0.6171875 0.78828125 0.01796875 0.11171875
2 0.47421875 0.8484375 0.27734375 0.02109375
2 0.18828125 0.84765625 0.28046875 0.021875
2 0.0578125 0.6703125 0.01953125 0.37734375
2 0.096875 0.49296875 0.09609375 0.02421875
2 0.2421875 0.49375 0.17578125 0.02265625
2 0.33671875 0.4578125 0.01328125 0.0671875
2 0.2375 0.4609375 0.0171875 0.0890625
2 0.33125 0.384375 0.17890625 0.0140625
2 0.33671875 0.603125 0.01328125 0.11328125
2 0.334375 0.775 0.01796875 0.06171875
2 0.2390625 0.6640625 0.178125 0.025
2 0.14765625 0.6 0.01875 0.040625
2 0.83515625 0.8125 0.18046875 0.02421875
2 0.93125 0.7359375 0.01875 0.1421875
0 0.49609375 0.43828125 0.921875 0.8765625