1 0.09921875 0.51171875 0.028125 0.0203125
1 0.09921875 0.7171875 0.0296875 0.0234375
1 0.36796875 0.71640625 0.025 0.028125
1 0.49609375 0.93203125 0.0265625 0.021875
1 0.49609375 0.584375 0.028125 0.0234375
1 0.36953125 0.51171875 0.025 0.021875
1 0.0984375 0.3703125 0.028125 0.025
1 0.36953125 0.37265625 0.025 0.028125
1 0.3671875 0.16640625 0.021875 0.0203125
1 0.49609375 0.2703125 0.0265625 0.021875
1 0.0984375 0.16640625 0.0296875 0.0234375
1 0.49609375 0.0671875 0.025 0.025
1 0.68125 0.06796875 0.028125 0.021875
1 0.68046875 0.2703125 0.0265625 0.021875
1 0.8875 0.27109375 0.028125 0.025
1 0.8859375 0.58359375 0.0265625 0.0234375
1 0.6796875 0.584375 0.025 0.025
1 0.6796875 0.9328125 0.03125 0.0234375
1 0.8453125 0.9328125 0.028125 0.0234375
2 0.2 0.165625 0.190625 0.01875
2 0.09765625 0.1921875 0.025 0.04375
2 0.09765625 0.325 0.025 0.084375
2 0.20703125 0.37578125 0.209375 0.0125
2 0.2046875 0.41328125 0.015625 0.0890625
2 0.29765625 0.44140625 0.0140625 0.14375
2 0.2875 0.50703125 0.0453125 0.0109375
2 0.16640625 0.50703125 0.121875 0.0125
2 0.09765625 0.42734375 0.025 0.103125
2 0.04609375 0.51015625 0.0921875 0.01875
2 0.0984375 0.57578125 0.025 0.0453125
2 0.046875 0.715625 0.09375 0.021875
2 0.096875 0.68828125 0.0234375 0.046875
2 0.2 0.71640625 0.190625 0.01875
2 0.26875 0.77265625 0.0265625 0.1296875
2 0.3734375 0.82734375 0.2375 0.01875
2 0.4359375 0.75390625 0.0390625 0.021875
2 0.36953125 0.74296875 0.0234375 0.04375
2 0.45859375 0.58203125 0.06875 0.0125
2 0.3734375 0.61328125 0.015625 0.196875
2 0.49375 0.74453125 0.021875 0.309375
2 0.5578125 0.8234375 0.125 0.0140625
2 0.6125 0.8546875 0.015625 0.078125
2 0.5890625 0.93359375 0.175 0.0203125
2 0.68125 0.7578125 0.025 0.340625
2 0.8203125 0.58515625 0.125 0.0203125
2 0.88671875 0.42734375 0.021875 0.30625
2 0.88515625 0.1328125 0.025 0.265625
2 0.4921875 0.03125 0.0265625 0.0625
2 0.49375 0.16953125 0.025 0.19375
2 0.45390625 0.27421875 0.075 0.015625
2 0.4578125 0.16484375 0.1 0.01875
2 0.37265625 0.26875 0.015625 0.196875
2 0.615625 0.275 0.125 0.0140625
2 0.80546875 0.27265625 0.06875 0.0203125
2 0.68203125 0.1671875 0.028125 0.196875
2 0.61171875 0.065625 0.0453125 0.021875
2 0.84765625 0.8265625 0.0265625 0.2
2 0.7625 0.9328125 0.15625 0.021875
0 0.45859375 0.48046875 0.9171875 0.9609375