0 0.41796875 0.4265625 0.821875 0.7125
1 0.04375 0.08671875 0.0265625 0.015625
1 0.4078125 0.0859375 0.03125 0.015625
1 0.7984375 0.0859375 0.028125 0.0171875
1 0.79921875 0.3375 0.0296875 0.015625
1 0.40703125 0.33828125 0.03125 0.015625
1 0.04453125 0.3390625 0.028125 0.015625
1 0.04375 0.5859375 0.03125 0.0171875
1 0.4015625 0.5859375 0.03125 0.01875
1 0.5109375 0.64375 0.03125 0.015625
1 0.6203125 0.5859375 0.0296875 0.015625
1 0.79921875 0.5859375 0.03125 0.015625
1 0.71875 0.47109375 0.03125 0.0171875
1 0.52109375 0.471875 0.028125 0.015625
1 0.79765625 0.76875 0.03125 0.015625
1 0.51171875 0.76953125 0.025 0.015625
1 0.04453125 0.76875 0.03125 0.015625
2 0.19296875 0.084375 0.115625 0.0171875
2 0.23984375 0.09921875 0.0234375 0.05
2 0.375 0.08515625 0.0625 0.01875
2 0.44765625 0.08515625 0.06875 0.01875
2 0.4078125 0.2109375 0.025 0.25
2 0.1796875 0.33828125 0.2625 0.01875
2 0.04375 0.46171875 0.03125 0.240625
2 0.22109375 0.5875 0.346875 0.0203125
2 0.04453125 0.678125 0.0328125 0.18125
2 0.103125 0.76953125 0.10625 0.021875
2 0.45546875 0.76875 0.1109375 0.01875
2 0.51015625 0.678125 0.0375 0.0609375
2 0.51875 0.37421875 0.034375 0.090625
2 0.62265625 0.471875 0.190625 0.01875
2 0.71953125 0.45390625 0.03125 0.028125
2 0.7203125 0.35 0.0328125 0.040625
2 0.61953125 0.3390625 0.2328125 0.0203125
2 0.7984375 0.21171875 0.0296875 0.246875
2 0.68515625 0.16484375 0.25625 0.01875
2 0.63359375 0.0875 0.15625 0.0203125
2 0.0453125 0.2125 0.0328125 0.246875
2 0.1484375 0.1671875 0.2375 0.0140625