0 0.42890625 0.44609375 0.7765625 0.67578125
1 0.07578125 0.1234375 0.025 0.01484375
1 0.41953125 0.1234375 0.0296875 0.01484375
1 0.7890625 0.1234375 0.0265625 0.01640625
1 0.78984375 0.36171875 0.028125 0.015625
1 0.41953125 0.3625 0.0296875 0.015625
1 0.0765625 0.36328125 0.0265625 0.015625
1 0.07578125 0.59765625 0.0296875 0.01640625
1 0.4140625 0.59765625 0.028125 0.0171875
1 0.5171875 0.65234375 0.02890625 0.01484375
1 0.62109375 0.59765625 0.028125 0.0140625
1 0.7890625 0.59765625 0.02890625 0.0140625
1 0.7140625 0.48828125 0.02890625 0.015625
1 0.5265625 0.4890625 0.0265625 0.015625
1 0.78828125 0.77109375 0.02890625 0.01484375
1 0.51796875 0.771875 0.025 0.0140625
1 0.0765625 0.77109375 0.0296875 0.015625
2 0.21640625 0.121875 0.10859375 0.01640625
2 0.2609375 0.1359375 0.02265625 0.0484375
2 0.3890625 0.12265625 0.05859375 0.01875
2 0.4578125 0.12265625 0.065625 0.0171875
2 0.41953125 0.24140625 0.0234375 0.2375
2 0.20390625 0.3625 0.2484375 0.0171875
2 0.07578125 0.4796875 0.02890625 0.22890625
2 0.24296875 0.5984375 0.328125 0.01875
2 0.0765625 0.68515625 0.03046875 0.17109375
2 0.13203125 0.771875 0.10078125 0.0203125
2 0.46484375 0.7703125 0.10546875 0.01875
2 0.51640625 0.68515625 0.03515625 0.0578125
2 0.52421875 0.396875 0.03203125 0.08671875
2 0.62265625 0.4890625 0.1796875 0.01796875
2 0.7140625 0.471875 0.03046875 0.02734375
2 0.71484375 0.3734375 0.03125 0.0390625
2 0.61953125 0.36328125 0.2203125 0.01953125
2 0.7890625 0.2421875 0.028125 0.234375
2 0.68203125 0.19765625 0.2421875 0.0171875
2 0.6328125 0.12421875 0.146875 0.01875
2 0.0765625 0.24375 0.03046875 0.234375
2 0.175 0.20078125 0.22421875 0.01328125