0 0.4109375 0.46015625 0.815625 0.709375
1 0.03984375 0.121875 0.0265625 0.015625
1 0.40078125 0.12109375 0.03125 0.015625
1 0.7890625 0.12109375 0.028125 0.0171875
1 0.78984375 0.371875 0.0296875 0.015625
1 0.40078125 0.37265625 0.03125 0.015625
1 0.040625 0.37265625 0.028125 0.015625
1 0.03984375 0.61953125 0.03125 0.0171875
1 0.39453125 0.61953125 0.0296875 0.01875
1 0.50390625 0.6765625 0.03125 0.015625
1 0.6125 0.61875 0.0296875 0.015625
1 0.78984375 0.61875 0.03125 0.015625
1 0.71015625 0.5046875 0.0296875 0.015625
1 0.51328125 0.50546875 0.028125 0.015625
1 0.78828125 0.8015625 0.03125 0.015625
1 0.5046875 0.8015625 0.025 0.015625
1 0.040625 0.8015625 0.03125 0.015625
2 0.18828125 0.11953125 0.1140625 0.0171875
2 0.234375 0.134375 0.0234375 0.05
2 0.36875 0.1203125 0.0625 0.01875
2 0.44140625 0.1203125 0.06875 0.01875
2 0.4015625 0.2453125 0.025 0.25
2 0.17421875 0.371875 0.2609375 0.01875
2 0.03984375 0.4953125 0.03125 0.240625
2 0.215625 0.6203125 0.34375 0.0203125
2 0.040625 0.7109375 0.0328125 0.1796875
2 0.0984375 0.8015625 0.10625 0.021875
2 0.4484375 0.80078125 0.1109375 0.01875
2 0.50234375 0.7109375 0.0375 0.0609375
2 0.5109375 0.40859375 0.034375 0.090625
2 0.6140625 0.5046875 0.1890625 0.01875
2 0.7109375 0.4875 0.03125 0.028125
2 0.71171875 0.38359375 0.0328125 0.040625
2 0.61171875 0.3734375 0.23125 0.0203125
2 0.7890625 0.24609375 0.0296875 0.246875
2 0.6765625 0.19921875 0.2546875 0.01875
2 0.625 0.12265625 0.1546875 0.0203125
2 0.040625 0.24765625 0.0328125 0.246875
2 0.14375 0.20234375 0.2359375 0.0140625