1 0.08984375 0.13203125 0.03125 0.0296875
1 0.35859375 0.13203125 0.03203125 0.02890625
1 0.68359375 0.1328125 0.03515625 0.0296875
1 0.95 0.13125 0.03671875 0.0265625
1 0.73515625 0.4265625 0.03359375 0.028125
1 0.94921875 0.43515625 0.03515625 0.02890625
1 0.9484375 0.6578125 0.0328125 0.028125
1 0.9484375 0.890625 0.03125 0.025
1 0.615625 0.890625 0.03203125 0.02890625
1 0.61484375 0.6578125 0.03046875 0.02734375
1 0.4265625 0.65859375 0.0359375 0.03046875
1 0.425 0.890625 0.03203125 0.0265625
1 0.09140625 0.89140625 0.0328125 0.02265625
1 0.090625 0.65859375 0.0359375 0.028125
1 0.30546875 0.4265625 0.03203125 0.028125
1 0.09296875 0.434375 0.03984375 0.02890625
2 0.08671875 0.0875 0.015625 0.07421875
2 0.121875 0.1265625 0.05 0.0109375
2 0.27265625 0.12734375 0.04921875 0.01171875
2 0.22421875 0.05546875 0.26953125 0.0125
2 0.36171875 0.0875 0.0140625 0.07578125
2 0.3625 0.24609375 0.015625 0.221875
2 0.384375 0.12734375 0.04140625 0.0140625
2 0.5203125 0.12578125 0.02421875 0.01171875
2 0.5203125 0.39375 0.01640625 0.53125
2 0.51953125 0.35078125 0.20625 0.0125
2 0.08671875 0.16328125 0.0140625 0.053125
2 0.08671875 0.325 0.0140625 0.09609375
2 0.1859375 0.35078125 0.19609375 0.01171875
2 0.24453125 0.3671875 0.0125 0.03125
2 0.0859375 0.4171875 0.0140625 0.02421875
2 0.19765625 0.43125 0.20078125 0.015625
2 0.0859375 0.471875 0.01484375 0.06484375
2 0.08671875 0.62109375 0.01484375 0.0609375
2 0.22109375 0.653125 0.2484375 0.0109375
2 0.31015625 0.571875 0.0125 0.159375
2 0.08671875 0.696875 0.01640625 0.06875
2 0.0859375 0.8515625 0.01484375 0.0671875
2 0.0859375 0.934375 0.015625 0.07578125
2 0.1203125 0.8953125 0.046875 0.01171875
2 0.26328125 0.89453125 0.0375 0.0125
2 0.21484375 0.9671875 0.25703125 0.0125
2 0.3359375 0.88125 0.01484375 0.184375
2 0.37890625 0.89453125 0.08359375 0.0109375
2 0.43046875 0.934375 0.015625 0.07734375
2 0.45 0.9671875 0.0375 0.0140625
2 0.5953125 0.96640625 0.04609375 0.01171875
2 0.61015625 0.93515625 0.0140625 0.078125
2 0.66171875 0.89453125 0.0828125 0.0109375
2 0.61015625 0.77421875 0.0125 0.2234375
2 0.59765625 0.653125 0.01875 0.01171875
2 0.67890625 0.20390625 0.0125 0.30625
2 0.8546875 0.35078125 0.19765625 0.01328125
2 0.79609375 0.36875 0.0171875 0.034375
2 0.95390625 0.32421875 0.01328125 0.0953125
2 0.95390625 0.4171875 0.0125 0.02265625
2 0.8421875 0.43046875 0.2 0.0125
2 0.95390625 0.47265625 0.0140625 0.065625
2 0.95390625 0.62109375 0.0140625 0.06015625
2 0.8203125 0.653125 0.24609375 0.0109375
2 0.73203125 0.571875 0.0140625 0.16171875
2 0.95390625 0.696875 0.015625 0.06875
2 0.70546875 0.73203125 0.01640625 0.034375
2 0.65703125 0.74296875 0.09296875 0.0109375
2 0.7046875 0.88203125 0.01640625 0.184375
2 0.8296875 0.96640625 0.25 0.0140625
2 0.95390625 0.93515625 0.01640625 0.07890625
2 0.77734375 0.8953125 0.03671875 0.01328125
2 0.92265625 0.89375 0.04453125 0.01171875
2 0.95390625 0.85234375 0.01484375 0.06953125
2 0.44140625 0.653125 0.02265625 0.0125
2 0.43125 0.775 0.01875 0.225
2 0.3359375 0.73125 0.01484375 0.034375
2 0.3828125 0.74453125 0.09296875 0.0171875
2 0.76875 0.12734375 0.0484375 0.01328125
2 0.91875 0.1265625 0.0515625 0.0125
2 0.95390625 0.1625 0.01875 0.05390625
2 0.953125 0.08828125 0.01640625 0.07890625
2 0.815625 0.05546875 0.271875 0.01640625
0 0.51953125 0.5078125 0.9171875 0.95625