1 0.1109375 0.04609375 0.03125 0.034375
1 0.1109375 0.33125 0.03125 0.034375
1 0.11171875 0.67578125 0.03125 0.0375
1 0.11015625 0.95859375 0.028125 0.0390625
1 0.4234375 0.73046875 0.0296875 0.034375
1 0.4328125 0.9578125 0.03125 0.0375
1 0.66953125 0.95703125 0.0296875 0.034375
1 0.91640625 0.95703125 0.0265625 0.0328125
1 0.9171875 0.60390625 0.03125 0.034375
1 0.66953125 0.603125 0.028125 0.03125
1 0.6703125 0.403125 0.0328125 0.0375
1 0.91640625 0.40234375 0.028125 0.034375
1 0.9171875 0.04765625 0.0234375 0.034375
1 0.6703125 0.046875 0.0296875 0.0375
1 0.4234375 0.27421875 0.0296875 0.034375
1 0.43203125 0.04921875 0.03125 0.04375
2 0.06328125 0.04296875 0.078125 0.015625
2 0.10546875 0.08046875 0.0125 0.053125
2 0.10546875 0.240625 0.0125 0.053125
2 0.0296875 0.1890625 0.0125 0.2859375
2 0.06328125 0.33515625 0.08125 0.015625
2 0.23203125 0.3359375 0.2359375 0.0171875
2 0.10625 0.359375 0.015625 0.04375
2 0.1046875 0.503125 0.0125 0.025
2 0.3890625 0.503125 0.5640625 0.01875
2 0.34375 0.50234375 0.0125 0.21875
2 0.14453125 0.04296875 0.05625 0.015625
2 0.315625 0.0421875 0.103125 0.015625
2 0.34375 0.14765625 0.0125 0.2078125
2 0.3609375 0.21015625 0.034375 0.0125
2 0.41328125 0.0421875 0.025 0.015625
2 0.42890625 0.1609375 0.015625 0.2125
2 0.471875 0.0421875 0.06875 0.015625
2 0.63046875 0.04296875 0.0640625 0.015625
2 0.66484375 0.1859375 0.0125 0.2625
2 0.578125 0.2796875 0.16875 0.0125
2 0.7109375 0.04296875 0.071875 0.0171875
2 0.875 0.0421875 0.071875 0.015625
2 0.9609375 0.04140625 0.078125 0.0171875
2 0.921875 0.07890625 0.0125 0.05
2 0.92109375 0.2296875 0.0125 0.040625
2 0.9953125 0.17890625 0.009375 0.2734375
2 0.90390625 0.30625 0.190625 0.015625
2 0.92109375 0.35234375 0.0109375 0.0890625
2 0.96015625 0.40625 0.0796875 0.015625
2 0.99453125 0.428125 0.0109375 0.040625
2 0.9953125 0.58046875 0.009375 0.05
2 0.96015625 0.596875 0.0796875 0.015625
2 0.92109375 0.653125 0.0125 0.0875
2 0.79296875 0.5984375 0.2375 0.0140625
2 0.6640625 0.58515625 0.0125 0.0203125
2 0.18671875 0.67109375 0.325 0.0140625
2 0.34296875 0.8578125 0.0140625 0.209375
2 0.3625 0.7953125 0.0375 0.01875
2 0.315625 0.9625 0.1015625 0.0140625
2 0.41328125 0.9625 0.025 0.0125
2 0.42734375 0.84375 0.0125 0.2125
2 0.4734375 0.9625 0.06875 0.015625
2 0.63046875 0.9625 0.0640625 0.015625
2 0.6640625 0.82109375 0.0125 0.2609375
2 0.578125 0.72734375 0.171875 0.015625
2 0.7109375 0.96328125 0.071875 0.0171875
2 0.7484375 0.69921875 0.0359375 0.0171875
2 0.76015625 0.64765625 0.0109375 0.0984375
2 0.90390625 0.69765625 0.190625 0.0171875
2 0.99453125 0.8296875 0.0109375 0.265625
2 0.96015625 0.9609375 0.0796875 0.01875
2 0.92109375 0.77578125 0.0140625 0.0390625
2 0.9203125 0.92890625 0.0125 0.0484375
2 0.87578125 0.9625 0.075 0.015625
2 0.6640625 0.41953125 0.0125 0.025
2 0.79375 0.4078125 0.2390625 0.0203125
2 0.74765625 0.30703125 0.0359375 0.015625
2 0.76171875 0.35703125 0.01875 0.0984375
2 0.10625 0.76640625 0.0140625 0.0515625
2 0.10546875 0.925 0.0125 0.0546875
2 0.14375 0.9625 0.05625 0.01875
2 0.0640625 0.9625 0.084375 0.0171875
2 0.0296875 0.81640625 0.0171875 0.2875
0 0.50078125 0.5015625 0.9984375 0.975