1 0.9453125 0.109375 0.0328125 0.03125
1 0.66484375 0.109375 0.0328125 0.0296875
1 0.325 0.11015625 0.0375 0.03125
1 0.046875 0.1078125 0.0390625 0.028125
1 0.271875 0.41640625 0.034375 0.028125
1 0.04765625 0.42578125 0.0375 0.0296875
1 0.04765625 0.6578125 0.034375 0.028125
1 0.0484375 0.90078125 0.0328125 0.0265625
1 0.39609375 0.9015625 0.034375 0.0296875
1 0.396875 0.6578125 0.03125 0.028125
1 0.59375 0.659375 0.0375 0.03125
1 0.5953125 0.90078125 0.034375 0.028125
1 0.94375 0.90234375 0.034375 0.0234375
1 0.94453125 0.65859375 0.0375 0.028125
1 0.72109375 0.41640625 0.034375 0.0296875
1 0.94296875 0.425 0.0421875 0.03125
2 0.94921875 0.0625 0.015625 0.078125
2 0.91171875 0.10390625 0.053125 0.0125
2 0.7546875 0.10390625 0.0515625 0.0125
2 0.8046875 0.02890625 0.28125 0.0140625
2 0.6609375 0.0625 0.0140625 0.078125
2 0.6609375 0.228125 0.0171875 0.23125
2 0.6375 0.1046875 0.04375 0.015625
2 0.4953125 0.103125 0.025 0.0125
2 0.4953125 0.3828125 0.0171875 0.5546875
2 0.49609375 0.3375 0.215625 0.0125
2 0.94921875 0.14140625 0.015625 0.05625
2 0.94921875 0.31015625 0.0140625 0.1
2 0.84609375 0.33828125 0.2046875 0.0125
2 0.784375 0.3546875 0.0125 0.0328125
2 0.95 0.40625 0.015625 0.025
2 0.8328125 0.421875 0.209375 0.0171875
2 0.94921875 0.4640625 0.015625 0.06875
2 0.94921875 0.6203125 0.015625 0.0625
2 0.80859375 0.65390625 0.259375 0.0109375
2 0.715625 0.56796875 0.0125 0.165625
2 0.94921875 0.69921875 0.0171875 0.071875
2 0.95 0.86015625 0.015625 0.0703125
2 0.95 0.946875 0.015625 0.078125
2 0.9140625 0.90625 0.0484375 0.0125
2 0.76484375 0.90546875 0.0390625 0.0125
2 0.81484375 0.98125 0.26875 0.0125
2 0.68828125 0.89140625 0.015625 0.19375
2 0.64375 0.90546875 0.0875 0.0109375
2 0.58984375 0.946875 0.015625 0.08125
2 0.56953125 0.98125 0.040625 0.015625
2 0.41796875 0.98046875 0.0484375 0.0125
2 0.4015625 0.94765625 0.015625 0.08125
2 0.34765625 0.90546875 0.0875 0.0125
2 0.4015625 0.7796875 0.0140625 0.2328125
2 0.41484375 0.653125 0.01875 0.0125
2 0.3296875 0.18359375 0.0140625 0.3203125
2 0.14609375 0.3375 0.20625 0.0140625
2 0.2078125 0.35625 0.01875 0.0359375
2 0.0421875 0.31015625 0.0140625 0.1
2 0.04296875 0.40703125 0.0125 0.0234375
2 0.159375 0.4203125 0.209375 0.0140625
2 0.0421875 0.465625 0.015625 0.06875
2 0.04296875 0.61953125 0.015625 0.0625
2 0.18203125 0.653125 0.25625 0.0125
2 0.27421875 0.56796875 0.015625 0.16875
2 0.0421875 0.6984375 0.0171875 0.071875
2 0.30234375 0.7359375 0.0171875 0.0359375
2 0.353125 0.746875 0.096875 0.0109375
2 0.303125 0.8921875 0.0171875 0.19375
2 0.17265625 0.98046875 0.2625 0.0140625
2 0.04296875 0.94765625 0.0171875 0.0828125
2 0.2265625 0.90625 0.0375 0.0125
2 0.07578125 0.9046875 0.046875 0.0125
2 0.0421875 0.8609375 0.015625 0.071875
2 0.578125 0.653125 0.0234375 0.0125
2 0.5890625 0.78046875 0.0203125 0.234375
2 0.6890625 0.73515625 0.015625 0.034375
2 0.6390625 0.7484375 0.096875 0.01875
2 0.2359375 0.10390625 0.05 0.0140625
2 0.07890625 0.10390625 0.053125 0.0125
2 0.0421875 0.140625 0.0203125 0.05625
2 0.04296875 0.06328125 0.0171875 0.08125
2 0.18671875 0.02890625 0.284375 0.0171875
0 0.496875 0.50078125 0.959375 0.9984375