1 0.06640625 0.13046875 0.04140625 0.03828125
1 0.3890625 0.13125 0.0359375 0.04765625
1 0.07109375 0.35078125 0.03984375 0.04453125
1 0.06796875 0.55234375 0.03828125 0.0390625
1 0.071875 0.834375 0.05859375 0.03828125
1 0.3953125 0.82890625 0.0390625 0.04921875
1 0.39375 0.54609375 0.04453125 0.04453125
1 0.3859375 0.34453125 0.03984375 0.040625
1 0.49296875 0.12421875 0.03984375 0.04765625
1 0.49765625 0.34140625 0.0421875 0.03984375
1 0.65546875 0.83046875 0.04375 0.0421875
1 0.65234375 0.54296875 0.03984375 0.0390625
1 0.90390625 0.12734375 0.04140625 0.04453125
1 0.90546875 0.334375 0.040625 0.04453125
1 0.9078125 0.54296875 0.0390625 0.03984375
1 0.9078125 0.82578125 0.0421875 0.0421875
2 0.90625 0.440625 0.025 0.1890625
2 0.90859375 0.68515625 0.02578125 0.2640625
2 0.78046875 0.828125 0.23515625 0.0234375
2 0.54921875 0.83046875 0.1921875 0.021875
2 0.2375 0.8328125 0.29765625 0.0265625
2 0.0625 0.690625 0.0234375 0.26640625
2 0.0609375 0.45234375 0.02421875 0.17734375
2 0.059375 0.23984375 0.02578125 0.203125
2 0.22890625 0.12265625 0.30546875 0.0234375
2 0.4390625 0.121875 0.090625 0.02109375
2 0.69921875 0.121875 0.4 0.021875
2 0.90703125 0.22734375 0.025 0.1828125
0 0.48515625 0.48046875 0.91953125 0.775