1 0.13046875 0.0453125 0.040625 0.04375
1 0.13125 0.38125 0.05 0.0375
1 0.36015625 0.05 0.046875 0.040625
1 0.5703125 0.046875 0.040625 0.040625
1 0.8640625 0.05078125 0.040625 0.0609375
1 0.85859375 0.38828125 0.05 0.040625
1 0.5640625 0.38671875 0.046875 0.046875
1 0.35390625 0.378125 0.04375 0.040625
1 0.12421875 0.48984375 0.05 0.040625
1 0.35 0.49453125 0.040625 0.04375
1 0.86015625 0.659375 0.04375 0.0453125
1 0.5609375 0.65625 0.040625 0.0421875
1 0.12734375 0.91875 0.046875 0.04375
1 0.34296875 0.91953125 0.046875 0.04375
1 0.5609375 0.92265625 0.040625 0.040625
1 0.85546875 0.92265625 0.04375 0.04375
2 0.453125 0.92109375 0.196875 0.0265625
2 0.70859375 0.92265625 0.275 0.0265625
2 0.8578125 0.78984375 0.025 0.2453125
2 0.86015625 0.5484375 0.021875 0.2
2 0.86328125 0.2234375 0.028125 0.309375
2 0.7140625 0.04140625 0.278125 0.025
2 0.46640625 0.03984375 0.184375 0.025
2 0.24453125 0.0375 0.2125 0.0265625
2 0.12265625 0.21484375 0.025 0.31875
2 0.121875 0.43359375 0.021875 0.09375
2 0.121875 0.7046875 0.021875 0.4171875
2 0.23203125 0.92109375 0.190625 0.0265625
0 0.4953125 0.48125 0.8078125 0.959375