1 0.9640625 0.13125 0.034375 0.028125
1 0.68046875 0.12890625 0.0296875 0.028125
1 0.44609375 0.1296875 0.034375 0.0234375
1 0.16015625 0.12890625 0.040625 0.03125
1 0.9625 0.321875 0.03125 0.025
1 0.96171875 0.51953125 0.0375 0.028125
1 0.965625 0.7328125 0.034375 0.021875
1 0.96171875 0.8828125 0.0375 0.025
1 0.6796875 0.8796875 0.034375 0.028125
1 0.67734375 0.6203125 0.040625 0.034375
1 0.446875 0.61953125 0.0484375 0.0375
1 0.44609375 0.88046875 0.040625 0.028125
1 0.165625 0.88359375 0.04375 0.03125
1 0.1625 0.51953125 0.040625 0.0296875
1 0.16640625 0.32109375 0.0359375 0.03125
1 0.67890625 0.515625 0.040625 0.028125
1 0.44375 0.5171875 0.0484375 0.03125