1 0.13125 0.87421875 0.025 0.03125
1 0.12890625 0.61484375 0.0265625 0.028125
1 0.1296875 0.40078125 0.021875 0.03125
1 0.12890625 0.13984375 0.028125 0.0375
1 0.30546875 0.87265625 0.021875 0.028125
1 0.4859375 0.871875 0.025 0.034375
1 0.6796875 0.875 0.021875 0.0328125
1 0.8171875 0.871875 0.021875 0.034375
1 0.8140625 0.6140625 0.025 0.03125
1 0.578125 0.61171875 0.03125 0.0375
1 0.5765625 0.4015625 0.034375 0.04375
1 0.81484375 0.40078125 0.0265625 0.0375
1 0.81796875 0.14453125 0.028125 0.040625
1 0.48515625 0.14140625 0.028125 0.0375
1 0.3046875 0.1453125 0.028125 0.0328125
1 0.48125 0.61328125 0.0265625 0.0375
1 0.4828125 0.3984375 0.028125 0.04375