1 0.95078125 0.11328125 0.04375 0.040625
1 0.61171875 0.11328125 0.0375 0.05
1 0.94609375 0.34375 0.0421875 0.046875
1 0.94921875 0.55546875 0.040625 0.040625
1 0.9453125 0.85234375 0.0625 0.040625
1 0.60546875 0.84609375 0.0421875 0.0515625
1 0.60703125 0.54921875 0.046875 0.046875
1 0.615625 0.3375 0.0421875 0.04375
1 0.503125 0.10625 0.0421875 0.05
1 0.49765625 0.334375 0.04375 0.040625
1 0.33203125 0.84765625 0.046875 0.04375
1 0.33515625 0.54609375 0.0421875 0.040625
1 0.0703125 0.109375 0.04375 0.046875
1 0.06953125 0.32734375 0.04375 0.046875
1 0.0671875 0.54609375 0.0421875 0.040625
1 0.0671875 0.84296875 0.0453125 0.04375
2 0.06796875 0.43828125 0.0265625 0.2
2 0.06640625 0.6953125 0.028125 0.2765625
2 0.20078125 0.8453125 0.246875 0.025
2 0.44375 0.84765625 0.2015625 0.021875
2 0.77109375 0.85078125 0.3125 0.028125
2 0.9546875 0.70078125 0.025 0.2796875
2 0.95625 0.45078125 0.025 0.1859375
2 0.9578125 0.228125 0.0265625 0.2125
2 0.7796875 0.1046875 0.321875 0.025
2 0.559375 0.10390625 0.0953125 0.021875
2 0.28671875 0.10390625 0.4203125 0.0234375
2 0.06796875 0.21484375 0.0265625 0.1921875
0 0.5109375 0.48046875 0.965625 0.8140625