1 0.1328125 0.1296875 0.03046875 0.02421875
1 0.3859375 0.12734375 0.0265625 0.02578125
1 0.5953125 0.128125 0.03046875 0.02109375
1 0.85078125 0.12734375 0.03671875 0.028125
1 0.134375 0.3 0.02734375 0.02265625
1 0.134375 0.4765625 0.034375 0.025
1 0.13125 0.66640625 0.03125 0.0203125
1 0.134375 0.80078125 0.034375 0.021875
1 0.38671875 0.79765625 0.03125 0.025
1 0.3890625 0.56640625 0.0359375 0.03125
1 0.59453125 0.565625 0.04296875 0.0328125
1 0.59609375 0.7984375 0.03671875 0.02578125
1 0.84609375 0.8015625 0.0390625 0.02734375
1 0.84921875 0.47578125 0.0359375 0.0265625
1 0.84609375 0.29921875 0.03203125 0.028125
1 0.38828125 0.47265625 0.0359375 0.02578125
1 0.59765625 0.4734375 0.04296875 0.028125