1 0.134375 0.11328125 0.02109375 0.03515625
1 0.134375 0.69375 0.02109375 0.0328125
1 0.134375 0.85625 0.02109375 0.034375
1 0.35625 0.85546875 0.02421875 0.03515625
1 0.35546875 0.6921875 0.0234375 0.03515625
1 0.35703125 0.42421875 0.02265625 0.03828125
1 0.35625 0.1140625 0.0234375 0.0328125
1 0.665625 0.1140625 0.02109375 0.03203125
1 0.6671875 0.56796875 0.02265625 0.0296875
1 0.66640625 0.8546875 0.02421875 0.034375
1 0.8875 0.8546875 0.02109375 0.03203125
1 0.8875 0.56875 0.0203125 0.03515625
1 0.8875 0.1140625 0.0203125 0.03359375
2 0.134375 0.24921875 0.021875 0.25703125
2 0.15625 0.1140625 0.034375 0.0328125
2 0.246875 0.1140625 0.06875 0.034375
2 0.25 0.18203125 0.0140625 0.1703125
2 0.27421875 0.253125 0.184375 0.0296875
2 0.35546875 0.30390625 0.02265625 0.2296875
2 0.33671875 0.1125 0.03125 0.0359375
2 0.37578125 0.11484375 0.02734375 0.03671875
2 0.51171875 0.11328125 0.04453125 0.03671875
2 0.646875 0.11328125 0.0296875 0.03828125
2 0.69765625 0.11328125 0.05546875 0.03515625
2 0.6671875 0.29375 0.025 0.35234375
2 0.54921875 0.4265625 0.25859375 0.04375
2 0.86015625 0.11328125 0.046875 0.03515625
2 0.8875 0.18671875 0.02109375 0.13359375
2 0.8875 0.49609375 0.0234375 0.13125
2 0.8875 0.61171875 0.02109375 0.071875
2 0.7765625 0.56875 0.21171875 0.03359375
2 0.6671875 0.75234375 0.02109375 0.2
2 0.6515625 0.69375 0.0515625 0.03359375
2 0.7765625 0.85703125 0.2109375 0.03828125
2 0.8875 0.81484375 0.0234375 0.0734375
2 0.378125 0.69375 0.0375 0.03671875
2 0.24453125 0.69296875 0.21171875 0.0296875
2 0.134375 0.721875 0.021875 0.04375
2 0.134375 0.82890625 0.021875 0.04609375
2 0.21328125 0.86171875 0.15078125 0.0296875
2 0.13359375 0.62109375 0.02265625 0.1328125
2 0.35625 0.5140625 0.0203125 0.1609375
0 0.51015625 0.4875 0.79296875 0.8234375