1 0.91171875 0.115625 0.021875 0.0375
1 0.9109375 0.7296875 0.021875 0.034375
1 0.9109375 0.90234375 0.021875 0.0375
1 0.67734375 0.90078125 0.025 0.0375
1 0.678125 0.728125 0.025 0.0375
1 0.6765625 0.44453125 0.025 0.040625
1 0.67734375 0.11640625 0.025 0.034375
1 0.35078125 0.115625 0.021875 0.034375
1 0.3484375 0.59609375 0.0234375 0.03125
1 0.34921875 0.9 0.025 0.0375
1 0.11640625 0.9 0.021875 0.034375
1 0.11640625 0.59765625 0.021875 0.0375
1 0.115625 0.115625 0.021875 0.034375
2 0.91171875 0.25859375 0.0234375 0.271875
2 0.88828125 0.11640625 0.0359375 0.034375
2 0.79296875 0.11640625 0.071875 0.0359375
2 0.7890625 0.1875 0.015625 0.18125
2 0.76328125 0.26328125 0.1953125 0.03125
2 0.678125 0.31640625 0.0234375 0.24375
2 0.696875 0.11484375 0.0328125 0.0375
2 0.65625 0.11640625 0.028125 0.0375
2 0.51328125 0.115625 0.046875 0.0390625
2 0.3703125 0.115625 0.03125 0.040625
2 0.31640625 0.115625 0.059375 0.0375
2 0.34921875 0.30625 0.025 0.371875
2 0.4734375 0.446875 0.271875 0.046875
2 0.1453125 0.11484375 0.05 0.0375
2 0.11640625 0.1921875 0.021875 0.140625
2 0.11640625 0.5203125 0.025 0.1375
2 0.115625 0.64296875 0.021875 0.075
2 0.2328125 0.596875 0.225 0.0359375
2 0.34921875 0.79140625 0.021875 0.2125
2 0.36484375 0.7296875 0.053125 0.0359375
2 0.2328125 0.90234375 0.221875 0.040625
2 0.115625 0.8578125 0.025 0.078125
2 0.65390625 0.7296875 0.0390625 0.0390625
2 0.7953125 0.72890625 0.2234375 0.03125
2 0.9109375 0.759375 0.0234375 0.046875
2 0.9109375 0.87265625 0.0234375 0.05
2 0.828125 0.90703125 0.159375 0.03125
2 0.91171875 0.65234375 0.0234375 0.140625
2 0.67734375 0.53984375 0.021875 0.1703125
0 0.51484375 0.51171875 0.8375 0.871875