1 0.94609375 0.08671875 0.0375 0.021875
1 0.31484375 0.0875 0.034375 0.021875
1 0.13671875 0.0875 0.0375 0.021875
1 0.13828125 0.328125 0.0375 0.0265625
1 0.315625 0.32734375 0.0375 0.025
1 0.6078125 0.32890625 0.040625 0.025
1 0.9453125 0.328125 0.034375 0.025
1 0.94609375 0.6640625 0.034375 0.021875
1 0.4515625 0.66640625 0.03125 0.025
1 0.1390625 0.665625 0.0375 0.0265625
1 0.1390625 0.90546875 0.034375 0.0234375
1 0.45 0.90546875 0.0375 0.021875
1 0.9453125 0.90625 0.0359375 0.021875
2 0.7984375 0.08671875 0.2796875 0.0234375
2 0.9453125 0.1109375 0.0359375 0.0375
2 0.9453125 0.209375 0.0375 0.075
2 0.871875 0.2125 0.1859375 0.015625
2 0.79453125 0.2390625 0.0328125 0.2
2 0.7390625 0.3265625 0.25 0.025
2 0.946875 0.30703125 0.0390625 0.034375
2 0.94453125 0.35 0.040625 0.0296875
2 0.94609375 0.496875 0.040625 0.0484375
2 0.94609375 0.64375 0.040625 0.03125
2 0.94609375 0.69921875 0.0375 0.059375
2 0.75 0.665625 0.384375 0.0265625
2 0.60546875 0.5375 0.046875 0.28125
2 0.94609375 0.87578125 0.0375 0.0515625
2 0.8671875 0.90546875 0.146875 0.021875
2 0.5296875 0.90546875 0.1421875 0.025
2 0.40390625 0.90546875 0.078125 0.021875
2 0.45078125 0.78515625 0.0375 0.23125
2 0.25078125 0.665625 0.21875 0.0234375
2 0.3140625 0.64921875 0.0375 0.05625
2 0.13671875 0.78515625 0.040625 0.228125
2 0.1828125 0.90546875 0.0796875 0.025
2 0.3140625 0.3515625 0.040625 0.040625
2 0.31484375 0.20625 0.0328125 0.23125
2 0.28359375 0.0875 0.046875 0.025
2 0.16640625 0.0875 0.05 0.025
2 0.13125 0.17265625 0.0328125 0.1625
2 0.39375 0.0859375 0.14375 0.025
2 0.509375 0.328125 0.175 0.021875
0 0.53828125 0.4953125 0.896875 0.8625