1 0.11875 0.07578125 0.02421875 0.0171875
1 0.35703125 0.07578125 0.02421875 0.01796875
1 0.11875 0.39140625 0.02578125 0.021875
1 0.35859375 0.3921875 0.02734375 0.021875
1 0.11875 0.48828125 0.02265625 0.0203125
1 0.35703125 0.4890625 0.0265625 0.0234375
1 0.11953125 0.80234375 0.02578125 0.0203125
1 0.3578125 0.8046875 0.02578125 0.02265625
1 0.11953125 0.95625 0.0234375 0.01875
1 0.37265625 0.95546875 0.021875 0.01875
1 0.446875 0.95546875 0.021875 0.01953125
1 0.5328125 0.48671875 0.02578125 0.01953125
1 0.53203125 0.28125 0.02421875 0.021875
1 0.725 0.07578125 0.02578125 0.0171875
1 0.9 0.0765625 0.025 0.0171875
1 0.9 0.28203125 0.025 0.0203125
1 0.69296875 0.4875 0.02734375 0.0171875
1 0.89921875 0.4875 0.02421875 0.01796875
1 0.69296875 0.69375 0.02421875 0.01953125
1 0.89921875 0.69453125 0.02109375 0.021875
1 0.69140625 0.95625 0.02890625 0.0203125
1 0.8984375 0.95625 0.0265625 0.01875
2 0.15078125 0.07578125 0.05390625 0.01875
2 0.11875 0.115625 0.02421875 0.07421875
2 0.32421875 0.07578125 0.06328125 0.01796875
2 0.35859375 0.20546875 0.02421875 0.25390625
2 0.475 0.28125 0.10234375 0.02265625
2 0.68984375 0.28125 0.3078125 0.021875
2 0.8984375 0.25625 0.02421875 0.0421875
2 0.9 0.31328125 0.0234375 0.05625
2 0.7234375 0.20625 0.02109375 0.17109375
2 0.86484375 0.07578125 0.05625 0.01796875
2 0.9 0.146875 0.025 0.08125
2 0.8125 0.17734375 0.2 0.0203125
2 0.75625 0.07578125 0.05625 0.01796875
2 0.675 0.07578125 0.08984375 0.01796875
2 0.40546875 0.07578125 0.08828125 0.01796875
2 0.53203125 0.4109375 0.02421875 0.14609375
2 0.61171875 0.4875 0.1515625 0.02109375
2 0.7953125 0.48671875 0.19921875 0.01796875
2 0.8984375 0.46484375 0.0234375 0.0453125
2 0.89921875 0.56015625 0.025 0.0515625
2 0.69296875 0.6125 0.0265625 0.15703125
2 0.79609375 0.69453125 0.19921875 0.021875
2 0.8984375 0.6734375 0.02421875 0.034375
2 0.6921875 0.75625 0.0234375 0.11796875
2 0.44765625 0.87421875 0.02421875 0.16171875
2 0.284375 0.9546875 0.16796875 0.02109375
2 0.1171875 0.92734375 0.02265625 0.04765625
2 0.11875 0.83125 0.021875 0.04609375
2 0.2640625 0.80390625 0.18046875 0.02265625
2 0.3578125 0.67109375 0.02421875 0.25546875
2 0.11796875 0.76328125 0.02578125 0.07578125
2 0.11796875 0.528125 0.025 0.07421875
2 0.2390625 0.48828125 0.2296875 0.021875
2 0.25234375 0.46796875 0.021875 0.0609375
2 0.11796875 0.4671875 0.02421875 0.0359375
2 0.11875 0.41328125 0.02421875 0.03671875
2 0.23828125 0.3921875 0.23046875 0.0234375
2 0.11875 0.35078125 0.02578125 0.07578125
0 0.51171875 0.5171875 0.834375 0.91953125