1 0.88359375 0.925 0.025 0.0171875
1 0.64296875 0.925 0.025 0.01875
1 0.88359375 0.60546875 0.025 0.021875
1 0.64140625 0.60546875 0.028125 0.021875
1 0.88359375 0.50859375 0.0234375 0.0203125
1 0.64296875 0.50703125 0.0265625 0.025
1 0.8828125 0.190625 0.025 0.021875
1 0.6421875 0.18828125 0.025 0.021875
1 0.8828125 0.03515625 0.0234375 0.01875
1 0.62734375 0.03515625 0.021875 0.01875
1 0.5515625 0.0359375 0.021875 0.01875
1 0.46484375 0.509375 0.025 0.01875
1 0.46640625 0.7171875 0.025 0.021875
1 0.27109375 0.925 0.0265625 0.0171875
1 0.09375 0.92421875 0.025 0.01875
1 0.09375 0.71640625 0.025 0.021875
1 0.303125 0.50859375 0.028125 0.0171875
1 0.09453125 0.50859375 0.025 0.01875
1 0.303125 0.30078125 0.025 0.01875
1 0.09453125 0.3 0.021875 0.021875
1 0.3046875 0.03515625 0.028125 0.0203125
1 0.0953125 0.034375 0.0265625 0.01875
2 0.8515625 0.925 0.053125 0.01875
2 0.88359375 0.88515625 0.025 0.075
2 0.6765625 0.925 0.0640625 0.01875
2 0.64140625 0.79375 0.025 0.25625
2 0.5234375 0.7171875 0.103125 0.0234375
2 0.30625 0.7171875 0.3109375 0.021875
2 0.0953125 0.74296875 0.025 0.0421875
2 0.09375 0.684375 0.025 0.05625
2 0.271875 0.79296875 0.021875 0.1734375
2 0.12890625 0.925 0.05625 0.01875
2 0.09375 0.853125 0.025 0.0828125
2 0.18203125 0.821875 0.203125 0.021875
2 0.2390625 0.925 0.05625 0.01875
2 0.32109375 0.925 0.090625 0.01875
2 0.59375 0.925 0.0890625 0.01875
2 0.465625 0.5859375 0.025 0.146875
2 0.38515625 0.50859375 0.153125 0.021875
2 0.2 0.509375 0.2015625 0.01875
2 0.0953125 0.53125 0.025 0.046875
2 0.09453125 0.43515625 0.025 0.0515625
2 0.303125 0.38203125 0.0265625 0.159375
2 0.1984375 0.29921875 0.2015625 0.021875
2 0.0953125 0.32109375 0.025 0.034375
2 0.30390625 0.23671875 0.025 0.11875
2 0.5515625 0.11796875 0.025 0.1640625
2 0.71640625 0.03671875 0.1703125 0.021875
2 0.88515625 0.0640625 0.0234375 0.0484375
2 0.88359375 0.1609375 0.021875 0.046875
2 0.73671875 0.18828125 0.18125 0.021875
2 0.64140625 0.32265625 0.025 0.2578125
2 0.884375 0.2296875 0.025 0.0765625
2 0.884375 0.4671875 0.025 0.075
2 0.7625 0.5078125 0.23125 0.0234375
2 0.7484375 0.52890625 0.021875 0.0625
2 0.884375 0.52890625 0.025 0.0359375
2 0.88359375 0.584375 0.025 0.0375
2 0.7625 0.60546875 0.2328125 0.0234375
2 0.88359375 0.646875 0.025 0.078125
0 0.4859375 0.47890625 0.84375 0.9296875