1 0.1125 0.06015625 0.046875 0.03515625
1 0.44609375 0.075 0.04375 0.03671875
1 0.60859375 0.0796875 0.04609375 0.03046875
1 0.9140625 0.0890625 0.03828125 0.0328125
1 0.91796875 0.35078125 0.04296875 0.03046875
1 0.6109375 0.34921875 0.04296875 0.03046875
1 0.44296875 0.34921875 0.04296875 0.02890625
1 0.12265625 0.34140625 0.05390625 0.02890625
1 0.453125 0.50078125 0.0453125 0.0296875
1 0.31796875 0.57109375 0.0421875 0.03046875
1 0.11484375 0.57578125 0.04375 0.0328125
1 0.60390625 0.57734375 0.0390625 0.02890625
1 0.78828125 0.48828125 0.03515625 0.0265625
1 0.92265625 0.575 0.0421875 0.03046875
1 0.61640625 0.82734375 0.04609375 0.0265625
1 0.925 0.82265625 0.04140625 0.03046875
1 0.36484375 0.8375 0.040625 0.034375
1 0.1125 0.84296875 0.04453125 0.02890625