1 0.11015625 0.0578125 0.05 0.0375
1 0.46015625 0.0734375 0.046875 0.0375
1 0.63046875 0.07890625 0.0484375 0.03125
1 0.95078125 0.0875 0.040625 0.034375
1 0.9546875 0.36328125 0.0453125 0.03125
1 0.6328125 0.3609375 0.04375 0.03125
1 0.45625 0.3609375 0.0453125 0.03125
1 0.12109375 0.35234375 0.05625 0.0296875
1 0.46796875 0.5203125 0.046875 0.03125
1 0.32578125 0.59375 0.04375 0.03125
1 0.11328125 0.59921875 0.046875 0.034375
1 0.62578125 0.60078125 0.040625 0.03125
1 0.81875 0.50703125 0.0375 0.028125
1 0.96015625 0.5984375 0.04375 0.03125
1 0.6390625 0.86328125 0.0484375 0.028125
1 0.9625 0.8578125 0.04375 0.03125
1 0.375 0.8734375 0.04375 0.0359375
1 0.1109375 0.8796875 0.046875 0.03125