1 0.91796875 0.95703125 0.028125 0.01875
1 0.653125 0.9578125 0.028125 0.0203125
1 0.91796875 0.60546875 0.028125 0.025
1 0.6515625 0.60546875 0.03125 0.025
1 0.91796875 0.4984375 0.025 0.021875
1 0.653125 0.49765625 0.028125 0.0265625
1 0.9171875 0.14921875 0.028125 0.021875
1 0.65234375 0.146875 0.0296875 0.025
1 0.4578125 0.5 0.028125 0.021875
1 0.45859375 0.72890625 0.0265625 0.025
1 0.24375 0.95703125 0.028125 0.01875
1 0.04921875 0.95625 0.028125 0.01875
1 0.04921875 0.72734375 0.028125 0.021875
1 0.27890625 0.49921875 0.03125 0.01875
1 0.05 0.49921875 0.0265625 0.0203125
1 0.2796875 0.2703125 0.0265625 0.021875
1 0.05 0.26953125 0.0234375 0.025
2 0.88203125 0.95703125 0.059375 0.021875
2 0.91796875 0.91328125 0.0265625 0.0828125
2 0.68984375 0.95703125 0.0703125 0.0203125
2 0.6515625 0.81328125 0.028125 0.28125
2 0.521875 0.728125 0.1140625 0.025
2 0.2828125 0.72890625 0.3421875 0.025
2 0.05078125 0.75625 0.0265625 0.046875
2 0.04921875 0.69296875 0.0265625 0.0625
2 0.2453125 0.8125 0.025 0.190625
2 0.08828125 0.9578125 0.0625 0.01875
2 0.04921875 0.878125 0.028125 0.090625
2 0.146875 0.84375 0.221875 0.021875
2 0.20859375 0.95703125 0.0625 0.01875
2 0.29921875 0.95703125 0.1 0.01875
2 0.59921875 0.95703125 0.096875 0.01875
2 0.45859375 0.584375 0.0265625 0.1625
2 0.36953125 0.49921875 0.16875 0.0234375
2 0.165625 0.5 0.221875 0.0203125
2 0.05078125 0.52421875 0.0265625 0.05
2 0.05 0.41875 0.028125 0.05625
2 0.2796875 0.36015625 0.0296875 0.175
2 0.16484375 0.26875 0.221875 0.025
2 0.05078125 0.2921875 0.0265625 0.0375
2 0.28046875 0.2 0.0265625 0.13125
2 0.55390625 0.08046875 0.028125 0.1609375
2 0.921875 0.01875 0.025 0.0375
2 0.91796875 0.11640625 0.025 0.05
2 0.75625 0.146875 0.2 0.025
2 0.6515625 0.29453125 0.0265625 0.284375
2 0.91875 0.1921875 0.028125 0.084375
2 0.91875 0.45390625 0.028125 0.0828125
2 0.784375 0.4984375 0.25625 0.025
2 0.76875 0.52109375 0.025 0.06875
2 0.91875 0.52109375 0.0265625 0.040625
2 0.91875 0.58203125 0.028125 0.040625
2 0.784375 0.60546875 0.25625 0.0265625
2 0.91796875 0.6515625 0.028125 0.084375
0 0.48203125 0.48984375 0.928125 0.978125