1 0.07890625 0.96171875 0.05 0.0375
1 0.4265625 0.9453125 0.046875 0.0375
1 0.596875 0.940625 0.046875 0.03125
1 0.915625 0.93125 0.040625 0.034375
1 0.91953125 0.6578125 0.0453125 0.03125
1 0.59921875 0.659375 0.04375 0.03125
1 0.4234375 0.659375 0.0453125 0.03125
1 0.0890625 0.66796875 0.05625 0.0296875
1 0.434375 0.5015625 0.046875 0.03125
1 0.29296875 0.428125 0.04375 0.03125
1 0.08125 0.42265625 0.0453125 0.034375
1 0.5921875 0.42109375 0.040625 0.03125
1 0.784375 0.5140625 0.0375 0.028125
1 0.925 0.4234375 0.04375 0.03125
1 0.60546875 0.16015625 0.046875 0.028125
1 0.92734375 0.16484375 0.04375 0.03125
1 0.3421875 0.15 0.04375 0.0359375
1 0.07890625 0.14375 0.046875 0.03125