1 0.9171875 0.13984375 0.0265625 0.0234375
1 0.659375 0.140625 0.03203125 0.02734375
1 0.659375 0.31875 0.02890625 0.025
1 0.91796875 0.3203125 0.025 0.0265625
1 0.65625 0.49140625 0.03515625 0.025
1 0.91640625 0.49140625 0.03203125 0.025
1 0.9203125 0.7171875 0.03125 0.02421875
1 0.58515625 0.71796875 0.02890625 0.02890625
1 0.91796875 0.88984375 0.0265625 0.025
1 0.58515625 0.8890625 0.03203125 0.025
1 0.41328125 0.8890625 0.0265625 0.02421875
1 0.41171875 0.71640625 0.03515625 0.028125
1 0.34609375 0.490625 0.03203125 0.02265625
1 0.33828125 0.31875 0.03203125 0.03046875
1 0.33828125 0.140625 0.0296875 0.02578125
1 0.08125 0.1421875 0.0296875 0.02578125
1 0.07890625 0.31953125 0.02734375 0.025
1 0.0796875 0.49296875 0.028125 0.025
1 0.0796875 0.71953125 0.028125 0.0265625
1 0.0796875 0.8890625 0.0296875 0.02421875
2 0.17890625 0.13671875 0.184375 0.01015625
2 0.07734375 0.1796875 0.0109375 0.06328125
2 0.07734375 0.278125 0.0109375 0.06796875
2 0.34140625 0.165625 0.0109375 0.03828125
2 0.35625 0.13671875 0.02109375 0.00859375
2 0.43828125 0.13671875 0.0671875 0.0078125
2 0.56171875 0.13671875 0.06875 0.0078125
2 0.6421875 0.13671875 0.021875 0.00859375
2 0.703125 0.13671875 0.06796875 0.0078125
2 0.921875 0.17890625 0.01015625 0.0625
2 0.921875 0.27734375 0.01015625 0.06953125
2 0.78984375 0.31484375 0.240625 0.00859375
2 0.65703125 0.4046875 0.0109375 0.1578125
2 0.59140625 0.49453125 0.1078125 0.009375
2 0.5421875 0.57421875 0.01171875 0.1546875
2 0.55703125 0.7125 0.03984375 0.01171875
2 0.58125 0.80234375 0.0109375 0.15859375
2 0.58046875 0.91953125 0.0109375 0.04765625
2 0.534375 0.9515625 0.034375 0.009375
2 0.46328125 0.9515625 0.03203125 0.01015625
2 0.4171875 0.9203125 0.01171875 0.04921875
2 0.4171875 0.80234375 0.01015625 0.15703125
2 0.44140625 0.7125 0.0390625 0.0109375
2 0.26640625 0.71328125 0.1609375 0.009375
2 0.19140625 0.80234375 0.01171875 0.17265625
2 0.25703125 0.8921875 0.20234375 0.01015625
2 0.10546875 0.89296875 0.03046875 0.00703125
2 0.078125 0.75703125 0.01171875 0.06328125
2 0.10625 0.71484375 0.03984375 0.01015625
2 0.0765625 0.7046875 0.0109375 0.0140625
2 0.07734375 0.6453125 0.0109375 0.0390625
2 0.15625 0.64765625 0.1546875 0.01015625
2 0.07734375 0.57109375 0.0109375 0.0421875
2 0.1515625 0.571875 0.14140625 0.01171875
2 0.22734375 0.54609375 0.009375 0.1125
2 0.2484375 0.49453125 0.03515625 0.009375
2 0.13203125 0.4953125 0.08671875 0.0109375
2 0.07578125 0.5078125 0.009375 0.01875
2 0.0765625 0.45390625 0.01171875 0.06171875
2 0.07734375 0.33359375 0.0109375 0.01171875
2 0.209375 0.315625 0.2453125 0.00859375
2 0.340625 0.40546875 0.01015625 0.15703125
2 0.4078125 0.49453125 0.10859375 0.00859375
2 0.45625 0.57421875 0.01171875 0.153125
2 0.3421875 0.23828125 0.01015625 0.0265625
2 0.43125 0.2296875 0.16875 0.00859375
2 0.42734375 0.1828125 0.0109375 0.08515625
2 0.571875 0.18671875 0.01171875 0.09453125
2 0.65703125 0.2 0.01328125 0.10625
2 0.584375 0.22890625 0.03984375 0.00859375
2 0.921875 0.45234375 0.00859375 0.0625
2 0.865625 0.49453125 0.0875 0.0078125
2 0.75546875 0.49453125 0.046875 0.009375
2 0.77109375 0.5484375 0.01015625 0.1
2 0.84296875 0.5703125 0.15078125 0.0078125
2 0.921875 0.50859375 0.01015625 0.01875
2 0.92265625 0.5703125 0.009375 0.04296875
2 0.92265625 0.64296875 0.0125 0.03828125
2 0.84296875 0.646875 0.1515625 0.01015625
2 0.92109375 0.703125 0.0109375 0.01328125
2 0.8890625 0.7140625 0.0421875 0.00859375
2 0.734375 0.71328125 0.16875 0.01328125
2 0.80703125 0.80234375 0.015625 0.178125
2 0.92109375 0.75390625 0.0140625 0.065625
2 0.921875 0.87734375 0.0125 0.015625
2 0.740625 0.8921875 0.2015625 0.0125
2 0.8953125 0.89140625 0.03515625 0.01171875
0 0.4984375 0.51484375 0.8875 0.79921875