1 0.13671875 0.0078125 0.0421875 0.015625
1 0.425 0.0078125 0.040625 0.015625
1 0.6 0.00625 0.04375 0.0125
1 0.12578125 0.22109375 0.0484375 0.034375
1 0.4140625 0.21875 0.0453125 0.0296875
1 0.60859375 0.22109375 0.065625 0.025
1 0.9078125 0.2140625 0.0484375 0.03125
1 0.9125 0.33046875 0.0390625 0.0328125
1 0.1171875 0.33515625 0.046875 0.0390625
1 0.41484375 0.33125 0.03125 0.03125
1 0.59609375 0.3296875 0.040625 0.034375
1 0.59453125 0.56875 0.0484375 0.03125
1 0.9234375 0.5765625 0.04375 0.0375
1 0.4109375 0.57421875 0.0484375 0.028125
1 0.09921875 0.5703125 0.05 0.03125
1 0.08046875 0.89765625 0.053125 0.0390625
1 0.39453125 0.90546875 0.0421875 0.0359375
1 0.8390625 0.8515625 0.053125 0.03125