1 0.94296875 0.13046875 0.0296875 0.040625
1 0.946875 0.41171875 0.03125 0.040625
1 0.95 0.58203125 0.0328125 0.04375
1 0.95859375 0.878125 0.028125 0.05
1 0.7296875 0.11875 0.0328125 0.046875
1 0.73203125 0.4 0.028125 0.04375
1 0.7296875 0.58984375 0.025 0.065625
1 0.73671875 0.88203125 0.03125 0.046875
1 0.6234375 0.88671875 0.03125 0.0375
1 0.61875 0.11015625 0.0375 0.0453125
1 0.621875 0.40078125 0.03125 0.03125
1 0.6234375 0.578125 0.0328125 0.040625
1 0.390625 0.5765625 0.03125 0.046875
1 0.3828125 0.89765625 0.0359375 0.04375
1 0.38515625 0.396875 0.028125 0.046875
1 0.3890625 0.0921875 0.03125 0.05
1 0.06953125 0.07421875 0.0375 0.0515625
1 0.0609375 0.38046875 0.034375 0.040625
1 0.1140625 0.815625 0.03125 0.0515625