1 0.07421875 0.140625 0.028125 0.025
1 0.33515625 0.14140625 0.0328125 0.028125
1 0.334375 0.32109375 0.028125 0.025
1 0.0734375 0.32265625 0.025 0.028125
1 0.33828125 0.4953125 0.034375 0.025
1 0.07421875 0.4953125 0.0328125 0.025
1 0.07109375 0.7234375 0.03125 0.025
1 0.409375 0.72421875 0.028125 0.028125
1 0.0734375 0.8984375 0.0265625 0.025
1 0.409375 0.89765625 0.03125 0.025
1 0.58359375 0.89765625 0.0265625 0.025
1 0.58515625 0.72265625 0.034375 0.028125
1 0.6515625 0.4953125 0.0328125 0.021875
1 0.659375 0.3203125 0.0328125 0.03125
1 0.659375 0.14140625 0.03125 0.0265625
1 0.91953125 0.14296875 0.03125 0.0265625
1 0.92109375 0.321875 0.028125 0.025
1 0.92109375 0.49765625 0.028125 0.025
1 0.9203125 0.72578125 0.028125 0.028125
1 0.92109375 0.89765625 0.03125 0.025
2 0.8203125 0.13671875 0.1875 0.009375
2 0.9234375 0.18046875 0.0109375 0.0625
2 0.9234375 0.2796875 0.0109375 0.06875
2 0.65625 0.16640625 0.0109375 0.0375
2 0.64140625 0.13671875 0.021875 0.009375
2 0.55859375 0.13671875 0.06875 0.0078125
2 0.4328125 0.13671875 0.06875 0.0078125
2 0.3515625 0.1375 0.021875 0.009375
2 0.290625 0.13671875 0.06875 0.0078125
2 0.06953125 0.1796875 0.009375 0.0625
2 0.06953125 0.27890625 0.009375 0.0703125
2 0.203125 0.3171875 0.24375 0.009375
2 0.3375 0.4078125 0.0109375 0.159375
2 0.40390625 0.4984375 0.109375 0.009375
2 0.453125 0.57890625 0.0125 0.15625
2 0.43828125 0.71953125 0.040625 0.0125
2 0.4140625 0.81015625 0.0109375 0.1609375
2 0.4140625 0.928125 0.0109375 0.0484375
2 0.4609375 0.9609375 0.034375 0.009375
2 0.5328125 0.9609375 0.0328125 0.009375
2 0.5796875 0.9296875 0.0125 0.05
2 0.5796875 0.809375 0.0109375 0.159375
2 0.5546875 0.71875 0.0390625 0.0109375
2 0.73203125 0.7203125 0.1625 0.009375
2 0.8078125 0.81015625 0.0125 0.175
2 0.74140625 0.90078125 0.2046875 0.0109375
2 0.8953125 0.9015625 0.03125 0.00625
2 0.92265625 0.7640625 0.0125 0.0640625
2 0.89375 0.721875 0.040625 0.009375
2 0.92421875 0.7109375 0.0109375 0.0140625
2 0.9234375 0.65078125 0.0109375 0.0390625
2 0.84296875 0.653125 0.15625 0.009375
2 0.9234375 0.5765625 0.0109375 0.04375
2 0.8484375 0.57734375 0.14375 0.0125
2 0.771875 0.55078125 0.009375 0.1140625
2 0.75078125 0.4984375 0.034375 0.009375
2 0.86796875 0.5 0.0875 0.0109375
2 0.925 0.51171875 0.009375 0.01875
2 0.9234375 0.4578125 0.0125 0.0625
2 0.9234375 0.3359375 0.0109375 0.0125
2 0.78984375 0.31796875 0.246875 0.009375
2 0.65703125 0.40859375 0.009375 0.159375
2 0.5890625 0.49921875 0.109375 0.009375
2 0.53984375 0.5796875 0.0125 0.1546875
2 0.65546875 0.23984375 0.009375 0.028125
2 0.56484375 0.23046875 0.171875 0.009375
2 0.56875 0.18359375 0.0109375 0.0859375
2 0.4234375 0.1875 0.0125 0.0953125
2 0.3375 0.20078125 0.0125 0.10625
2 0.41015625 0.23046875 0.040625 0.009375
2 0.06953125 0.45625 0.009375 0.0625
2 0.12578125 0.4984375 0.0875 0.009375
2 0.2375 0.49921875 0.046875 0.009375
2 0.22109375 0.55390625 0.009375 0.1
2 0.14921875 0.575 0.153125 0.0078125
2 0.06953125 0.5125 0.009375 0.01875
2 0.06875 0.575 0.009375 0.04375
2 0.06875 0.6484375 0.0125 0.0375
2 0.14921875 0.65234375 0.153125 0.009375
2 0.06953125 0.71015625 0.0109375 0.0125
2 0.10234375 0.7203125 0.0421875 0.009375
2 0.259375 0.71953125 0.1703125 0.0140625
2 0.1859375 0.81015625 0.015625 0.1796875
2 0.06953125 0.7609375 0.0140625 0.065625
2 0.06875 0.8859375 0.0125 0.015625
2 0.253125 0.90078125 0.203125 0.0125
2 0.096875 0.9 0.034375 0.0125
0 0.49765625 0.51953125 0.896875 0.8078125