1 0.12734375 0.9828125 0.0265625 0.0296875
1 0.128125 0.6953125 0.03125 0.0359375
1 0.32734375 0.6953125 0.028125 0.03125
1 0.32890625 0.984375 0.0296875 0.028125
1 0.5203125 0.69140625 0.028125 0.0390625
1 0.51875 0.98125 0.028125 0.0375
1 0.771875 0.98359375 0.025 0.0328125
1 0.77421875 0.6125 0.0328125 0.03125
1 0.9671875 0.984375 0.028125 0.0296875
1 0.96640625 0.6125 0.028125 0.0359375
1 0.96640625 0.41953125 0.028125 0.0296875
1 0.77265625 0.41796875 0.03125 0.0390625
1 0.5203125 0.34453125 0.025 0.0359375
1 0.32734375 0.3359375 0.034375 0.0359375
1 0.128125 0.33515625 0.028125 0.034375
1 0.1296875 0.0484375 0.028125 0.034375
1 0.328125 0.04609375 0.028125 0.03125
1 0.52265625 0.04609375 0.028125 0.03125
1 0.77578125 0.046875 0.0296875 0.03125
1 0.965625 0.046875 0.028125 0.034375
2 0.1234375 0.1578125 0.0125 0.20625
2 0.171875 0.04375 0.0703125 0.0125
2 0.28125 0.04375 0.075 0.0125
2 0.15546875 0.3390625 0.04375 0.0125
2 0.12265625 0.35546875 0.009375 0.025
2 0.1234375 0.44765625 0.009375 0.075
2 0.12265625 0.5859375 0.009375 0.0765625
2 0.1234375 0.67578125 0.009375 0.025
2 0.1234375 0.74375 0.009375 0.075
2 0.1703125 0.98828125 0.0703125 0.0109375
2 0.28046875 0.98828125 0.078125 0.0109375
2 0.3234375 0.840625 0.009375 0.26875
2 0.4234375 0.6921875 0.1765625 0.0125
2 0.52421875 0.61875 0.009375 0.1203125
2 0.61328125 0.5640625 0.1734375 0.0125
2 0.76875 0.58046875 0.0125 0.0453125
2 0.86953125 0.6078125 0.178125 0.0125
2 0.9859375 0.60625 0.028125 0.0125
2 0.9859375 0.42265625 0.028125 0.0140625
2 0.86875 0.4234375 0.175 0.0125
2 0.76796875 0.4515625 0.0125 0.04375
2 0.76953125 0.25546875 0.009375 0.18125
2 0.86953125 0.171875 0.19375 0.0125
2 0.96953125 0.2453125 0.0125 0.225
2 0.9703125 0.075 0.0078125 0.034375
2 0.81796875 0.04453125 0.071875 0.0125
2 0.77109375 0.0765625 0.0109375 0.04375
2 0.759375 0.04296875 0.015625 0.0125
2 0.69296875 0.04375 0.04375 0.0125
2 0.6953125 0.1328125 0.0125 0.171875
2 0.61015625 0.04375 0.046875 0.0125
2 0.6109375 0.12734375 0.0125 0.1578125
2 0.58203125 0.21171875 0.1265625 0.009375
2 0.52421875 0.23515625 0.0109375 0.0390625
2 0.52578125 0.1046875 0.0125 0.096875
2 0.5390625 0.0421875 0.021875 0.0109375
2 0.47890625 0.04296875 0.06875 0.0125
2 0.34375 0.04375 0.0125 0.0125
2 0.3234375 0.19140625 0.009375 0.275
2 0.42421875 0.3390625 0.175 0.0109375
2 0.52421875 0.4140625 0.009375 0.121875
2 0.6140625 0.46796875 0.171875 0.0125
2 0.2375 0.33984375 0.0296875 0.0125
2 0.22734375 0.43984375 0.009375 0.1890625
2 0.175 0.4359375 0.0953125 0.0125
2 0.1796875 0.596875 0.10625 0.0125
2 0.19375 0.6921875 0.11875 0.015625
2 0.2265625 0.6109375 0.009375 0.0453125
2 0.4765625 0.9890625 0.0703125 0.0109375
2 0.52421875 0.92578125 0.009375 0.096875
2 0.52421875 0.80234375 0.0109375 0.053125
2 0.58515625 0.8203125 0.1125 0.0109375
2 0.60859375 0.90078125 0.009375 0.16875
2 0.53984375 0.98828125 0.021875 0.0125
2 0.609375 0.9890625 0.0484375 0.0109375
2 0.690625 0.9890625 0.04375 0.0140625
2 0.69453125 0.90078125 0.0125 0.16875
2 0.7578125 0.98828125 0.015625 0.0125
2 0.76953125 0.9515625 0.009375 0.046875
2 0.76953125 0.77890625 0.015625 0.1890625
2 0.86875 0.86015625 0.2 0.0171875
2 0.81484375 0.98828125 0.0734375 0.015625
2 0.953125 0.9890625 0.01875 0.0125
2 0.96953125 0.78515625 0.0140625 0.225
2 0.96875 0.95859375 0.0125 0.0390625
0 0.546875 0.50859375 0.89375 0.9828125