1 0.275 0.1390625 0.03828125 0.02578125
1 0.54296875 0.140625 0.0375 0.02578125
1 0.85234375 0.14140625 0.04140625 0.02890625
1 0.8546875 0.31640625 0.0421875 0.0296875
1 0.6234375 0.31640625 0.034375 0.0265625
1 0.2734375 0.37109375 0.03671875 0.02734375
1 0.54296875 0.3734375 0.0375 0.028125
1 0.15078125 0.3734375 0.0375 0.02578125
1 0.1546875 0.5546875 0.0421875 0.02734375
1 0.27421875 0.5546875 0.03671875 0.0296875
1 0.54375 0.55625 0.04296875 0.025
1 0.66484375 0.49140625 0.0359375 0.02421875
1 0.8484375 0.49296875 0.03046875 0.02890625
1 0.8546875 0.621875 0.0453125 0.0296875
1 0.6203125 0.6203125 0.0421875 0.03203125
1 0.54453125 0.69453125 0.04609375 0.03125
1 0.27265625 0.69375 0.04296875 0.02734375
1 0.153125 0.69296875 0.0515625 0.034375
1 0.8515625 0.80234375 0.0421875 0.03359375
1 0.5421875 0.85390625 0.04453125 0.02734375
1 0.42734375 0.85390625 0.040625 0.02734375
1 0.1515625 0.8546875 0.04140625 0.0296875