0 0.46484375 0.5703125 0.909375 0.834375
1 0.12578125 0.94140625 0.015625 0.0265625
1 0.125 0.57421875 0.015625 0.028125
1 0.12578125 0.20390625 0.015625 0.028125
1 0.3890625 0.2046875 0.01875 0.0296875
1 0.38984375 0.571875 0.01875 0.028125
1 0.3890625 0.94375 0.0171875 0.0296875
1 0.60234375 0.9453125 0.015625 0.0265625
1 0.66328125 0.56640625 0.01875 0.034375
1 0.66171875 0.20546875 0.015625 0.0296875
1 0.81484375 0.203125 0.015625 0.0296875
1 0.9015625 0.2078125 0.015625 0.040625
1 0.9015625 0.4796875 0.015625 0.040625
1 0.9015625 0.57109375 0.0171875 0.0375
1 0.8140625 0.565625 0.015625 0.025
1 0.8140625 0.9421875 0.0140625 0.028125
2 0.49453125 0.68515625 0.109375 0.0203125
2 0.49609375 0.9453125 0.20625 0.0296875
2 0.709375 0.94453125 0.20625 0.0328125
2 0.81328125 0.89609375 0.01875 0.0875
2 0.8640625 0.95 0.09375 0.0234375
2 0.90390625 0.77109375 0.0125 0.3828125
2 0.8140625 0.60703125 0.0203125 0.08125
2 0.709375 0.5671875 0.090625 0.03125
2 0.66171875 0.4234375 0.01875 0.034375
2 0.7375 0.20078125 0.146875 0.025
2 0.8578125 0.2 0.0828125 0.028125
2 0.52578125 0.2046875 0.26875 0.0296875
2 0.3890625 0.33984375 0.01875 0.26875
2 0.25703125 0.2046875 0.2578125 0.028125
2 0.20390625 0.28515625 0.01875 0.1921875
2 0.125 0.328125 0.01875 0.128125
2 0.13984375 0.371875 0.0453125 0.025
2 0.125 0.60546875 0.015625 0.05625
2 0.125 0.54765625 0.0171875 0.0484375
2 0.2953125 0.57734375 0.184375 0.03125
2 0.3875 0.8046875 0.0171875 0.271875
2 0.25625 0.94453125 0.2625 0.0328125
2 0.203125 0.85234375 0.0171875 0.21875
2 0.12578125 0.809375 0.021875 0.1375
2 0.140625 0.7546875 0.05 0.028125
2 0.07578125 0.95 0.096875 0.021875
2 0.034375 0.575 0.015625 0.778125
2 0.075 0.19921875 0.1 0.0234375