0 0.4421875 0.45703125 0.8046875 0.8796875
1 0.08359375 0.1296875 0.02578125 0.015625
1 0.43828125 0.12890625 0.02734375 0.01484375
1 0.796875 0.1296875 0.02734375 0.015625
1 0.79609375 0.38359375 0.02890625 0.01796875
1 0.44140625 0.384375 0.028125 0.01796875
1 0.08125 0.38359375 0.02890625 0.0171875
1 0.08046875 0.590625 0.02578125 0.01640625
1 0.44609375 0.6484375 0.03203125 0.0171875
1 0.7953125 0.646875 0.02890625 0.015625
1 0.796875 0.7953125 0.02890625 0.01484375
1 0.7921875 0.87890625 0.0390625 0.01484375
1 0.53046875 0.87890625 0.0390625 0.015625
1 0.44140625 0.8796875 0.0359375 0.01640625
1 0.446875 0.79453125 0.02421875 0.015625
1 0.0828125 0.79453125 0.0265625 0.01328125
2 0.33125 0.4859375 0.01953125 0.10546875
2 0.08046875 0.4875 0.028125 0.2
2 0.08125 0.69375 0.03125 0.2
2 0.12734375 0.79375 0.084375 0.01796875
2 0.07578125 0.84296875 0.021875 0.09140625
2 0.2484375 0.88125 0.36953125 0.0125
2 0.40703125 0.79453125 0.078125 0.01953125
2 0.44609375 0.69375 0.03125 0.08828125
2 0.584375 0.646875 0.03359375 0.0171875
2 0.79921875 0.72109375 0.025 0.1421875
2 0.8 0.83671875 0.02578125 0.08046875
2 0.7953125 0.515625 0.02890625 0.259375
2 0.665625 0.38359375 0.26015625 0.01796875
2 0.79609375 0.25625 0.028125 0.24921875
2 0.7171875 0.2046875 0.1859375 0.01875
2 0.6765625 0.128125 0.1234375 0.01796875
2 0.634375 0.14296875 0.02421875 0.04453125
2 0.40859375 0.12890625 0.05546875 0.01640625
2 0.4640625 0.12890625 0.046875 0.01640625
2 0.4359375 0.29296875 0.03046875 0.178125
2 0.215625 0.3828125 0.2625 0.0171875
2 0.08125 0.25625 0.03203125 0.253125
2 0.1703125 0.20390625 0.2109375 0.01640625
2 0.21171875 0.1296875 0.13203125 0.0203125
2 0.2640625 0.14375 0.02734375 0.04765625
2 0.07578125 0.08125 0.02109375 0.09296875
2 0.43828125 0.04140625 0.75078125 0.0140625
2 0.80078125 0.08046875 0.02265625 0.09609375