1 0.09765625 0.78515625 0.028125 0.040625
1 0.09921875 0.49453125 0.028125 0.040625
1 0.1 0.15859375 0.03125 0.04375
1 0.290625 0.15625 0.0328125 0.046875
1 0.290625 0.40703125 0.028125 0.0375
1 0.34921875 0.7875 0.0296875 0.040625
1 0.35234375 0.49453125 0.03125 0.040625
1 0.3515625 0.9203125 0.028125 0.040625
1 0.54921875 0.91640625 0.0296875 0.0453125
1 0.5484375 0.78671875 0.0328125 0.040625
1 0.55078125 0.49375 0.028125 0.046875
1 0.4796875 0.3625 0.0265625 0.0390625
1 0.48125 0.16328125 0.03125 0.0328125
1 0.62265625 0.15625 0.03125 0.05
1 0.6203125 0.4109375 0.034375 0.0453125
1 0.70078125 0.49296875 0.034375 0.05
1 0.7 0.78828125 0.0296875 0.046875
1 0.6984375 0.91796875 0.0375 0.05625
1 0.81796875 0.159375 0.0359375 0.046875
1 0.8734375 0.49609375 0.0296875 0.0484375
1 0.8734375 0.6203125 0.0296875 0.04375
1 0.875 0.91953125 0.03125 0.04375