0 0.5453125 0.53671875 0.828125 0.903125
1 0.9140625 0.8734375 0.0265625 0.015625
1 0.54921875 0.87421875 0.028125 0.015625
1 0.18046875 0.87265625 0.028125 0.015625
1 0.18203125 0.6125 0.0296875 0.01875
1 0.54609375 0.6109375 0.028125 0.01875
1 0.91640625 0.6125 0.0296875 0.0171875
1 0.9171875 0.4 0.0265625 0.015625
1 0.54140625 0.340625 0.0328125 0.01875
1 0.1828125 0.3421875 0.0296875 0.015625
1 0.18046875 0.18984375 0.0296875 0.015625
1 0.18515625 0.10390625 0.040625 0.015625
1 0.4546875 0.10390625 0.040625 0.015625
1 0.54609375 0.103125 0.0375 0.015625
1 0.53984375 0.190625 0.025 0.015625
1 0.91484375 0.190625 0.028125 0.0140625
2 0.659375 0.50703125 0.0203125 0.109375
2 0.9171875 0.50546875 0.028125 0.20625
2 0.91640625 0.29453125 0.0328125 0.20625
2 0.86875 0.19140625 0.0875 0.01875
2 0.921875 0.14140625 0.021875 0.09375
2 0.74453125 0.1015625 0.3796875 0.0125
2 0.58125 0.190625 0.08125 0.01875
2 0.54140625 0.29453125 0.03125 0.090625
2 0.39921875 0.3421875 0.034375 0.01875
2 0.178125 0.26640625 0.0265625 0.146875
2 0.17734375 0.14765625 0.0265625 0.08125
2 0.18203125 0.4765625 0.0296875 0.265625
2 0.315625 0.6125 0.26875 0.01875
2 0.18203125 0.74296875 0.0296875 0.25625
2 0.2625 0.79609375 0.190625 0.01875
2 0.30390625 0.87421875 0.128125 0.01875
2 0.34765625 0.859375 0.025 0.0453125
2 0.5796875 0.87421875 0.05625 0.015625
2 0.52265625 0.8734375 0.046875 0.0171875
2 0.5515625 0.70546875 0.03125 0.1828125
2 0.778125 0.61328125 0.26875 0.0171875
2 0.91640625 0.74375 0.0328125 0.2609375
2 0.825 0.796875 0.2171875 0.0171875
2 0.78203125 0.8734375 0.1359375 0.021875
2 0.728125 0.85859375 0.028125 0.0484375
2 0.92265625 0.92265625 0.021875 0.0953125
2 0.54921875 0.9640625 0.771875 0.015625
2 0.1765625 0.9234375 0.0234375 0.0984375