1 0.9328125 0.775 0.028125 0.040625
1 0.93125 0.4828125 0.028125 0.040625
1 0.93046875 0.14453125 0.03125 0.0453125
1 0.73828125 0.14296875 0.0328125 0.046875
1 0.73828125 0.39453125 0.028125 0.0375
1 0.67890625 0.77734375 0.0296875 0.040625
1 0.6765625 0.4828125 0.03125 0.040625
1 0.6765625 0.9109375 0.028125 0.0421875
1 0.478125 0.90703125 0.03125 0.046875
1 0.47890625 0.7765625 0.0328125 0.040625
1 0.4765625 0.48203125 0.028125 0.046875
1 0.54765625 0.35 0.0265625 0.0390625
1 0.54609375 0.14921875 0.03125 0.0328125
1 0.4046875 0.1421875 0.03125 0.05
1 0.40703125 0.3984375 0.034375 0.046875
1 0.325 0.48046875 0.034375 0.05
1 0.3265625 0.778125 0.0296875 0.046875
1 0.32734375 0.90859375 0.0375 0.05625
1 0.2078125 0.1453125 0.0375 0.046875
1 0.1515625 0.48359375 0.03125 0.05
1 0.1515625 0.609375 0.03125 0.0453125
1 0.15078125 0.91015625 0.03125 0.0453125