1 0.85390625 0.94765625 0.040625 0.0265625
1 0.5640625 0.94921875 0.040625 0.025
1 0.37890625 0.9484375 0.040625 0.025
1 0.10078125 0.9484375 0.0390625 0.025
1 0.1015625 0.69921875 0.040625 0.025
1 0.3765625 0.7 0.040625 0.025
1 0.5640625 0.7 0.0390625 0.025
1 0.85390625 0.7 0.040625 0.021875
1 0.85546875 0.53203125 0.040625 0.025
1 0.85546875 0.4515625 0.040625 0.025
1 0.56484375 0.5328125 0.0390625 0.021875
1 0.56484375 0.45234375 0.04375 0.021875
1 0.3765625 0.53203125 0.0390625 0.025
1 0.37578125 0.453125 0.0421875 0.021875
1 0.1015625 0.53203125 0.0375 0.0234375
1 0.10078125 0.45234375 0.0375 0.025
1 0.103125 0.203125 0.040625 0.025
1 0.1015625 0.0359375 0.0375 0.025
1 0.37734375 0.20234375 0.040625 0.025
1 0.37734375 0.03515625 0.04375 0.028125
1 0.5640625 0.203125 0.0421875 0.021875
1 0.56484375 0.03671875 0.040625 0.025
1 0.8546875 0.203125 0.040625 0.021875
1 0.8546875 0.0359375 0.040625 0.025
2 0.09921875 0.82421875 0.0328125 0.240625
2 0.23828125 0.94921875 0.2578125 0.025
2 0.3890625 0.85390625 0.025 0.18125
2 0.2390625 0.6984375 0.2609375 0.0171875
2 0.1 0.61796875 0.03125 0.159375
2 0.12890625 0.53203125 0.040625 0.021875
2 0.30859375 0.5328125 0.1125 0.021875
2 0.29609375 0.5859375 0.025 0.1
2 0.40625 0.5328125 0.040625 0.0234375
2 0.55703125 0.85390625 0.021875 0.18125
2 0.5109375 0.8171875 0.115625 0.01875
2 0.71171875 0.94921875 0.2703125 0.0234375
2 0.85703125 0.90859375 0.03125 0.071875
2 0.71015625 0.69609375 0.275 0.015625
2 0.5578125 0.61640625 0.01875 0.159375
2 0.5390625 0.5328125 0.03125 0.0203125
2 0.7109375 0.53359375 0.2671875 0.021875
2 0.909375 0.5296875 0.090625 0.0171875
2 0.94375 0.61328125 0.025 0.1828125
2 0.9109375 0.696875 0.0875 0.015625
2 0.85703125 0.42421875 0.03125 0.05
2 0.8578125 0.28125 0.0328125 0.05
2 0.71015625 0.453125 0.271875 0.021875
2 0.47109375 0.45390625 0.16875 0.021875
2 0.23984375 0.453125 0.2578125 0.021875
2 0.09921875 0.3265625 0.028125 0.240625
2 0.23984375 0.20078125 0.259375 0.015625
2 0.09921875 0.11875 0.0296875 0.159375
2 0.13125 0.0359375 0.0421875 0.021875
2 0.309375 0.0359375 0.121875 0.025
2 0.29453125 0.08203125 0.021875 0.115625
2 0.4046875 0.0359375 0.040625 0.025
2 0.5375 0.0359375 0.034375 0.025
2 0.55625 0.14921875 0.0234375 0.1
2 0.7125 0.20078125 0.271875 0.01875
2 0.90703125 0.20078125 0.0953125 0.01875
2 0.94296875 0.11640625 0.025 0.1859375
2 0.9109375 0.03359375 0.09375 0.015625
2 0.709375 0.0359375 0.26875 0.025
2 0.38515625 0.35859375 0.021875 0.18125
2 0.51171875 0.3203125 0.115625 0.01875
2 0.55703125 0.35625 0.021875 0.184375
0 0.51015625 0.49140625 0.909375 0.959375