1 0.06171875 0.1546875 0.02578125 0.0390625
1 0.0609375 0.43984375 0.0234375 0.03984375
1 0.0609375 0.621875 0.02421875 0.0390625
1 0.06171875 0.8953125 0.02421875 0.03828125
1 0.30625 0.89453125 0.02421875 0.0390625
1 0.30546875 0.62421875 0.025 0.040625
1 0.30625 0.43984375 0.0234375 0.03828125
1 0.30625 0.1546875 0.021875 0.040625
1 0.47109375 0.153125 0.0234375 0.0390625
1 0.55 0.153125 0.025 0.0390625
1 0.4703125 0.4390625 0.0203125 0.03828125
1 0.54921875 0.4390625 0.02265625 0.0421875
1 0.47109375 0.62421875 0.025 0.03828125
1 0.5484375 0.625 0.021875 0.04140625
1 0.47109375 0.89453125 0.02265625 0.03671875
1 0.55 0.8953125 0.0234375 0.0375
1 0.79453125 0.89296875 0.0234375 0.0390625
1 0.959375 0.89453125 0.02578125 0.03671875
1 0.7953125 0.6234375 0.025 0.040625
1 0.96015625 0.6234375 0.028125 0.04296875
1 0.7953125 0.43984375 0.021875 0.04140625
1 0.95859375 0.4390625 0.02421875 0.0390625
1 0.7953125 0.15390625 0.021875 0.04140625
1 0.959375 0.15390625 0.025 0.03984375
2 0.18359375 0.896875 0.23671875 0.03203125
2 0.0609375 0.76015625 0.0234375 0.253125
2 0.1546875 0.61171875 0.178125 0.02421875
2 0.3078125 0.759375 0.01640625 0.25625
2 0.38671875 0.89609375 0.15703125 0.03046875
2 0.47109375 0.86796875 0.02109375 0.040625
2 0.4703125 0.69140625 0.021875 0.1109375
2 0.41796875 0.703125 0.0984375 0.02421875
2 0.4703125 0.59453125 0.0234375 0.03984375
2 0.1546875 0.446875 0.17890625 0.0203125
2 0.19140625 0.4921875 0.01953125 0.1140625
2 0.0609375 0.29453125 0.02265625 0.26640625
2 0.10078125 0.1515625 0.0703125 0.03125
2 0.309375 0.29609375 0.015625 0.26953125
2 0.38828125 0.44609375 0.15625 0.01875
2 0.4703125 0.4640625 0.0203125 0.03046875
2 0.4703125 0.2953125 0.02109375 0.2625
2 0.4734375 0.1 0.01640625 0.08828125
2 0.39140625 0.06640625 0.1796875 0.0234375
2 0.309375 0.0984375 0.0140625 0.0859375
2 0.57734375 0.1515625 0.0484375 0.03125
2 0.71796875 0.15078125 0.04921875 0.03203125
2 0.54921875 0.29609375 0.02265625 0.2671875
2 0.5484375 0.53125 0.021875 0.165625
2 0.54921875 0.75859375 0.0203125 0.25390625
2 0.67265625 0.896875 0.23671875 0.028125
2 0.79765625 0.75859375 0.015625 0.2546875
2 0.878125 0.896875 0.15546875 0.02890625
2 0.959375 0.865625 0.021875 0.04140625
2 0.959375 0.690625 0.02421875 0.11953125
2 0.9140625 0.7046875 0.1140625 0.02265625
2 0.959375 0.59609375 0.0234375 0.040625
2 0.959375 0.465625 0.0234375 0.034375
2 0.84765625 0.44765625 0.09921875 0.02265625
2 0.79765625 0.29375 0.01796875 0.2671875
2 0.796875 0.10234375 0.01875 0.09375
2 0.8796875 0.0671875 0.18359375 0.02421875
2 0.96171875 0.0984375 0.01640625 0.09140625
2 0.959375 0.296875 0.0234375 0.265625
2 0.6421875 0.615625 0.17890625 0.021875
2 0.6796875 0.49140625 0.01796875 0.11484375
2 0.64375 0.446875 0.18203125 0.0203125
0 0.5109375 0.49296875 0.94375 0.89453125