1 0.84609375 0.05078125 0.040625 0.028125
1 0.5453125 0.05 0.0421875 0.025
1 0.353125 0.05 0.040625 0.025
1 0.0640625 0.05078125 0.040625 0.025
1 0.06484375 0.30859375 0.040625 0.025
1 0.35078125 0.3078125 0.0421875 0.0265625
1 0.5453125 0.30859375 0.040625 0.025
1 0.846875 0.30859375 0.04375 0.021875
1 0.8484375 0.4828125 0.040625 0.025
1 0.84765625 0.565625 0.040625 0.025
1 0.54609375 0.48203125 0.040625 0.021875
1 0.5453125 0.56484375 0.04375 0.0234375
1 0.35078125 0.48203125 0.040625 0.025
1 0.34921875 0.5640625 0.04375 0.0234375
1 0.06484375 0.4828125 0.0375 0.025
1 0.0640625 0.565625 0.0390625 0.025
1 0.06640625 0.8234375 0.040625 0.025
1 0.065625 0.99140625 0.0390625 0.0171875
1 0.3515625 0.82421875 0.04375 0.0265625
1 0.3515625 0.99140625 0.04375 0.0171875
1 0.54453125 0.82421875 0.04375 0.0234375
1 0.546875 0.99140625 0.04375 0.0171875
1 0.846875 0.82421875 0.04375 0.0234375
1 0.84765625 0.99140625 0.040625 0.0171875
2 0.0625 0.17890625 0.034375 0.25
2 0.20703125 0.05 0.26875 0.025
2 0.36328125 0.1484375 0.025 0.1875
2 0.20703125 0.31015625 0.271875 0.0171875
2 0.06328125 0.39375 0.03125 0.165625
2 0.09296875 0.48203125 0.04375 0.021875
2 0.2796875 0.48203125 0.1171875 0.021875
2 0.2671875 0.4265625 0.025 0.103125
2 0.38125 0.48203125 0.0421875 0.025
2 0.5375 0.1484375 0.021875 0.1890625
2 0.48984375 0.18671875 0.1203125 0.0203125
2 0.69921875 0.05 0.28125 0.025
2 0.85 0.0921875 0.0328125 0.075
2 0.69765625 0.3125 0.284375 0.015625
2 0.53828125 0.3953125 0.0203125 0.165625
2 0.51953125 0.48203125 0.0328125 0.021875
2 0.6984375 0.48125 0.278125 0.021875
2 0.90390625 0.48515625 0.09375 0.01875
2 0.9390625 0.3984375 0.025 0.190625
2 0.90546875 0.31171875 0.090625 0.015625
2 0.85 0.59453125 0.0328125 0.0515625
2 0.85078125 0.7421875 0.034375 0.0515625
2 0.696875 0.5640625 0.28125 0.0234375
2 0.4484375 0.5640625 0.175 0.021875
2 0.20859375 0.5640625 0.26875 0.021875
2 0.0625 0.6953125 0.0296875 0.25
2 0.20859375 0.8265625 0.26875 0.0171875
2 0.0625 0.91171875 0.03125 0.1640625
2 0.096875 0.9921875 0.04375 0.015625
2 0.28203125 0.9921875 0.125 0.015625
2 0.265625 0.94375 0.0234375 0.1125
2 0.38046875 0.9921875 0.04375 0.015625
2 0.51875 0.9921875 0.0375 0.015625
2 0.53671875 0.8796875 0.025 0.1046875
2 0.69921875 0.8265625 0.2828125 0.01875
2 0.9015625 0.82578125 0.0984375 0.01875
2 0.940625 0.9078125 0.028125 0.184375
2 0.9078125 0.99453125 0.096875 0.0109375
2 0.696875 0.9921875 0.28125 0.015625
2 0.36015625 0.6625 0.021875 0.1875
2 0.490625 0.70234375 0.121875 0.01875
2 0.5375 0.66484375 0.021875 0.190625
0 0.49140625 0.5125 0.9453125 0.975