1 0.1484375 0.10390625 0.04375 0.03046875
1 0.503125 0.10234375 0.0578125 0.025
1 0.84296875 0.1015625 0.0609375 0.028125
1 0.50078125 0.33125 0.05703125 0.02421875
1 0.84453125 0.328125 0.04921875 0.025
1 0.15234375 0.33125 0.0546875 0.03125
1 0.1515625 0.56171875 0.05625 0.03203125
1 0.5 0.56171875 0.0578125 0.02734375
1 0.85 0.7609375 0.0625 0.028125
1 0.49921875 0.759375 0.06328125 0.02421875
1 0.14921875 0.75859375 0.04609375 0.03203125
2 0.2046875 0.10234375 0.0828125 0.01953125
2 0.15 0.2171875 0.03125 0.20546875
2 0.15 0.36015625 0.02734375 0.040625
2 0.15 0.44765625 0.0296875 0.059375
2 0.31484375 0.3484375 0.13984375 0.01484375
2 0.15078125 0.53359375 0.03125 0.0375
2 0.2265625 0.56171875 0.1234375 0.0171875
2 0.15 0.659375 0.028125 0.178125
2 0.15078125 0.8359375 0.0296875 0.1375
2 0.34453125 0.896875 0.3640625 0.01640625
2 0.20625 0.76015625 0.0828125 0.01640625
2 0.45078125 0.76015625 0.06640625 0.0140625
2 0.5078125 0.6609375 0.01953125 0.18515625
2 0.371875 0.56171875 0.0234375 0.01640625
2 0.37578125 0.45390625 0.01796875 0.19921875
2 0.27578125 0.44765625 0.23125 0.01171875
2 0.5296875 0.34921875 0.09375 0.01328125
2 0.5109375 0.409375 0.01953125 0.10703125
2 0.50859375 0.54296875 0.02109375 0.025
2 0.80625 0.34921875 0.2328125 0.01484375
2 0.56484375 0.10234375 0.084375 0.01484375
2 0.803125 0.1015625 0.053125 0.01640625
2 0.90546875 0.1015625 0.08046875 0.0171875
2 0.934375 0.43828125 0.0328125 0.65859375
2 0.89375 0.7609375 0.06328125 0.01484375
2 0.7765625 0.76015625 0.1203125 0.0171875
2 0.77265625 0.853125 0.0140625 0.0890625
2 0.940625 0.83125 0.0125 0.13046875
2 0.67265625 0.90078125 0.30078125 0.01015625
2 0.91953125 0.90078125 0.05703125 0.00859375
2 0.58359375 0.23359375 0.015625 0.24921875
0 0.54140625 0.5 0.83203125 0.8234375