1 0.1015625 0.14453125 0.03125 0.0453125
1 0.09921875 0.50859375 0.025 0.059375
1 0.0984375 0.8578125 0.028125 0.0625
1 0.334375 0.50703125 0.025 0.059375
1 0.33203125 0.86015625 0.025 0.05
1 0.334375 0.1484375 0.03125 0.05625
1 0.571875 0.14765625 0.0328125 0.0578125
1 0.571875 0.50546875 0.028125 0.059375
1 0.7765625 0.865625 0.028125 0.065625
1 0.77421875 0.50546875 0.025 0.065625
1 0.77421875 0.1453125 0.0328125 0.046875
2 0.09921875 0.2015625 0.01875 0.084375
2 0.2171875 0.14609375 0.2109375 0.03125
2 0.3640625 0.14609375 0.0421875 0.028125
2 0.45390625 0.1453125 0.0609375 0.03125
2 0.35234375 0.31484375 0.015625 0.14375
2 0.54296875 0.14609375 0.0375 0.03125
2 0.57109375 0.22421875 0.0171875 0.128125
2 0.671875 0.1453125 0.1828125 0.028125
2 0.853125 0.146875 0.140625 0.03125
2 0.915625 0.3453125 0.0171875 0.375
2 0.775 0.203125 0.015625 0.084375
2 0.775 0.45546875 0.015625 0.06875
2 0.6734375 0.51328125 0.190625 0.0203125
2 0.57109375 0.37421875 0.0171875 0.0234375
2 0.4609375 0.378125 0.2046875 0.01875
2 0.45390625 0.275 0.0125 0.2375
2 0.353125 0.5359375 0.0140625 0.096875
2 0.41484375 0.51640625 0.109375 0.0203125
2 0.55234375 0.51484375 0.025 0.021875
2 0.353125 0.8203125 0.015625 0.2390625
2 0.1 0.57265625 0.015625 0.0875
2 0.0984375 0.8171875 0.0171875 0.0546875
2 0.09921875 0.92265625 0.01875 0.0828125
2 0.44453125 0.95234375 0.6765625 0.034375
2 0.77578125 0.9109375 0.015625 0.065625
2 0.775 0.790625 0.0171875 0.1234375
2 0.8703125 0.78671875 0.090625 0.0140625
2 0.8484375 0.959375 0.134375 0.0140625
2 0.91953125 0.6828125 0.0109375 0.309375
2 0.91953125 0.9375 0.009375 0.059375
2 0.234375 0.59140625 0.25625 0.015625
0 0.5078125 0.5484375 0.846875 0.85625