1 0.09765625 0.92890625 0.046875 0.0328125
1 0.4765625 0.93125 0.0625 0.0265625
1 0.8390625 0.93203125 0.065625 0.0296875
1 0.47421875 0.68671875 0.0609375 0.025
1 0.840625 0.68984375 0.053125 0.0265625
1 0.1015625 0.68671875 0.059375 0.0328125
1 0.10078125 0.440625 0.059375 0.034375
1 0.47265625 0.440625 0.0625 0.028125
1 0.846875 0.228125 0.0671875 0.0296875
1 0.47265625 0.23046875 0.06875 0.025
1 0.09921875 0.23046875 0.05 0.034375
2 0.1578125 0.93046875 0.0875 0.0203125
2 0.1 0.80859375 0.0328125 0.21875
2 0.09921875 0.65625 0.0296875 0.04375
2 0.09921875 0.5625 0.03125 0.0625
2 0.275 0.66796875 0.15 0.015625
2 0.1 0.4703125 0.034375 0.040625
2 0.18125 0.44140625 0.13125 0.01875
2 0.09921875 0.33671875 0.03125 0.190625
2 0.10078125 0.1484375 0.03125 0.146875
2 0.30703125 0.0828125 0.3875 0.01875
2 0.159375 0.22890625 0.0875 0.0171875
2 0.42109375 0.22890625 0.071875 0.015625
2 0.48125 0.33515625 0.021875 0.196875
2 0.33671875 0.440625 0.025 0.0171875
2 0.340625 0.55546875 0.01875 0.2125
2 0.23359375 0.5625 0.246875 0.0125
2 0.5046875 0.66796875 0.1 0.015625
2 0.484375 0.603125 0.021875 0.1140625
2 0.4828125 0.4609375 0.021875 0.0265625
2 0.8 0.66796875 0.2484375 0.015625
2 0.5421875 0.93046875 0.090625 0.015625
2 0.796875 0.93203125 0.05625 0.01875
2 0.90625 0.93125 0.0859375 0.01875
2 0.9375 0.57265625 0.034375 0.703125
2 0.89375 0.22890625 0.06875 0.015625
2 0.76875 0.22890625 0.128125 0.01875
2 0.76484375 0.13046875 0.015625 0.0953125
2 0.94375 0.15390625 0.0125 0.1390625
2 0.6578125 0.07890625 0.321875 0.0109375
2 0.92109375 0.07890625 0.0609375 0.009375
2 0.5625 0.790625 0.015625 0.265625
0 0.51796875 0.50703125 0.8890625 0.878125