1 0.928125 0.97734375 0.0328125 0.034375
1 0.92578125 0.68515625 0.040625 0.0484375
1 0.9296875 0.36015625 0.0390625 0.040625
1 0.92890625 0.06484375 0.034375 0.0359375
1 0.765625 0.0640625 0.034375 0.040625
1 0.765625 0.3609375 0.0328125 0.0453125
1 0.49453125 0.06484375 0.034375 0.0375
1 0.49609375 0.36015625 0.03125 0.034375
1 0.2765625 0.0671875 0.028125 0.034375
1 0.27578125 0.36015625 0.0296875 0.034375
1 0.27578125 0.6828125 0.0296875 0.040625
1 0.27734375 0.97734375 0.03125 0.0390625
1 0.496875 0.97890625 0.03125 0.040625
1 0.4953125 0.6859375 0.040625 0.05
1 0.67734375 0.684375 0.03125 0.0375
1 0.678125 0.9796875 0.034375 0.040625
2 0.93515625 0.92890625 0.009375 0.075
2 0.93515625 0.73125 0.009375 0.075
2 0.93515625 0.628125 0.009375 0.090625
2 0.93515625 0.41484375 0.0109375 0.090625
2 0.934375 0.31171875 0.009375 0.075
2 0.93515625 0.11328125 0.009375 0.075
2 0.84609375 0.06015625 0.146875 0.0125
2 0.76875 0.21328125 0.0109375 0.2734375
2 0.66875 0.36484375 0.171875 0.0125
2 0.5875 0.16875 0.009375 0.228125
2 0.60859375 0.059375 0.034375 0.0109375
2 0.52578125 0.06015625 0.040625 0.0125
2 0.5015625 0.175 0.0109375 0.196875
2 0.52109375 0.259375 0.0296875 0.0125
2 0.46015625 0.0609375 0.053125 0.0140625
2 0.3125 0.06015625 0.053125 0.0140625
2 0.27109375 0.11328125 0.009375 0.075
2 0.2703125 0.3125 0.009375 0.075
2 0.25625 0.36484375 0.021875 0.0125
2 0.38671875 0.36484375 0.1984375 0.0125
2 0.5015625 0.45703125 0.0109375 0.171875
2 0.24140625 0.40234375 0.009375 0.0875
2 0.24140625 0.63515625 0.009375 0.075
2 0.2515625 0.678125 0.0296875 0.0125
2 0.38671875 0.678125 0.1984375 0.015625
2 0.27109375 0.73125 0.009375 0.075
2 0.2703125 0.92890625 0.009375 0.075
2 0.31171875 0.98359375 0.0515625 0.0125
2 0.459375 0.9828125 0.053125 0.0140625
2 0.50078125 0.86796875 0.009375 0.196875
2 0.525 0.9828125 0.040625 0.0125
2 0.58828125 0.88828125 0.009375 0.203125
2 0.61171875 0.78203125 0.115625 0.0125
2 0.6734375 0.74140625 0.009375 0.096875
2 0.6734375 0.90859375 0.0125 0.115625
2 0.64921875 0.98359375 0.040625 0.015625
2 0.72265625 0.9828125 0.065625 0.0140625
2 0.83359375 0.678125 0.171875 0.0140625
2 0.8859375 0.9828125 0.0671875 0.015625
0 0.58828125 0.51640625 0.715625 0.9546875