1 0.0640625 0.13515625 0.03203125 0.0296875
1 0.33203125 0.1375 0.04453125 0.0359375
1 0.6296875 0.13359375 0.0375 0.0359375
1 0.9 0.134375 0.0328125 0.03203125
1 0.90078125 0.284375 0.0375 0.03203125
1 0.62890625 0.284375 0.04140625 0.03046875
1 0.9 0.5328125 0.034375 0.03203125
1 0.62890625 0.53125 0.03125 0.028125
1 0.8984375 0.73125 0.0328125 0.02578125
1 0.62890625 0.7328125 0.03125 0.02734375
1 0.33359375 0.7328125 0.0375 0.02734375
1 0.0640625 0.73125 0.03515625 0.028125
1 0.06328125 0.5296875 0.03828125 0.028125
1 0.33046875 0.53125 0.04609375 0.0375
1 0.33203125 0.36484375 0.034375 0.02890625
1 0.0625 0.3640625 0.03671875 0.03125
2 0.10859375 0.12890625 0.06796875 0.009375
2 0.28984375 0.12890625 0.06796875 0.0078125
2 0.384375 0.12890625 0.08359375 0.009375
2 0.57890625 0.12890625 0.0828125 0.009375
2 0.6734375 0.12890625 0.06875 0.00859375
2 0.85546875 0.12890625 0.06796875 0.009375
2 0.90390625 0.21015625 0.0125 0.13359375
2 0.7640625 0.28125 0.25 0.01015625
2 0.625 0.37265625 0.0109375 0.15703125
2 0.8046875 0.446875 0.209375 0.0078125
2 0.9046875 0.428125 0.01015625 0.03046875
2 0.9046875 0.50390625 0.01171875 0.03671875
2 0.7984375 0.52578125 0.18046875 0.01015625
2 0.72109375 0.50859375 0.01171875 0.02734375
2 0.90390625 0.5640625 0.0125 0.04765625
2 0.90390625 0.69921875 0.01328125 0.0484375
2 0.85546875 0.7375 0.06875 0.00859375
2 0.6734375 0.7375 0.06796875 0.009375
2 0.625 0.75 0.0125 0.01953125
2 0.625 0.63125 0.01171875 0.18203125
2 0.540625 0.52578125 0.15859375 0.01015625
2 0.590625 0.7640625 0.07890625 0.00859375
2 0.37734375 0.7640625 0.06875 0.00859375
2 0.33828125 0.7546875 0.0109375 0.02734375
2 0.33828125 0.63125 0.01328125 0.18203125
2 0.28984375 0.73671875 0.06953125 0.009375
2 0.10859375 0.7375 0.06875 0.00859375
2 0.05859375 0.69921875 0.01171875 0.04765625
2 0.05859375 0.5640625 0.01328125 0.0484375
2 0.1640625 0.5265625 0.18125 0.009375
2 0.059375 0.50390625 0.01171875 0.03671875
2 0.1453125 0.446875 0.18671875 0.00859375
2 0.24296875 0.425 0.0125 0.10546875
2 0.28046875 0.36875 0.08828125 0.00859375
2 0.1265625 0.36875 0.10625 0.0109375
2 0.05859375 0.390625 0.0140625 0.03671875
2 0.05859375 0.3234375 0.01328125 0.0609375
2 0.33828125 0.22109375 0.0125 0.15703125
2 0.059375 0.1734375 0.0140625 0.06171875
0 0.4859375 0.446875 0.87421875 0.65546875