1 0.984375 0.1375 0.03125 0.03125
1 0.70078125 0.14140625 0.046875 0.0375
1 0.3859375 0.13671875 0.040625 0.0375
1 0.0984375 0.1375 0.034375 0.034375
1 0.0984375 0.296875 0.040625 0.034375
1 0.3859375 0.296875 0.04375 0.03125
1 0.0984375 0.56015625 0.0359375 0.034375
1 0.3859375 0.55859375 0.034375 0.0296875
1 0.10078125 0.77109375 0.034375 0.028125
1 0.3859375 0.771875 0.034375 0.028125
1 0.69921875 0.771875 0.040625 0.028125
1 0.98359375 0.7703125 0.0328125 0.0296875
1 0.98359375 0.55703125 0.0328125 0.028125
1 0.70234375 0.559375 0.0484375 0.040625
1 0.70078125 0.38203125 0.0375 0.03125
1 0.984375 0.3796875 0.03125 0.034375
2 0.93828125 0.13203125 0.071875 0.009375
2 0.74609375 0.13203125 0.071875 0.009375
2 0.64609375 0.13203125 0.0875 0.009375
2 0.4390625 0.13203125 0.0875 0.009375
2 0.3390625 0.13203125 0.071875 0.009375
2 0.14609375 0.13203125 0.071875 0.009375
2 0.09453125 0.21796875 0.0125 0.1421875
2 0.24296875 0.29375 0.265625 0.0109375
2 0.390625 0.390625 0.0125 0.165625
2 0.2 0.46953125 0.221875 0.009375
2 0.09375 0.44921875 0.0109375 0.03125
2 0.09453125 0.5296875 0.0125 0.0390625
2 0.20625 0.553125 0.190625 0.009375
2 0.28828125 0.534375 0.0125 0.028125
2 0.09453125 0.59375 0.0125 0.05
2 0.09453125 0.73671875 0.0140625 0.05
2 0.14609375 0.77734375 0.071875 0.009375
2 0.3390625 0.77734375 0.071875 0.009375
2 0.390625 0.79140625 0.0125 0.021875
2 0.390625 0.66484375 0.0125 0.19375
2 0.4796875 0.553125 0.16875 0.0109375
2 0.4265625 0.80546875 0.084375 0.009375
2 0.653125 0.80546875 0.0734375 0.009375
2 0.69453125 0.7953125 0.0125 0.028125
2 0.69453125 0.66484375 0.0140625 0.19375
2 0.74609375 0.7765625 0.075 0.009375
2 0.93828125 0.77734375 0.0734375 0.009375
2 0.990625 0.7375 0.0125 0.05
2 0.990625 0.59375 0.0140625 0.05
2 0.87890625 0.553125 0.1921875 0.009375
2 0.990625 0.5296875 0.0125 0.0390625
2 0.89921875 0.46953125 0.1984375 0.009375
2 0.79609375 0.44609375 0.0125 0.1125
2 0.75625 0.38671875 0.09375 0.009375
2 0.91875 0.38671875 0.1125 0.0125
2 0.99140625 0.409375 0.015625 0.0390625
2 0.990625 0.33828125 0.0140625 0.0640625
2 0.69453125 0.23046875 0.0125 0.165625
2 0.990625 0.1796875 0.015625 0.065625
0 0.5375 0.46875 0.925 0.69375