1 0.04453125 0.77890625 0.03125 0.034375
1 0.04375 0.9609375 0.028125 0.0359375
1 0.30703125 0.77265625 0.0296875 0.040625
1 0.42265625 0.959375 0.0390625 0.03125
1 0.55234375 0.77421875 0.025 0.040625
1 0.81640625 0.95859375 0.03125 0.0328125
1 0.815625 0.78046875 0.0296875 0.034375
1 0.815625 0.3453125 0.028125 0.034375
1 0.55859375 0.34453125 0.0375 0.028125
1 0.30546875 0.34375 0.0421875 0.0296875
1 0.0453125 0.34453125 0.03125 0.03125
1 0.30859375 0.04921875 0.03125 0.034375
1 0.55390625 0.05078125 0.0296875 0.034375
1 0.815625 0.0515625 0.0296875 0.034375
1 0.0453125 0.05 0.028125 0.03125
2 0.084375 0.0453125 0.0671875 0.01875
2 0.03984375 0.09921875 0.015625 0.0828125
2 0.03984375 0.29609375 0.015625 0.0828125
2 0.0390625 0.365625 0.0125 0.028125
2 0.0390625 0.49375 0.01875 0.140625
2 0.10078125 0.45625 0.121875 0.01875
2 0.17109375 0.3484375 0.240625 0.015625
2 0.22265625 0.40859375 0.0171875 0.11875
2 0.2671875 0.04453125 0.071875 0.01875
2 0.31328125 0.15703125 0.01875 0.2
2 0.328125 0.04453125 0.03125 0.01875
2 0.42421875 0.04609375 0.075 0.0171875
2 0.52578125 0.0453125 0.04375 0.01875
2 0.43046875 0.13671875 0.01875 0.1765625
2 0.46484375 0.22578125 0.184375 0.015625
2 0.546875 0.2421875 0.015625 0.03125
2 0.546875 0.1109375 0.01875 0.10625
2 0.6890625 0.34921875 0.2421875 0.015625
2 0.81953125 0.296875 0.015625 0.0796875
2 0.81953125 0.09921875 0.0171875 0.0828125
2 0.775 0.04453125 0.06875 0.015625
2 0.5921875 0.04609375 0.0671875 0.015625
2 0.72890625 0.45546875 0.203125 0.0171875
2 0.81953125 0.5046875 0.015625 0.1171875
2 0.81875 0.72578125 0.01875 0.096875
2 0.8203125 0.8171875 0.01875 0.0609375
2 0.81875 0.92734375 0.0171875 0.05
2 0.68359375 0.7828125 0.253125 0.01875
2 0.54609375 0.60546875 0.01875 0.3125
2 0.6203125 0.9640625 0.375 0.0203125
2 0.4328125 0.8640625 0.01875 0.18125
2 0.38984375 0.965625 0.04375 0.0171875
2 0.22109375 0.965625 0.0640625 0.015625
2 0.3328125 0.78203125 0.0421875 0.0171875
2 0.3125 0.60546875 0.015625 0.315625
2 0.1765625 0.784375 0.25 0.0171875
2 0.0390625 0.7234375 0.015625 0.096875
2 0.03984375 0.81953125 0.01875 0.06875
2 0.03984375 0.92265625 0.0171875 0.0578125
2 0.109375 0.9640625 0.121875 0.01875
2 0.1453125 0.90078125 0.0203125 0.121875
0 0.43125 0.5046875 0.83125 0.9703125