1 0.7734375 0.05234375 0.03515625 0.03125
1 0.953125 0.05078125 0.0359375 0.02734375
1 0.7671875 0.3125 0.04140625 0.0296875
1 0.9515625 0.42578125 0.03125 0.0390625
1 0.76875 0.5546875 0.03984375 0.02578125
1 0.9515625 0.815625 0.03125 0.0296875
1 0.77421875 0.81484375 0.03359375 0.02890625
1 0.34375 0.81484375 0.034375 0.02890625
1 0.34296875 0.56015625 0.02890625 0.0375
1 0.3421875 0.31015625 0.02890625 0.04140625
1 0.34375 0.053125 0.03125 0.03046875
1 0.0515625 0.31328125 0.034375 0.03203125
1 0.053125 0.55625 0.03359375 0.0296875
1 0.053125 0.81484375 0.034375 0.0296875
1 0.05234375 0.053125 0.0296875 0.028125
2 0.046875 0.0921875 0.01796875 0.0671875
2 0.10078125 0.046875 0.08203125 0.01640625
2 0.29609375 0.046875 0.08203125 0.01640625
2 0.36484375 0.04609375 0.02890625 0.0125
2 0.49140625 0.046875 0.1390625 0.01875
2 0.4546875 0.10703125 0.01796875 0.1203125
2 0.346875 0.17734375 0.015625 0.23828125
2 0.40703125 0.228125 0.11640625 0.0171875
2 0.046875 0.27265625 0.01875 0.0703125
2 0.1578125 0.31796875 0.196875 0.01875
2 0.046875 0.3328125 0.01875 0.03046875
2 0.04765625 0.428125 0.0171875 0.075
2 0.04765625 0.528125 0.01953125 0.0421875
2 0.13828125 0.434375 0.175 0.01953125
2 0.22578125 0.46796875 0.01640625 0.18125
2 0.2421875 0.54921875 0.03046875 0.015625
2 0.1125 0.54921875 0.1046875 0.01953125
2 0.34765625 0.68984375 0.015625 0.23984375
2 0.29609375 0.81875 0.07890625 0.01484375
2 0.10078125 0.81875 0.08125 0.0171875
2 0.046875 0.775 0.01640625 0.06796875
2 0.0484375 0.59375 0.01640625 0.06640625
2 0.453125 0.72890625 0.0171875 0.2015625
2 0.50234375 0.81875 0.11640625 0.01484375
2 0.7203125 0.81796875 0.0953125 0.0171875
2 0.8109375 0.81953125 0.0609375 0.01875
2 0.91953125 0.81796875 0.05 0.0171875
2 0.7765625 0.684375 0.0171875 0.25078125
2 0.6015625 0.5484375 0.31015625 0.01953125
2 0.95625 0.621875 0.0203125 0.371875
2 0.8578125 0.4359375 0.178125 0.01875
2 0.9578125 0.39296875 0.0171875 0.04375
2 0.9578125 0.2265625 0.01640625 0.06328125
2 0.7765625 0.3375 0.0171875 0.0421875
2 0.6015625 0.3171875 0.31328125 0.01484375
2 0.77890625 0.1828125 0.01640625 0.24765625
2 0.71875 0.046875 0.09453125 0.01484375
2 0.81328125 0.04765625 0.06796875 0.01875
2 0.915625 0.046875 0.05703125 0.0171875
2 0.95703125 0.115625 0.01796875 0.11953125
2 0.89296875 0.1515625 0.121875 0.0203125
0 0.5015625 0.434375 0.96015625 0.821875