1 0.2171875 0.05234375 0.0359375 0.03125
1 0.0328125 0.05078125 0.0375 0.028125
1 0.22421875 0.31953125 0.0421875 0.03125
1 0.034375 0.4359375 0.03125 0.040625
1 0.22265625 0.56875 0.040625 0.025
1 0.034375 0.83671875 0.03125 0.03125
1 0.21640625 0.8359375 0.034375 0.0296875
1 0.659375 0.8359375 0.034375 0.0296875
1 0.66015625 0.57421875 0.0296875 0.0390625
1 0.66015625 0.3171875 0.0296875 0.04375
1 0.659375 0.053125 0.03125 0.03125
1 0.959375 0.3203125 0.034375 0.0328125
1 0.9578125 0.56953125 0.034375 0.03125
1 0.9578125 0.8359375 0.034375 0.03125
1 0.95859375 0.053125 0.03125 0.028125
2 0.9640625 0.09296875 0.01875 0.06875
2 0.90859375 0.046875 0.084375 0.015625
2 0.70859375 0.046875 0.084375 0.015625
2 0.6375 0.04609375 0.0296875 0.0125
2 0.5078125 0.046875 0.14375 0.01875
2 0.5453125 0.10859375 0.01875 0.125
2 0.65546875 0.18125 0.015625 0.24375
2 0.59375 0.23359375 0.11875 0.0171875
2 0.96484375 0.27890625 0.01875 0.071875
2 0.85078125 0.325 0.203125 0.01875
2 0.96484375 0.340625 0.01875 0.03125
2 0.96328125 0.43828125 0.0171875 0.078125
2 0.96328125 0.540625 0.0203125 0.04375
2 0.87109375 0.44453125 0.1796875 0.01875
2 0.78046875 0.4796875 0.015625 0.1875
2 0.76328125 0.5625 0.03125 0.015625
2 0.896875 0.56328125 0.1078125 0.01875
2 0.6546875 0.70703125 0.015625 0.246875
2 0.70859375 0.83984375 0.08125 0.015625
2 0.909375 0.83984375 0.084375 0.01875
2 0.9640625 0.79453125 0.015625 0.06875
2 0.96328125 0.60859375 0.015625 0.06875
2 0.546875 0.74765625 0.01875 0.20625
2 0.496875 0.83984375 0.11875 0.015625
2 0.271875 0.8390625 0.096875 0.01875
2 0.17890625 0.840625 0.0625 0.01875
2 0.0671875 0.8390625 0.0515625 0.0171875
2 0.2140625 0.7015625 0.01875 0.25625
2 0.39453125 0.56171875 0.31875 0.0203125
2 0.0296875 0.6375 0.021875 0.38125
2 0.13125 0.446875 0.1828125 0.01875
2 0.028125 0.40234375 0.0171875 0.0453125
2 0.028125 0.23203125 0.015625 0.065625
2 0.2140625 0.3453125 0.01875 0.04375
2 0.39453125 0.325 0.321875 0.015625
2 0.21171875 0.1859375 0.0171875 0.2546875
2 0.27421875 0.046875 0.096875 0.015625
2 0.1765625 0.04765625 0.06875 0.01875
2 0.071875 0.046875 0.059375 0.0171875
2 0.02890625 0.11796875 0.01875 0.121875
2 0.09453125 0.1546875 0.125 0.0203125
0 0.496875 0.4453125 0.9875 0.84375