1 0.21328125 0.14453125 0.0328125 0.02578125
1 0.4796875 0.140625 0.02890625 0.0203125
1 0.78125 0.1359375 0.03046875 0.02109375
1 0.79765625 0.31875 0.03828125 0.0234375
1 0.48671875 0.32734375 0.03046875 0.0234375
1 0.2015625 0.3296875 0.034375 0.02109375
1 0.82265625 0.634375 0.0421875 0.0234375
1 0.48984375 0.63828125 0.0375 0.03046875
1 0.18515625 0.63671875 0.0328125 0.025
1 0.17734375 0.77265625 0.03671875 0.03125
1 0.48828125 0.828125 0.03359375 0.025
1 0.8453125 0.83125 0.0390625 0.0265625