1 0.9234375 0.8921875 0.028125 0.0484375
1 0.9234375 0.51328125 0.03125 0.05
1 0.821875 0.89296875 0.0296875 0.05625
1 0.92265625 0.11328125 0.025 0.0421875
1 0.609375 0.11953125 0.028125 0.04375
1 0.609375 0.5109375 0.028125 0.0484375
1 0.6078125 0.89453125 0.0296875 0.053125
1 0.315625 0.89140625 0.025 0.04375
1 0.31484375 0.67890625 0.021875 0.046875
1 0.31015625 0.49375 0.025 0.0421875
1 0.00859375 0.890625 0.015625 0.04375
1 0.00859375 0.578125 0.0171875 0.046875
1 0.153125 0.4921875 0.0265625 0.046875
1 0.31328125 0.115625 0.025 0.0484375
1 0.0078125 0.115625 0.015625 0.04375
2 0.921875 0.31640625 0.0140625 0.36875
2 0.921875 0.70234375 0.015625 0.3578125
2 0.8734375 0.89453125 0.090625 0.028125
2 0.81875 0.74140625 0.0125 0.2796875
2 0.71875 0.51796875 0.2078125 0.01875
2 0.60703125 0.76328125 0.009375 0.2375
2 0.71640625 0.89375 0.1984375 0.0296875
2 0.56875 0.6765625 0.06875 0.03125
2 0.46171875 0.89296875 0.28125 0.028125
2 0.4875 0.771875 0.009375 0.21875
2 0.47109375 0.6765625 0.025 0.0296875
2 0.35546875 0.678125 0.0625 0.0328125
2 0.15859375 0.89375 0.296875 0.028125
2 0.00625 0.346875 0.0125 0.440625
2 0.15234375 0.3046875 0.01875 0.35
2 0.17890625 0.4921875 0.0390625 0.028125
2 0.29453125 0.49140625 0.0125 0.028125
2 0.31171875 0.24296875 0.0125 0.225
2 0.159375 0.1171875 0.2984375 0.034375
2 0.46328125 0.1171875 0.284375 0.0328125
2 0.60625 0.17578125 0.0109375 0.09375
2 0.7671875 0.1171875 0.3 0.028125
2 0.81953125 0.22890625 0.009375 0.2046875
0 0.4703125 0.5078125 0.940625 0.8390625