1 0.8703125 0.1203125 0.0453125 0.02578125
1 0.5140625 0.1203125 0.04609375 0.0296875
1 0.87109375 0.21640625 0.05234375 0.02734375
1 0.1375 0.12109375 0.03984375 0.02421875
1 0.14296875 0.41640625 0.040625 0.02578125
1 0.51171875 0.41640625 0.0453125 0.02734375
1 0.87265625 0.41796875 0.05 0.028125
1 0.8703125 0.69296875 0.04140625 0.0234375
1 0.66953125 0.69453125 0.0453125 0.02109375
1 0.4953125 0.6984375 0.03984375 0.02421875
1 0.86953125 0.9875 0.0421875 0.025
1 0.57578125 0.98671875 0.04453125 0.0234375
1 0.49375 0.84609375 0.04453125 0.025
1 0.1390625 0.6953125 0.0453125 0.025
1 0.140625 0.98828125 0.03984375 0.0234375
2 0.328125 0.121875 0.34765625 0.01328125
2 0.6921875 0.121875 0.33671875 0.01484375
2 0.87265625 0.1671875 0.0265625 0.084375
2 0.728125 0.21953125 0.26328125 0.01171875
2 0.51796875 0.31328125 0.0171875 0.19609375
2 0.74921875 0.41875 0.225 0.01015625
2 0.87265625 0.31484375 0.028125 0.18671875
2 0.6671875 0.4546875 0.02890625 0.0640625
2 0.871875 0.55625 0.0265625 0.26484375
2 0.7578125 0.53203125 0.20546875 0.00859375
2 0.66796875 0.546875 0.028125 0.0234375
2 0.66953125 0.65546875 0.03046875 0.06015625
2 0.871875 0.84140625 0.02578125 0.2796875
2 0.3578125 0.98828125 0.41328125 0.015625
2 0.3171875 0.84765625 0.32890625 0.0171875
2 0.49375 0.82265625 0.02578125 0.03671875
2 0.49296875 0.71328125 0.02578125 0.01171875
2 0.259375 0.696875 0.2125 0.01171875
2 0.14140625 0.840625 0.03203125 0.28125
2 0.140625 0.5546875 0.03125 0.26796875
2 0.19609375 0.41953125 0.0875 0.0109375
2 0.140625 0.26796875 0.0265625 0.28359375
2 0.24609375 0.21875 0.19296875 0.00859375
0 0.509375 0.55234375 0.790625 0.8953125