1 0.08203125 0.90390625 0.0484375 0.028125
1 0.4625 0.90390625 0.05 0.03125
1 0.08125 0.8015625 0.05625 0.0296875
1 0.86484375 0.903125 0.04375 0.025
1 0.859375 0.58828125 0.04375 0.028125
1 0.465625 0.58828125 0.0484375 0.028125
1 0.0796875 0.58671875 0.053125 0.03125
1 0.08203125 0.29296875 0.04375 0.025
1 0.296875 0.2921875 0.0484375 0.021875
1 0.4828125 0.2875 0.04375 0.025
1 0.484375 0.1296875 0.046875 0.0265625
1 0.86328125 0.290625 0.0484375 0.0265625
2 0.6609375 0.90234375 0.371875 0.0140625
2 0.27265625 0.90234375 0.359375 0.015625
2 0.0796875 0.85390625 0.028125 0.090625
2 0.23359375 0.7984375 0.28125 0.0125
2 0.45859375 0.6984375 0.01875 0.209375
2 0.21171875 0.5859375 0.240625 0.0109375
2 0.0796875 0.69609375 0.0296875 0.2
2 0.29921875 0.54765625 0.03125 0.06875
2 0.08046875 0.4390625 0.028125 0.28125
2 0.20234375 0.465625 0.21875 0.009375
2 0.2984375 0.44921875 0.0296875 0.025
2 0.296875 0.3328125 0.0328125 0.0640625
2 0.08125 0.1421875 0.028125 0.284375
2 0.67265625 0.128125 0.3515625 0.01875
2 0.484375 0.15546875 0.028125 0.0390625
2 0.48515625 0.271875 0.028125 0.0125
2 0.734375 0.2890625 0.2265625 0.0125
2 0.8609375 0.14296875 0.034375 0.2859375
2 0.86171875 0.44140625 0.0328125 0.2859375
2 0.80234375 0.58515625 0.09375 0.0125
2 0.86171875 0.746875 0.028125 0.303125
2 0.7484375 0.79921875 0.20625 0.009375
0 0.46875 0.4609375 0.84375 0.921875