1 0.2234375 0.16484375 0.0359375 0.0234375
1 0.51328125 0.16796875 0.04140625 0.0265625
1 0.75234375 0.1703125 0.03828125 0.02421875
1 0.21875 0.321875 0.0453125 0.02421875
1 0.50703125 0.32109375 0.04765625 0.02265625
1 0.75625 0.328125 0.0453125 0.02734375
1 0.20859375 0.5375 0.046875 0.02265625
1 0.203125 0.63359375 0.04375 0.02578125
1 0.50234375 0.63671875 0.0375 0.021875
1 0.5140625 0.540625 0.040625 0.02109375
1 0.7546875 0.5390625 0.04296875 0.0234375
1 0.75859375 0.6375 0.0421875 0.02265625