1 0.053125 0.90859375 0.0265625 0.0203125
1 0.05390625 0.728125 0.028125 0.01875
1 0.2953125 0.90859375 0.03125 0.021875
1 0.2984375 0.72578125 0.0328125 0.021875
1 0.50390625 0.9078125 0.03125 0.021875
1 0.50390625 0.72890625 0.03125 0.021875
1 0.65703125 0.728125 0.034375 0.021875
1 0.65703125 0.9078125 0.0296875 0.025
1 0.871875 0.90859375 0.03125 0.021875
1 0.875 0.7265625 0.034375 0.021875
1 0.8734375 0.571875 0.0328125 0.01875
1 0.65859375 0.571875 0.03125 0.0203125
1 0.503125 0.571875 0.03125 0.01875
1 0.2953125 0.571875 0.03125 0.0203125
1 0.053125 0.57265625 0.0296875 0.01875
1 0.10703125 0.4515625 0.034375 0.021875
1 0.35234375 0.45234375 0.034375 0.021875
1 0.5578125 0.45234375 0.034375 0.021875
1 0.71328125 0.45234375 0.03125 0.0203125
1 0.92734375 0.45234375 0.028125 0.01875
1 0.928125 0.27265625 0.03125 0.01875
1 0.71171875 0.271875 0.0296875 0.01875
1 0.55703125 0.27265625 0.03125 0.0203125
1 0.3515625 0.271875 0.034375 0.021875
1 0.10859375 0.271875 0.0328125 0.0203125
1 0.10703125 0.11640625 0.03125 0.01875
1 0.35234375 0.115625 0.0375 0.0234375
1 0.559375 0.11640625 0.0359375 0.01875
1 0.7140625 0.1171875 0.034375 0.021875
1 0.928125 0.115625 0.03125 0.01875
2 0.4 0.90859375 0.19375 0.0203125
2 0.17265625 0.909375 0.23125 0.0203125
2 0.146875 0.72734375 0.171875 0.0203125
2 0.05078125 0.6484375 0.028125 0.14375
2 0.17421875 0.57109375 0.23125 0.015625
2 0.30234375 0.65078125 0.0203125 0.15
2 0.4 0.571875 0.196875 0.0171875
2 0.58046875 0.57265625 0.1375 0.01875
2 0.7412727265625 0.6787476781249999 0.7424595953125 0.5805 0.8722045453125 0.5810448921875 0.87131565625 0.5630665640625 0.6665454546875 0.5619767796875 0.665088384375 0.5799551078125 0.7223005046875 0.5803188859375 0.7243762625 0.6787476781249999 0.7412727265625 0.6787476781249999
2 0.79453125 0.725 0.14375 0.0140625
2 0.875 0.65 0.028125 0.15
2 0.875 0.81875 0.028125 0.1734375
2 0.765625 0.90859375 0.203125 0.0171875
2 0.65859375 0.81796875 0.025 0.171875
2 0.5828125 0.72421875 0.146875 0.0125
2 0.47265625 0.725 0.053125 0.015625
2 0.35078125 0.725 0.1 0.0125
2 0.2296875 0.453125 0.23125 0.0203125
2 0.10703125 0.3796875 0.028125 0.1328125
2 0.228125 0.27578125 0.228125 0.0125
2 0.10625 0.1734375 0.0265625 0.109375
2 0.2265625 0.11640625 0.2359375 0.021875
2 0.35625 0.16953125 0.025 0.103125
2 0.453125 0.11640625 0.196875 0.021875
2 0.63515625 0.115625 0.14375 0.0203125
2 0.5640625 0.19453125 0.021875 0.1484375
2 0.6640625 0.26875 0.084375 0.0140625
2 0.715625 0.36328125 0.0265625 0.171875
2 0.359375 0.38515625 0.025 0.125
2 0.5556111109375 0.45653250781250004 0.554345959375 0.48908049531250003 0.4560404046875 0.4889241484375 0.455535353125 0.3237074296875 0.4044292921875 0.3244814234375 0.4044292921875 0.336416409375 0.43656060625000004 0.3361052625 0.43453535312499997 0.48923529375 0.3670833328125 0.48923529375 0.3668308078125 0.45730650156249997 0.3489191921875 0.457151703125 0.3481994953125 0.50116873125 0.9468560609375001 0.5017894734375 0.9453383843750001 0.45513777031249997 0.9291464640625 0.454982971875 0.9283888890625001 0.4910944265625 0.7274217171874999 0.49171517031249995 0.726661615625 0.45668730625 0.7109772734375001 0.45668730625 0.710217171875 0.49000928750000006 0.5740808078125 0.489699690625 0.5733207078125 0.4559117640625 0.5556111109375 0.45653250781250004
2 0.53046875 0.33125 0.08125 0.015625
2 0.5625 0.3859375 0.021875 0.1234375
2 0.8453125 0.4515625 0.1546875 0.01875
2 0.93046875 0.3609375 0.025 0.16875
2 0.7859375 0.2609375 0.021875 0.03125
2 0.8546875 0.26953125 0.140625 0.0125
2 0.853125 0.20546875 0.153125 0.0140625
2 0.92890625 0.19375 0.025 0.15
2 0.8203125 0.11640625 0.20625 0.01875
2 0.78515625 0.1375 0.01875 0.040625
0 0.465625 0.74453125 0.890625 0.378125
0 0.4890625 0.30234375 0.934375 0.409375