1 0.09140625 0.95078125 0.021875 0.028125
1 0.275 0.95 0.01875 0.028125
1 0.09140625 0.7046875 0.021875 0.0328125
1 0.2765625 0.70234375 0.021875 0.034375
1 0.0921875 0.49296875 0.021875 0.03125
1 0.2734375 0.49375 0.021875 0.03125
1 0.275 0.33828125 0.021875 0.034375
1 0.0921875 0.3375 0.025 0.03125
1 0.09140625 0.1203125 0.021875 0.03125
1 0.27578125 0.11640625 0.021875 0.034375
1 0.4328125 0.11875 0.0203125 0.0328125
1 0.43359375 0.3359375 0.0203125 0.03125
1 0.43359375 0.49375 0.01875 0.03125
1 0.4328125 0.70546875 0.0203125 0.03125
1 0.43203125 0.9515625 0.01875 0.0296875
1 0.55546875 0.89609375 0.021875 0.034375
1 0.5546875 0.64765625 0.021875 0.034375
1 0.5546875 0.4390625 0.021875 0.034375
1 0.5546875 0.28046875 0.0203125 0.03125
1 0.5546875 0.06328125 0.01875 0.028125
1 0.7375 0.0625 0.0203125 0.03125
1 0.73828125 0.28203125 0.01875 0.03125
1 0.7375 0.43984375 0.021875 0.03125
1 0.7375 0.6484375 0.021875 0.034375
1 0.73828125 0.89453125 0.0203125 0.0328125
1 0.8953125 0.896875 0.01875 0.03125
1 0.896875 0.64765625 0.0234375 0.0375
1 0.89609375 0.43671875 0.0203125 0.0375
1 0.89453125 0.28046875 0.021875 0.034375
1 0.896875 0.06328125 0.01875 0.03125
2 0.09140625 0.5984375 0.0203125 0.196875
2 0.090625 0.8296875 0.0203125 0.234375
2 0.27578125 0.85625 0.0203125 0.175
2 0.35546875 0.95390625 0.146875 0.028125
2 0.434375 0.828125 0.0171875 0.234375
2 0.353125 0.6984375 0.1515625 0.0203125
2 0.4328125 0.59921875 0.0171875 0.2
2 0.4328125 0.415625 0.01875 0.140625
2 0.42507704375 0.3298076921875 0.44333805000000004 0.3283282046875 0.4422311328125 0.1204076921875 0.42397012656250005 0.119505128125 0.424523584375 0.251246153125 0.3247311328125 0.2524512828125 0.3247311328125 0.2696076921875 0.424707546875 0.271715384375 0.42507704375 0.3298076921875
2 0.27734375 0.1984375 0.0125 0.146875
2 0.35390625 0.11640625 0.153125 0.028125
2 0.1828125 0.1171875 0.175 0.028125
2 0.09140625 0.22734375 0.01875 0.20625
2 0.18359375 0.3359375 0.175 0.025
2 0.27890625 0.41328125 0.0125 0.1484375
2 0.278125 0.525 0.015625 0.053125
2 0.27734375 0.6484375 0.0125 0.103125
2 0.55390625 0.771875 0.0203125 0.234375
2 0.62890625 0.89609375 0.134375 0.028125
2 0.734375 0.7734375 0.0125 0.23125
2 0.83828125 0.896875 0.1125 0.028125
2 0.89609375 0.775 0.021875 0.240625
2 0.8421875 0.64375 0.103125 0.025
2 0.89609375 0.54453125 0.021875 0.2
2 0.89609375 0.36015625 0.0203125 0.146875
2 0.81640625 0.4328125 0.15 0.021875
2 0.740625 0.33046875 0.0140625 0.0859375
2 0.6453125 0.278125 0.175 0.028125
2 0.62265625 0.640625 0.125 0.025
2 0.5051022015625 0.6515717953125 0.5498113203125 0.650841025 0.5496540875 0.632653846875 0.5172232703125 0.6323974359375 0.5172232703125 0.5639076921874999 0.67276100625 0.5618512828125 0.67244496875 0.5944769234375 0.6845676093749999 0.5944769234375 0.6853537734375 0.542584615625 0.5175393078125 0.5420717953125 0.517380503125 0.442253846875 0.5504402515625 0.44096923125 0.5510707546875 0.4229871796875 0.516751571875 0.422215384375 0.5164371062499999 0.283984615625 0.55028301875 0.2832128203125 0.55028301875 0.2672871796875 0.514704403125 0.266515384375 0.51533490625 0.0624564109375 0.5520141515625 0.0616871796875 0.55185691875 0.045246153125 0.5044716984375001 0.043705128125 0.5051022015625 0.6515717953125
2 0.67734375 0.46640625 0.015625 0.08125
2 0.621875 0.43359375 0.125 0.021875
2 0.55546875 0.146875 0.01875 0.15625
2 0.646875 0.06015625 0.171875 0.025
2 0.74921875 0.20703125 0.0328125 0.021875
2 0.740625 0.13671875 0.0140625 0.1421875
2 0.80546875 0.1390625 0.0140625 0.1546875
2 0.8171875 0.06171875 0.1515625 0.025
2 0.89609375 0.17265625 0.01875 0.209375
2 0.87421875 0.2078125 0.040625 0.01875
0 0.2578125 0.5328125 0.384375 0.903125
0 0.70703125 0.50859375 0.415625 0.946875