1 0.090625 0.0578125 0.0203125 0.0265625
1 0.2703125 0.05859375 0.01953125 0.02734375
1 0.090625 0.29765625 0.02109375 0.03203125
1 0.271875 0.3 0.021875 0.0328125
1 0.09140625 0.50390625 0.021875 0.0296875
1 0.26953125 0.50390625 0.02109375 0.03125
1 0.2703125 0.65546875 0.02109375 0.03359375
1 0.09140625 0.65546875 0.02421875 0.0296875
1 0.090625 0.86796875 0.021875 0.03125
1 0.27109375 0.87109375 0.021875 0.034375
1 0.425 0.86953125 0.01953125 0.03203125
1 0.42578125 0.65703125 0.01953125 0.0296875
1 0.42578125 0.503125 0.01953125 0.03125
1 0.425 0.29765625 0.01953125 0.03125
1 0.42421875 0.0578125 0.01953125 0.02890625
1 0.54453125 0.1109375 0.021875 0.03359375
1 0.54453125 0.35390625 0.021875 0.0328125
1 0.54453125 0.55703125 0.02109375 0.0328125
1 0.54453125 0.71171875 0.0203125 0.0296875
1 0.54453125 0.92265625 0.01953125 0.0265625
1 0.72265625 0.92421875 0.01953125 0.03125
1 0.7234375 0.71015625 0.01875 0.0296875
1 0.72265625 0.55625 0.0203125 0.03125
1 0.7234375 0.353125 0.021875 0.03359375
1 0.72421875 0.1125 0.0203125 0.03203125
1 0.878125 0.1109375 0.01796875 0.0296875
1 0.87890625 0.35390625 0.0234375 0.0375
1 0.878125 0.55859375 0.01953125 0.03515625
1 0.87734375 0.71171875 0.02109375 0.034375
1 0.87890625 0.9234375 0.01953125 0.03046875
2 0.090625 0.4015625 0.0203125 0.190625
2 0.08984375 0.17578125 0.0203125 0.22890625
2 0.27109375 0.15078125 0.01953125 0.1703125
2 0.34921875 0.0546875 0.14375 0.0265625
2 0.4265625 0.17734375 0.01640625 0.228125
2 0.346875 0.30390625 0.1484375 0.0203125
2 0.425 0.40078125 0.0171875 0.19453125
2 0.425 0.5796875 0.01796875 0.13671875
2 0.31927538437499997 0.7388600000000001 0.41691846093749996 0.740035 0.4163769234375 0.8684825 0.43424461562500005 0.8676024999999999 0.43532769218749995 0.6648799999999999 0.41746 0.6634375 0.4170984609375 0.7200775 0.31927538437499997 0.7221325000000001 0.31927538437499997 0.7388600000000001
2 0.2734375 0.79140625 0.0125 0.14296875
2 0.34765625 0.871875 0.14921875 0.02734375
2 0.18046875 0.87109375 0.171875 0.02734375
2 0.090625 0.76328125 0.0171875 0.20078125
2 0.18125 0.65703125 0.17109375 0.02421875
2 0.27421875 0.58203125 0.0125 0.1453125
2 0.2734375 0.47265625 0.01484375 0.0515625
2 0.2734375 0.35234375 0.0125 0.1
2 0.54375 0.23203125 0.0203125 0.22890625
2 0.6171875 0.1109375 0.13203125 0.02734375
2 0.7203125 0.23125 0.01171875 0.22578125
2 0.82109375 0.1109375 0.11015625 0.0265625
2 0.878125 0.22890625 0.021875 0.23359375
2 0.825 0.3578125 0.1015625 0.025
2 0.878125 0.45390625 0.02109375 0.1953125
2 0.87890625 0.63359375 0.01953125 0.14296875
2 0.80078125 0.56328125 0.14765625 0.021875
2 0.7265625 0.6625 0.0140625 0.084375
2 0.6328125 0.71328125 0.17109375 0.0265625
2 0.6109375 0.36015625 0.1234375 0.02421875
2 0.5416630765625 0.924855 0.505773846875 0.924105 0.5051569234375 0.7251475000000001 0.53996923125 0.724395 0.53996923125 0.7088675 0.5068523078125 0.708115 0.50716 0.57334 0.54074 0.5725875 0.5401230765625 0.5550550000000001 0.507775384375 0.5538025 0.50793076875 0.45648 0.67213076875 0.45598 0.6713615390625 0.405385 0.6595 0.405385 0.65980923125 0.437195 0.5076215390625001 0.43518999999999997 0.5076215390625001 0.3684125 0.539353846875 0.3681625 0.5395076921874999 0.35043 0.4957615390625 0.3497175 0.495144615625 0.9423875 0.54150923125 0.940885 0.5416630765625 0.924855
2 0.6640625 0.53046875 0.01484375 0.08046875
2 0.61015625 0.56171875 0.12265625 0.02109375
2 0.54453125 0.8421875 0.01875 0.153125
2 0.63515625 0.92578125 0.16875 0.0234375
2 0.73515625 0.7828125 0.03203125 0.021875
2 0.72578125 0.8515625 0.01328125 0.1390625
2 0.78984375 0.84921875 0.0140625 0.15078125
2 0.8015625 0.92421875 0.1484375 0.025
2 0.878125 0.81640625 0.01796875 0.203125
2 0.85703125 0.78203125 0.0390625 0.01796875
0 0.25390625 0.465625 0.375 0.88125
0 0.69296875 0.48984375 0.4078125 0.92421875