1 0.1765625 0.115625 0.02109375 0.028125
1 0.35234375 0.11328125 0.021875 0.02890625
1 0.1765625 0.34765625 0.0203125 0.03125
1 0.1765625 0.54375 0.02109375 0.034375
1 0.17734375 0.69375 0.02265625 0.03203125
1 0.1765625 0.896875 0.025 0.03125
1 0.35390625 0.89609375 0.01953125 0.0296875
1 0.35390625 0.69375 0.0234375 0.03046875
1 0.353125 0.54609375 0.02109375 0.028125
1 0.353125 0.34765625 0.01953125 0.028125
1 0.50390625 0.115625 0.02109375 0.03203125
1 0.50390625 0.346875 0.01953125 0.0296875
1 0.50390625 0.546875 0.01953125 0.02890625
1 0.50390625 0.69375 0.02109375 0.03203125
1 0.50390625 0.89765625 0.02109375 0.02890625
0 0.76953125 0.509375 0.3984375 0.83671875
1 0.6265625 0.1140625 0.02109375 0.03125
1 0.62578125 0.34453125 0.02265625 0.0296875
1 0.6265625 0.54296875 0.021875 0.0296875
1 0.6265625 0.69140625 0.02109375 0.02890625
1 0.6265625 0.89609375 0.01953125 0.03046875
1 0.803125 0.89453125 0.01953125 0.03046875
1 0.803125 0.69140625 0.02109375 0.02734375
1 0.80390625 0.54375 0.021875 0.03203125
1 0.80390625 0.34609375 0.02265625 0.0265625
1 0.80234375 0.11328125 0.01953125 0.0265625
1 0.9546875 0.1140625 0.0203125 0.0296875
1 0.95390625 0.34609375 0.01953125 0.0328125
1 0.9546875 0.54453125 0.0203125 0.03359375
1 0.95546875 0.69375 0.02109375 0.03125
1 0.9546875 0.896875 0.01953125 0.03125
2 0.26484375 0.90078125 0.16796875 0.02578125
2 0.428125 0.9 0.1421875 0.02734375
2 0.5046875 0.7953125 0.021875 0.19140625
2 0.45859375 0.7625 0.11484375 0.02109375
2 0.5046875 0.61796875 0.01875 0.134375
2 0.50390625 0.4453125 0.0203125 0.18515625
2 0.428125 0.35234375 0.1421875 0.015625
2 0.35703125 0.4 0.0125 0.09453125
2 0.40703125 0.43671875 0.11328125 0.0203125
2 0.35546875 0.51640625 0.0125 0.04765625
2 0.35703125 0.61875 0.0125 0.1375
2 0.2640625 0.69453125 0.16640625 0.02578125
2 0.1765625 0.7953125 0.01875 0.19453125
2 0.15 0.6984375 0.04375 0.01953125
2 0.134375 0.625 0.01171875 0.16640625
2 0.15078125 0.54921875 0.04453125 0.015625
2 0.17578125 0.44609375 0.01875 0.1859375
2 0.1765625 0.23125 0.01875 0.22109375
2 0.353125 0.203125 0.01875 0.17265625
2 0.42890625 0.1140625 0.1421875 0.028125
2 0.5046875 0.23125 0.01953125 0.2203125
2 0.35546875 0.82265625 0.01484375 0.13828125
2 0.62578125 0.8171875 0.0234375 0.1484375
2 0.715625 0.8984375 0.16796875 0.0265625
2 0.80625 0.82265625 0.01328125 0.140625
2 0.81484375 0.76328125 0.028125 0.021875
2 0.8671875 0.8328125 0.01328125 0.1609375
2 0.87890625 0.89765625 0.14140625 0.02890625
2 0.93828125 0.76328125 0.053125 0.021875
2 0.9546875 0.79375 0.0203125 0.19375
2 0.9546875 0.6203125 0.02109375 0.13828125
2 0.80546875 0.64609375 0.0140625 0.084375
2 0.715625 0.69296875 0.16875 0.025
2 0.6 0.696875 0.04453125 0.01875
2 0.5859375 0.52265625 0.0125 0.36328125
2 0.66796875 0.43515625 0.1765625 0.0203125
2 0.74609375 0.4203125 0.0140625 0.0515625
2 0.7453125 0.51953125 0.015625 0.0828125
2 0.60078125 0.55078125 0.04375 0.01640625
2 0.690625 0.5515625 0.1234375 0.02109375
2 0.69140625 0.34921875 0.12265625 0.02109375
2 0.6015625 0.35078125 0.04140625 0.0203125
2 0.6265625 0.22890625 0.02109375 0.2203125
2 0.69609375 0.1125 0.13359375 0.03125
2 0.8 0.23125 0.01484375 0.22109375
2 0.90078125 0.35078125 0.1 0.02578125
2 0.95390625 0.2296875 0.01875 0.2203125
2 0.8984375 0.11171875 0.10703125 0.02890625
2 0.95390625 0.44453125 0.01953125 0.18984375
2 0.87890625 0.54921875 0.14453125 0.0171875
0 0.3375 0.50546875 0.36953125 0.840625