1 0.9046875 0.82265625 0.03125 0.021875
1 0.90703125 0.6328125 0.03125 0.0234375
1 0.65390625 0.82265625 0.034375 0.021875
1 0.4421875 0.82265625 0.0375 0.021875
1 0.2796875 0.821875 0.034375 0.025
1 0.06015625 0.82265625 0.034375 0.0265625
1 0.0609375 0.63125 0.03125 0.021875
1 0.2796875 0.63125 0.034375 0.025
1 0.4390625 0.63203125 0.03125 0.021875
1 0.65390625 0.63203125 0.0296875 0.021875
1 0.9046875 0.46875 0.034375 0.021875
1 0.6546875 0.46875 0.03125 0.0203125
1 0.43828125 0.46953125 0.03125 0.021875
1 0.2796875 0.46875 0.034375 0.021875
1 0.059375 0.46875 0.03125 0.021875
0 0.4796875 0.19921875 0.90625 0.3984375
1 0.90625 0.33671875 0.034375 0.021875
1 0.6578125 0.3375 0.03125 0.025
1 0.4421875 0.33671875 0.03125 0.0234375
1 0.28203125 0.33671875 0.03125 0.0234375
1 0.0609375 0.33671875 0.034375 0.021875
1 0.0625 0.14609375 0.0328125 0.021875
1 0.28203125 0.14609375 0.0296875 0.021875
1 0.44140625 0.1453125 0.034375 0.0234375
1 0.65546875 0.1453125 0.028125 0.025
1 0.90703125 0.146875 0.028125 0.021875
2 0.05625 0.72734375 0.028125 0.1828125
2 0.05703125 0.55078125 0.0296875 0.153125
2 0.16953125 0.46875 0.20625 0.0234375
2 0.20546875 0.51796875 0.021875 0.1234375
2 0.36171875 0.46875 0.1453125 0.0203125
2 0.54765625 0.46953125 0.2 0.021875
2 0.64921875 0.55078125 0.015625 0.153125
2 0.596875 0.628125 0.1015625 0.0125
2 0.5578125 0.57421875 0.021875 0.121875
2 0.471875 0.62890625 0.0515625 0.0125
2 0.3609375 0.628125 0.1484375 0.0125
2 0.27890625 0.728125 0.028125 0.1796875
2 0.16953125 0.82265625 0.209375 0.0203125
2 0.27421875 0.8515625 0.0203125 0.046875
2 0.3546875 0.86796875 0.1796875 0.0125
2 0.4359375 0.85 0.0171875 0.046875
2 0.54765625 0.8234375 0.2 0.0203125
2 0.7796875 0.82265625 0.2390625 0.0203125
2 0.81015625 0.63203125 0.1875 0.0203125
2 0.90625 0.55 0.03125 0.1546875
2 0.7796875 0.46796875 0.2375 0.021875
2 0.140625 0.62890625 0.15 0.015625
2 0.14609375 0.3375 0.1609375 0.025
2 0.05859375 0.240625 0.028125 0.18125
2 0.140625 0.14296875 0.1515625 0.0140625
2 0.2046875 0.13359375 0.0234375 0.03125
2 0.12890625 0.07734375 0.175 0.015625
2 0.06171875 0.07109375 0.0296875 0.1421875
2 0.20546875 0.01484375 0.021875 0.0296875
2 0.33125 0.14296875 0.090625 0.015625
2 0.28046875 0.240625 0.028125 0.18125
2 0.2765625 0.36484375 0.0203125 0.0484375
2 0.46484375 0.38046875 0.39375 0.0125
2 0.559375 0.2921875 0.021875 0.190625
2 0.575 0.2078125 0.05625 0.015625
2 0.46796875 0.20859375 0.090625 0.0171875
2 0.434375 0.36484375 0.0171875 0.046875
2 0.43359375 0.2671875 0.021875 0.134375
2 0.6515625 0.26640625 0.021875 0.1328125
2 0.65 0.3640625 0.021875 0.04375
2 0.78203125 0.3375 0.2375 0.021875
2 0.9078125 0.26171875 0.034375 0.14375
2 0.7796875 0.15 0.2390625 0.015625
2 0.6515625 0.04765625 0.028125 0.09375
2 0.909375 0.05078125 0.0296875 0.1015625
2 0.4375 0.071875 0.01875 0.14375
0 0.48359375 0.64921875 0.909375 0.4