1 0.1359375 0.0921875 0.021875 0.03125
1 0.325 0.08984375 0.0234375 0.03125
1 0.13671875 0.3421875 0.021875 0.034375
1 0.13671875 0.55234375 0.021875 0.0375
1 0.1375 0.71328125 0.025 0.034375
1 0.1359375 0.93203125 0.0265625 0.034375
1 0.3265625 0.93125 0.021875 0.03125
1 0.3265625 0.7140625 0.025 0.0328125
1 0.32578125 0.5546875 0.021875 0.03125
1 0.32578125 0.34140625 0.021875 0.0296875
1 0.4875 0.0921875 0.021875 0.034375
1 0.4875 0.340625 0.0203125 0.03125
1 0.4875 0.55546875 0.021875 0.03125
1 0.48828125 0.7140625 0.021875 0.034375
1 0.48828125 0.9328125 0.021875 0.03125
0 0.77265625 0.515625 0.428125 0.9
1 0.61953125 0.090625 0.021875 0.034375
1 0.61875 0.33828125 0.025 0.03125
1 0.61953125 0.5515625 0.0234375 0.03125
1 0.61953125 0.7109375 0.021875 0.03125
1 0.61953125 0.93203125 0.021875 0.0328125
1 0.80859375 0.9296875 0.0203125 0.0328125
1 0.80859375 0.71171875 0.021875 0.0296875
1 0.809375 0.55234375 0.0234375 0.034375
1 0.809375 0.33984375 0.025 0.028125
1 0.8078125 0.08984375 0.021875 0.028125
1 0.97109375 0.090625 0.021875 0.03125
1 0.9703125 0.33984375 0.021875 0.034375
1 0.97109375 0.553125 0.021875 0.0359375
1 0.971875 0.71328125 0.021875 0.034375
1 0.97109375 0.93203125 0.021875 0.034375
2 0.23125 0.9359375 0.18125 0.028125
2 0.40703125 0.93515625 0.153125 0.0296875
2 0.48828125 0.8234375 0.0234375 0.20625
2 0.4390625 0.78828125 0.121875 0.021875
2 0.48828125 0.63203125 0.0203125 0.14375
2 0.4875 0.446875 0.021875 0.2
2 0.40625 0.34609375 0.153125 0.015625
2 0.3296875 0.3984375 0.0125 0.1015625
2 0.38359375 0.4375 0.121875 0.021875
2 0.32890625 0.52265625 0.0125 0.0515625
2 0.3296875 0.63359375 0.0140625 0.146875
2 0.23046875 0.71484375 0.1796875 0.028125
2 0.1359375 0.8234375 0.0203125 0.209375
2 0.1078125 0.71875 0.046875 0.0203125
2 0.09140625 0.63984375 0.0125 0.178125
2 0.109375 0.5578125 0.046875 0.0171875
2 0.1359375 0.44765625 0.0203125 0.2
2 0.1359375 0.21640625 0.0203125 0.2375
2 0.32578125 0.1859375 0.0203125 0.1859375
2 0.40703125 0.090625 0.1515625 0.03125
2 0.4890625 0.21640625 0.021875 0.2375
2 0.32890625 0.8515625 0.015625 0.1484375
2 0.61875 0.846875 0.025 0.159375
2 0.71484375 0.93359375 0.1796875 0.028125
2 0.81171875 0.85234375 0.0140625 0.15
2 0.82109375 0.78828125 0.03125 0.0234375
2 0.87734375 0.86328125 0.0140625 0.1734375
2 0.88984375 0.9328125 0.1515625 0.03125
2 0.95390625 0.78828125 0.05625 0.0234375
2 0.97109375 0.82109375 0.021875 0.209375
2 0.97109375 0.634375 0.021875 0.15
2 0.81171875 0.6625 0.015625 0.090625
2 0.71484375 0.71328125 0.18125 0.028125
2 0.590625 0.71640625 0.046875 0.0203125
2 0.57578125 0.5296875 0.0125 0.390625
2 0.66328125 0.43515625 0.1890625 0.021875
2 0.74765625 0.41953125 0.015625 0.05625
2 0.746875 0.5265625 0.0171875 0.0890625
2 0.59140625 0.56015625 0.046875 0.0171875
2 0.68828125 0.5609375 0.1328125 0.021875
2 0.6890625 0.34375 0.13125 0.021875
2 0.5921875 0.3453125 0.04375 0.021875
2 0.61875 0.2140625 0.0234375 0.2375
2 0.69375 0.0890625 0.14375 0.034375
2 0.80546875 0.21640625 0.015625 0.2375
2 0.9140625 0.34453125 0.10625 0.028125
2 0.9703125 0.2140625 0.0203125 0.2375
2 0.9109375 0.08828125 0.115625 0.03125
2 0.9703125 0.4453125 0.0203125 0.203125
2 0.88984375 0.55859375 0.1546875 0.01875
0 0.30859375 0.5109375 0.396875 0.903125