1 0.1328125 0.140625 0.04296875 0.0359375
1 0.4265625 0.140625 0.0359375 0.034375
1 0.6375 0.140625 0.0390625 0.03515625
1 0.93046875 0.13828125 0.0359375 0.0328125
1 0.93203125 0.428125 0.0390625 0.0359375
1 0.6375 0.4296875 0.0359375 0.03203125
1 0.93515625 0.58671875 0.03828125 0.0296875
1 0.72890625 0.58515625 0.0359375 0.03203125
1 0.93203125 0.84140625 0.03671875 0.0328125
1 0.72890625 0.840625 0.0375 0.0296875
1 0.42734375 0.84140625 0.04296875 0.03203125
1 0.42734375 0.5875 0.03984375 0.03359375
1 0.42734375 0.428125 0.04296875 0.03125
1 0.1328125 0.4296875 0.03984375 0.03359375
1 0.13359375 0.84296875 0.0375 0.03359375
2 0.27890625 0.13359375 0.2734375 0.01640625
2 0.4328125 0.284375 0.01640625 0.27421875
2 0.49609375 0.434375 0.1171875 0.015625
2 0.3203125 0.4703125 0.01875 0.0875
2 0.23046875 0.434375 0.175 0.01640625
2 0.12734375 0.634375 0.01953125 0.3953125
2 0.28046875 0.84609375 0.275 0.01640625
2 0.43203125 0.75 0.01875 0.1625
2 0.48984375 0.69375 0.10859375 0.0171875
2 0.69296875 0.69296875 0.078125 0.0171875
2 0.69296875 0.84609375 0.053125 0.01640625
2 0.73515625 0.87109375 0.0203125 0.04375
2 0.73515625 0.7125 0.0171875 0.2375
2 0.840625 0.88359375 0.2109375 0.01640625
2 0.9390625 0.8703125 0.01640625 0.04375
2 0.93828125 0.71328125 0.01796875 0.23984375
2 0.93828125 0.50703125 0.02109375 0.14140625
2 0.8296875 0.434375 0.18828125 0.01953125
2 0.9375 0.28359375 0.021875 0.27578125
2 0.78515625 0.1328125 0.2765625 0.0171875
2 0.63203125 0.284375 0.01953125 0.27421875
2 0.53203125 0.13359375 0.190625 0.015625
2 0.49609375 0.2453125 0.1234375 0.01640625
2 0.27265625 0.58046875 0.28828125 0.01953125
2 0.128125 0.2859375 0.01953125 0.27734375
0 0.52890625 0.51015625 0.859375 0.7921875