1 0.90546875 0.8765625 0.0453125 0.0375
1 0.59609375 0.8765625 0.0390625 0.0359375
1 0.3734375 0.8765625 0.040625 0.0375
1 0.06484375 0.87890625 0.0375 0.034375
1 0.06328125 0.57265625 0.0421875 0.0375
1 0.3734375 0.57109375 0.0375 0.034375
1 0.06015625 0.40546875 0.040625 0.03125
1 0.27734375 0.40703125 0.0375 0.034375
1 0.0625 0.1359375 0.0375 0.034375
1 0.27734375 0.1375 0.040625 0.03125
1 0.5953125 0.13671875 0.0453125 0.034375
1 0.59453125 0.4046875 0.0421875 0.034375
1 0.59453125 0.57265625 0.0453125 0.0328125
1 0.90546875 0.57109375 0.040625 0.034375
1 0.9046875 0.13515625 0.040625 0.034375
2 0.75234375 0.88359375 0.2875 0.0171875
2 0.5890625 0.72421875 0.0171875 0.2890625
2 0.52265625 0.56640625 0.125 0.015625
2 0.70859375 0.528125 0.01875 0.09375
2 0.803125 0.56640625 0.184375 0.0171875
2 0.91171875 0.3546875 0.021875 0.4171875
2 0.75 0.13203125 0.290625 0.0171875
2 0.58984375 0.2328125 0.01875 0.171875
2 0.52890625 0.2921875 0.1140625 0.01875
2 0.31484375 0.29296875 0.08125 0.01875
2 0.31484375 0.13203125 0.05625 0.0171875
2 0.27109375 0.10546875 0.021875 0.046875
2 0.27109375 0.27265625 0.01875 0.25
2 0.159375 0.09140625 0.221875 0.0171875
2 0.05625 0.10625 0.01875 0.046875
2 0.05703125 0.271875 0.01875 0.253125
2 0.05625 0.48984375 0.021875 0.15
2 0.17109375 0.56640625 0.1984375 0.0203125
2 0.05703125 0.72578125 0.0234375 0.290625
2 0.21796875 0.884375 0.2921875 0.01875
2 0.3796875 0.72421875 0.0203125 0.2890625
2 0.484375 0.884375 0.2015625 0.015625
2 0.52265625 0.765625 0.13125 0.0171875
2 0.7578125 0.4125 0.303125 0.0203125
2 0.9109375 0.72265625 0.0203125 0.29375
0 0.48828125 0.4859375 0.90625 0.8359375