1 0.13046875 0.86796875 0.04375 0.0375
1 0.434375 0.86796875 0.0375 0.034375
1 0.6515625 0.86875 0.040625 0.0375
1 0.9546875 0.8703125 0.0375 0.034375
1 0.95625 0.57109375 0.040625 0.0375
1 0.65234375 0.56953125 0.0375 0.0328125
1 0.959375 0.40703125 0.0390625 0.03125
1 0.746875 0.40859375 0.0375 0.034375
1 0.95703125 0.14375 0.0375 0.034375
1 0.746875 0.1453125 0.0390625 0.03125
1 0.43515625 0.14453125 0.04375 0.034375
1 0.43515625 0.40703125 0.040625 0.034375
1 0.43515625 0.57109375 0.04375 0.03125
1 0.13046875 0.56953125 0.040625 0.034375
1 0.13125 0.14296875 0.0390625 0.034375
2 0.28125 0.875 0.2828125 0.015625
2 0.440625 0.71953125 0.0171875 0.2828125
2 0.50625 0.56484375 0.121875 0.015625
2 0.32421875 0.52734375 0.01875 0.090625
2 0.23125 0.56484375 0.18125 0.015625
2 0.12421875 0.3578125 0.0203125 0.409375
2 0.2828125 0.13984375 0.284375 0.015625
2 0.43984375 0.23828125 0.01875 0.16875
2 0.49921875 0.296875 0.1125 0.01875
2 0.709375 0.29765625 0.08125 0.01875
2 0.709375 0.13984375 0.0546875 0.0171875
2 0.75234375 0.1140625 0.021875 0.0453125
2 0.753125 0.27734375 0.0171875 0.2453125
2 0.8625 0.10078125 0.21875 0.015625
2 0.96328125 0.11484375 0.0171875 0.0453125
2 0.9625 0.2765625 0.01875 0.246875
2 0.96328125 0.48984375 0.021875 0.146875
2 0.85078125 0.56484375 0.19375 0.0203125
2 0.96171875 0.7203125 0.021875 0.284375
2 0.8046875 0.87578125 0.2859375 0.0171875
2 0.64609375 0.71953125 0.0203125 0.2828125
2 0.54296875 0.87578125 0.196875 0.015625
2 0.50546875 0.759375 0.128125 0.015625
2 0.275 0.4140625 0.296875 0.0203125
2 0.125 0.71796875 0.01875 0.2859375
0 0.5390625 0.4859375 0.8875 0.81875