1 0.803125 0.11484375 0.021875 0.05
1 0.80390625 0.42265625 0.021875 0.0375
1 0.80390625 0.74765625 0.021875 0.040625
1 0.803125 0.959375 0.021875 0.0390625
1 0.61328125 0.7484375 0.021875 0.040625
1 0.6125 0.9609375 0.021875 0.040625
1 0.6125 0.42109375 0.0203125 0.0359375
1 0.61171875 0.1171875 0.0234375 0.040625
1 0.38671875 0.115625 0.021875 0.0421875
1 0.3890625 0.42109375 0.0234375 0.04375
1 0.38828125 0.746875 0.021875 0.04375
1 0.3875 0.9578125 0.021875 0.040625
1 0.1640625 0.74921875 0.021875 0.04375
1 0.16328125 0.95859375 0.0234375 0.040625
1 0.16484375 0.42265625 0.021875 0.04375
1 0.16328125 0.11640625 0.025 0.046875
2 0.928125 0.96640625 0.14375 0.0171875
2 0.9265625 0.1078125 0.146875 0.0171875
2 0.83203125 0.115625 0.053125 0.034375
2 0.84765625 0.16484375 0.021875 0.13125
2 0.846875 0.36796875 0.0203125 0.11875
2 0.803125 0.4765625 0.01875 0.090625
2 0.803125 0.671875 0.0203125 0.1390625
2 0.80390625 0.78515625 0.01875 0.059375
2 0.80390625 0.9234375 0.0203125 0.059375
2 0.70859375 0.96015625 0.184375 0.0390625
2 0.6171875 0.8875 0.0109375 0.13125
2 0.5 0.959375 0.2171875 0.034375
2 0.45703125 0.91875 0.0109375 0.1125
2 0.70859375 0.115625 0.1828125 0.0375
2 0.6125 0.16328125 0.021875 0.078125
2 0.58828125 0.28671875 0.0703125 0.04375
2 0.7046875 0.415625 0.184375 0.01875
2 0.61640625 0.525 0.0125 0.1890625
2 0.6171875 0.7046875 0.0125 0.06875
2 0.7125 0.68359375 0.203125 0.01875
2 0.85078125 0.6953125 0.015625 0.571875
2 0.8359375 0.965625 0.05 0.028125
2 0.45703125 0.5890625 0.0171875 0.384375
2 0.4765625 0.28125 0.0625 0.04375
2 0.4609375 0.2484375 0.025 0.1125
2 0.49921875 0.11796875 0.2171875 0.046875
2 0.40703125 0.20703125 0.015625 0.1875
2 0.3515625 0.28984375 0.040625 0.028125
2 0.27421875 0.41484375 0.221875 0.028125
2 0.27578125 0.11640625 0.21875 0.0375
2 0.13359375 0.4234375 0.053125 0.0375
2 0.11953125 0.3765625 0.0234375 0.134375
2 0.13515625 0.11484375 0.053125 0.0390625
2 0.12109375 0.16484375 0.021875 0.1375
2 0.33671875 0.21640625 0.0125 0.246875
2 0.16484375 0.459375 0.021875 0.065625
2 0.1640625 0.60625 0.021875 0.0625
2 0.27578125 0.753125 0.21875 0.028125
2 0.115625 0.59921875 0.015625 0.3515625
2 0.134375 0.753125 0.053125 0.028125
2 0.16484375 0.8546875 0.025 0.05625
2 0.275 0.9578125 0.2140625 0.04375
0 0.553125 0.5375 0.89375 0.896875