1 0.12890625 0.0359375 0.04140625 0.02265625
1 0.4171875 0.0359375 0.04453125 0.0234375
1 0.72109375 0.03515625 0.03671875 0.01953125
1 0.9203125 0.03515625 0.03828125 0.0203125
1 0.13203125 0.2421875 0.046875 0.0203125
1 0.41796875 0.24140625 0.03359375 0.02109375
1 0.72109375 0.24140625 0.0375 0.0203125
1 0.91875 0.2421875 0.0359375 0.02109375
1 0.721875 0.41875 0.0390625 0.02109375
1 0.9203125 0.41953125 0.03671875 0.02109375
1 0.41640625 0.41953125 0.03359375 0.01953125
1 0.13359375 0.4203125 0.03828125 0.021875
1 0.13203125 0.6296875 0.0390625 0.02109375
1 0.41640625 0.628125 0.04140625 0.021875
1 0.72109375 0.62890625 0.04140625 0.0203125
1 0.9171875 0.62890625 0.0390625 0.0203125
1 0.72265625 0.83828125 0.040625 0.01953125
1 0.91796875 0.8390625 0.0390625 0.021875
1 0.41796875 0.8375 0.040625 0.0203125
1 0.1328125 0.8390625 0.04296875 0.0234375
2 0.27421875 0.03203125 0.2640625 0.0109375
2 0.56875 0.03203125 0.278125 0.01015625
2 0.81953125 0.0328125 0.17421875 0.01171875
2 0.92578125 0.1171875 0.015625 0.153125
2 0.12578125 0.11875 0.01640625 0.1546875
2 0.13203125 0.21484375 0.03203125 0.04921875
2 0.178125 0.2 0.121875 0.01953125
2 0.3671875 0.20078125 0.11171875 0.01953125
2 0.46875 0.24140625 0.08359375 0.01796875
2 0.65078125 0.24140625 0.1296875 0.01875
2 0.75625 0.24140625 0.05625 0.01796875
2 0.88515625 0.24140625 0.05546875 0.01875
2 0.91953125 0.3296875 0.0359375 0.17109375
2 0.8515625 0.41484375 0.121875 0.01015625
2 0.91875 0.525 0.03203125 0.20234375
2 0.88125 0.56484375 0.10390625 0.01015625
2 0.13203125 0.33046875 0.034375 0.1703125
2 0.1765625 0.41953125 0.0734375 0.0203125
2 0.2921875 0.4421875 0.040625 0.065625
2 0.4125 0.33359375 0.0171875 0.17265625
2 0.51328125 0.415625 0.17578125 0.0109375
2 0.68125 0.41484375 0.06328125 0.01171875
2 0.66171875 0.3265625 0.0171875 0.1890625
2 0.67265625 0.19765625 0.53359375 0.015625
2 0.925 0.2109375 0.02734375 0.04609375
2 0.5734375 0.56484375 0.3578125 0.01640625
2 0.28671875 0.54609375 0.03984375 0.05859375
2 0.25625 0.5609375 0.10390625 0.02265625
2 0.134375 0.525 0.04296875 0.203125
2 0.2171875 0.6109375 0.175 0.015625
2 0.29453125 0.66328125 0.0265625 0.03828125
2 0.4109375 0.73515625 0.0265625 0.2078125
2 0.1328125 0.73359375 0.03515625 0.2046875
2 0.41875 0.86640625 0.03515625 0.04921875
2 0.375 0.8796875 0.12578125 0.021875
2 0.13203125 0.86484375 0.03671875 0.05
2 0.178125 0.878125 0.128125 0.02109375
2 0.2265625 0.6765625 0.22890625 0.01171875
2 0.45234375 0.8375 0.0625 0.0203125
2 0.58984375 0.83828125 0.05703125 0.02109375
2 0.72578125 0.73359375 0.025 0.20390625
2 0.5828125 0.88359375 0.3265625 0.01484375
2 0.7265625 0.865625 0.02578125 0.04921875
2 0.82109375 0.83671875 0.0515625 0.02421875
2 0.9171875 0.734375 0.03984375 0.2
0 0.52578125 0.4578125 0.83515625 0.86875