1 0.00625 0.87578125 0.0125 0.0453125
1 0.00625 0.56796875 0.0125 0.0484375
1 0.00546875 0.24296875 0.0109375 0.0390625
1 0.00546875 0.03125 0.0109375 0.040625
1 0.221875 0.87109375 0.021875 0.05
1 0.2203125 0.565625 0.021875 0.0359375
1 0.2203125 0.2421875 0.021875 0.040625
1 0.22109375 0.03125 0.021875 0.0375
1 0.41015625 0.24140625 0.021875 0.040625
1 0.4109375 0.0296875 0.021875 0.0390625
1 0.4109375 0.5671875 0.0203125 0.034375
1 0.41171875 0.86875 0.0234375 0.040625
1 0.63515625 0.8703125 0.021875 0.0421875
1 0.6328125 0.5671875 0.021875 0.04375
1 0.634375 0.24296875 0.021875 0.04375
1 0.634375 0.03359375 0.021875 0.040625
1 0.8578125 0.240625 0.021875 0.04375
1 0.85859375 0.03203125 0.0234375 0.040625
1 0.85703125 0.565625 0.021875 0.04375
1 0.8578125 0.86953125 0.025 0.046875
2 0.0015625 0.71953125 0.003125 0.2828125
2 0.0015625 0.40546875 0.003125 0.2953125
2 0.00234375 0.13828125 0.003125 0.1875
2 0.08828125 0.02421875 0.1625 0.015625
2 0.08984375 0.87734375 0.165625 0.01875
2 0.1921875 0.87109375 0.053125 0.034375
2 0.1765625 0.82109375 0.021875 0.1296875
2 0.17734375 0.61953125 0.0203125 0.11875
2 0.22109375 0.51171875 0.01875 0.0890625
2 0.22109375 0.31796875 0.0203125 0.1375
2 0.2203125 0.2046875 0.01875 0.059375
2 0.22109375 0.0671875 0.0203125 0.059375
2 0.31484375 0.03046875 0.1828125 0.0375
2 0.40625 0.103125 0.0109375 0.1296875
2 0.52265625 0.03203125 0.215625 0.034375
2 0.565625 0.071875 0.0109375 0.1109375
2 0.315625 0.87109375 0.18125 0.0375
2 0.4109375 0.8234375 0.021875 0.078125
2 0.43515625 0.7 0.0703125 0.04375
2 0.31875 0.571875 0.184375 0.01875
2 0.40703125 0.4640625 0.0125 0.1875
2 0.40625 0.28515625 0.0125 0.0671875
2 0.31171875 0.30546875 0.2015625 0.01875
2 0.17421875 0.29453125 0.015625 0.56875
2 0.1890625 0.025 0.05 0.028125
2 0.565625 0.39921875 0.0171875 0.38125
2 0.54609375 0.70625 0.0625 0.04375
2 0.56171875 0.73828125 0.025 0.1109375
2 0.5234375 0.86796875 0.215625 0.046875
2 0.615625 0.7796875 0.015625 0.1875
2 0.6703125 0.69765625 0.040625 0.028125
2 0.74765625 0.5734375 0.221875 0.028125
2 0.74609375 0.8703125 0.21875 0.0375
2 0.8875 0.56484375 0.053125 0.0375
2 0.9015625 0.61171875 0.0234375 0.134375
2 0.8859375 0.87109375 0.053125 0.0390625
2 0.9 0.82109375 0.021875 0.1375
2 0.68515625 0.7703125 0.0125 0.24375
2 0.85703125 0.52890625 0.021875 0.065625
2 0.8578125 0.3828125 0.021875 0.0609375
2 0.74609375 0.23671875 0.2171875 0.028125
2 0.90546875 0.38984375 0.015625 0.3484375
2 0.88671875 0.23671875 0.053125 0.028125
2 0.85625 0.1359375 0.025 0.0546875
2 0.746875 0.0328125 0.2125 0.04375
0 0.4578125 0.4515625 0.915625 0.890625