0 0.5203125 0.4953125 0.88125 0.909375
1 0.93515625 0.06875 0.0234375 0.028125
1 0.9359375 0.32890625 0.021875 0.0265625
1 0.93515625 0.65859375 0.025 0.028125
1 0.9359375 0.9171875 0.025 0.028125
1 0.5578125 0.91640625 0.025 0.025
1 0.55703125 0.65703125 0.025 0.025
1 0.55859375 0.32890625 0.021875 0.025
1 0.5578125 0.06953125 0.025 0.028125
1 0.34453125 0.06875 0.025 0.025
1 0.34296875 0.32890625 0.025 0.0265625
1 0.1078125 0.06953125 0.025 0.0265625
1 0.10859375 0.4765625 0.0234375 0.028125
1 0.10859375 0.6578125 0.021875 0.0265625
1 0.10703125 0.9171875 0.021875 0.028125
1 0.43828125 0.6578125 0.0234375 0.0265625
1 0.43828125 0.915625 0.021875 0.021875
1 0.69921875 0.32890625 0.021875 0.025
1 0.69921875 0.65703125 0.025 0.0265625
2 0.93515625 0.68203125 0.0265625 0.0421875
2 0.9359375 0.88984375 0.0265625 0.0453125
2 0.87578125 0.9171875 0.115625 0.028125
2 0.61796875 0.915625 0.1109375 0.0296875
2 0.55859375 0.7859375 0.025 0.253125
2 0.49765625 0.65703125 0.1125 0.0265625
2 0.4390625 0.78671875 0.025 0.25
2 0.5296875 0.9171875 0.053125 0.028125
2 0.4609375 0.91640625 0.0421875 0.028125
2 0.27265625 0.91640625 0.328125 0.03125
2 0.109375 0.89765625 0.025 0.025
2 0.10859375 0.6734375 0.0265625 0.025
2 0.109375 0.63671875 0.0234375 0.034375
2 0.24296875 0.6578125 0.2625 0.028125
2 0.24296875 0.47734375 0.265625 0.0265625
2 0.10859375 0.5015625 0.021875 0.0390625
2 0.10859375 0.41015625 0.025 0.128125
2 0.34296875 0.3671875 0.025 0.0625
2 0.4515625 0.3296875 0.20625 0.028125
2 0.440625 0.453125 0.021875 0.25
2 0.453125 0.1984375 0.01875 0.253125
2 0.55859375 0.2296875 0.028125 0.1875
2 0.45 0.06875 0.2078125 0.028125
2 0.34453125 0.23046875 0.028125 0.190625
2 0.3171875 0.06953125 0.04375 0.0265625
2 0.13125 0.0703125 0.0375 0.0296875
2 0.1078125 0.1296875 0.0265625 0.1125
2 0.61875 0.06796875 0.1109375 0.028125
2 0.6625 0.328125 0.065625 0.028125
2 0.7 0.5296875 0.028125 0.24375
2 0.6625 0.65703125 0.0671875 0.0265625
2 0.790625 0.65703125 0.171875 0.0265625
2 0.81875 0.55 0.265625 0.021875
2 0.93671875 0.53671875 0.03125 0.1
2 0.9359375 0.63203125 0.028125 0.0359375
2 0.93515625 0.30234375 0.025 0.040625
2 0.9359375 0.36328125 0.025 0.059375
2 0.81875 0.32890625 0.225 0.0265625
2 0.9359375 0.09375 0.025 0.040625
2 0.87578125 0.06875 0.109375 0.0265625