0 0.5265625 0.53125 0.946875 0.9234375
1 0.978125 0.096875 0.028125 0.025
1 0.70546875 0.096875 0.028125 0.0234375
1 0.36015625 0.096875 0.028125 0.025
1 0.08828125 0.096875 0.0296875 0.025
1 0.0890625 0.4921875 0.028125 0.025
1 0.3609375 0.49296875 0.0265625 0.0265625
1 0.70625 0.4921875 0.025 0.0234375
1 0.978125 0.4921875 0.028125 0.0265625
1 0.97890625 0.71640625 0.025 0.025
1 0.70546875 0.7171875 0.028125 0.025
1 0.978125 0.9640625 0.028125 0.025
1 0.55078125 0.96328125 0.028125 0.025
1 0.3609375 0.96328125 0.028125 0.021875
1 0.08828125 0.9640625 0.03125 0.021875
1 0.3609375 0.61796875 0.028125 0.025
1 0.08984375 0.6171875 0.025 0.025
1 0.70625 0.34453125 0.025 0.0234375
1 0.3609375 0.34453125 0.028125 0.025
2 0.33515625 0.09765625 0.04375 0.028125
2 0.1171875 0.096875 0.046875 0.028125
2 0.08828125 0.159375 0.028125 0.121875
2 0.08984375 0.4296875 0.03125 0.115625
2 0.2265625 0.4921875 0.265625 0.0265625
2 0.3609375 0.55546875 0.028125 0.11875
2 0.225 0.6171875 0.2625 0.0265625
2 0.08828125 0.521875 0.0296875 0.05625
2 0.08984375 0.59453125 0.0296875 0.04375
2 0.0890625 0.79140625 0.0328125 0.3421875
2 0.10859375 0.9625 0.028125 0.025
2 0.34375 0.9625 0.028125 0.028125
2 0.3828125 0.9625 0.0375 0.025
2 0.36015625 0.821875 0.028125 0.275
2 0.55 0.82265625 0.028125 0.278125
2 0.525 0.96328125 0.040625 0.0234375
2 0.6203125 0.96328125 0.134375 0.028125
2 0.665625 0.7171875 0.065625 0.0265625
2 0.7046875 0.60390625 0.028125 0.215625
2 0.575 0.61484375 0.2625 0.025
2 0.8421875 0.60234375 0.265625 0.0203125
2 0.809375 0.4921875 0.196875 0.0296875
2 0.978125 0.60546875 0.03125 0.21875
2 0.809375 0.715625 0.2 0.0296875
2 0.97734375 0.74453125 0.028125 0.0453125
2 0.97734375 0.9390625 0.03125 0.040625
2 0.9140625 0.9640625 0.11875 0.028125
2 0.9796875 0.428125 0.028125 0.115625
2 0.70625 0.3828125 0.0296875 0.06875
2 0.49453125 0.34375 0.25625 0.028125
2 0.3609375 0.3828125 0.028125 0.0703125
2 0.36171875 0.2484375 0.028125 0.178125
2 0.4734375 0.21875 0.021875 0.278125
2 0.4875 0.0953125 0.10625 0.03125
2 0.3875 0.096875 0.0375 0.028125
2 0.73359375 0.096875 0.04375 0.0265625
2 0.66953125 0.09609375 0.0625 0.025
2 0.70546875 0.21953125 0.028125 0.2359375
2 0.95234375 0.096875 0.0421875 0.0265625
2 0.978125 0.159375 0.028125 0.115625