0 0.4765625 0.50546875 0.8609375 0.8359375
1 0.07265625 0.11171875 0.02578125 0.02265625
1 0.31796875 0.11171875 0.025 0.02109375
1 0.63046875 0.11171875 0.02578125 0.0234375
1 0.87578125 0.11171875 0.0265625 0.02265625
1 0.875 0.46953125 0.02421875 0.02265625
1 0.6296875 0.4703125 0.02421875 0.02421875
1 0.31796875 0.46953125 0.02265625 0.02109375
1 0.07265625 0.46953125 0.0265625 0.02421875
1 0.071875 0.67265625 0.0234375 0.0234375
1 0.31875 0.6734375 0.02578125 0.0234375
1 0.07265625 0.896875 0.025 0.02265625
1 0.45859375 0.89609375 0.02578125 0.021875
1 0.6296875 0.89609375 0.025 0.0203125
1 0.87578125 0.896875 0.02734375 0.0203125
1 0.6296875 0.5828125 0.025 0.02265625
1 0.87421875 0.5828125 0.021875 0.021875
1 0.31796875 0.3359375 0.02265625 0.02109375
1 0.6296875 0.3359375 0.025 0.02265625
2 0.653125 0.1125 0.03984375 0.025
2 0.84921875 0.11171875 0.04296875 0.025
2 0.87578125 0.16796875 0.02578125 0.11015625
2 0.87421875 0.41328125 0.02734375 0.1046875
2 0.75078125 0.46953125 0.23984375 0.0234375
2 0.6296875 0.5265625 0.025 0.10703125
2 0.75234375 0.5828125 0.23671875 0.02421875
2 0.87578125 0.496875 0.0265625 0.05078125
2 0.875 0.56171875 0.0265625 0.03984375
2 0.875 0.740625 0.0296875 0.31015625
2 0.85703125 0.8953125 0.025 0.02265625
2 0.6453125 0.8953125 0.02421875 0.025
2 0.609375 0.8953125 0.0328125 0.021875
2 0.63046875 0.76796875 0.0265625 0.24921875
2 0.459375 0.76875 0.025 0.2515625
2 0.48203125 0.89609375 0.03671875 0.02109375
2 0.3953125 0.89609375 0.12109375 0.025
2 0.3546875 0.6734375 0.06015625 0.02421875
2 0.31875 0.5703125 0.02578125 0.1953125
2 0.4359375 0.58046875 0.2359375 0.021875
2 0.1953125 0.56953125 0.2390625 0.01796875
2 0.225 0.46953125 0.178125 0.02734375
2 0.07265625 0.571875 0.02734375 0.19765625
2 0.225 0.671875 0.1796875 0.02578125
2 0.07265625 0.6984375 0.025 0.04140625
2 0.0734375 0.87421875 0.028125 0.0359375
2 0.13046875 0.896875 0.10703125 0.02578125
2 0.07109375 0.41171875 0.02578125 0.10546875
2 0.31796875 0.3703125 0.0265625 0.06328125
2 0.50859375 0.33515625 0.23125 0.02578125
2 0.6296875 0.37109375 0.025 0.0640625
2 0.62890625 0.24921875 0.02421875 0.16171875
2 0.528125 0.221875 0.0203125 0.25234375
2 0.515625 0.11015625 0.0953125 0.02890625
2 0.60546875 0.11171875 0.03359375 0.0265625
2 0.29296875 0.11171875 0.0390625 0.02421875
2 0.3515625 0.1109375 0.05625 0.0234375
2 0.31875 0.22265625 0.025 0.21328125
2 0.09609375 0.11171875 0.03828125 0.02421875
2 0.071875 0.16796875 0.025 0.10390625