1 0.17734375 0.7640625 0.0578125 0.0625
1 0.18203125 0.12890625 0.0671875 0.0609375
1 0.56640625 0.765625 0.05625 0.05625
1 0.56640625 0.13046875 0.0546875 0.05625
1 0.95 0.7640625 0.05625 0.0625
1 0.9484375 0.13046875 0.053125 0.05625
2 0.37265625 0.76328125 0.346875 0.0328125
2 0.17890625 0.72578125 0.021875 0.0375
2 0.17890625 0.54296875 0.021875 0.10625
2 0.1796875 0.36640625 0.021875 0.13125
2 0.17890625 0.175 0.01875 0.046875
2 0.32421875 0.4109375 0.01875 0.0765625
2 0.32578125 0.5125 0.01875 0.015625
2 0.29140625 0.365625 0.2125 0.021875
2 0.28984375 0.52578125 0.209375 0.01875
2 0.471875 0.64453125 0.01875 0.225
2 0.46796875 0.5265625 0.028125 0.015625
2 0.75859375 0.7640625 0.34375 0.0171875
2 0.953125 0.721875 0.015625 0.04375
2 0.953125 0.54453125 0.015625 0.0875
2 0.95234375 0.36875 0.015625 0.1359375
2 0.953125 0.175 0.0171875 0.046875
2 0.75859375 0.1296875 0.340625 0.015625
2 0.3734375 0.1296875 0.340625 0.0171875
2 0.4640625 0.3640625 0.01875 0.0125
2 0.465625 0.246875 0.0109375 0.225
2 0.60703125 0.3640625 0.153125 0.0125
2 0.6609375 0.246875 0.0125 0.225
2 0.84609375 0.359375 0.203125 0.0125
2 0.840625 0.52578125 0.2125 0.0125
2 0.6046875 0.525 0.146875 0.0140625
2 0.66171875 0.64375 0.015625 0.228125
0 0.56328125 0.4484375 0.8296875 0.6921875