1 0.16328125 0.81328125 0.0640625 0.059375
1 0.82421875 0.80859375 0.0625 0.0703125
1 0.1609375 0.4078125 0.0578125 0.059375
1 0.821875 0.4078125 0.059375 0.05625
1 0.1625 0.01953125 0.065625 0.0375
1 0.82109375 0.01953125 0.059375 0.0375
2 0.16328125 0.61015625 0.034375 0.3609375
2 0.203125 0.81171875 0.0390625 0.021875
2 0.39296875 0.81171875 0.1125 0.021875
2 0.5765625 0.8109375 0.1375 0.021875
2 0.77578125 0.81171875 0.05 0.0203125
2 0.53046875 0.66015625 0.0796875 0.0203125
2 0.425 0.65859375 0.015625 0.01875
2 0.57734375 0.69453125 0.021875 0.2203125
2 0.41171875 0.69609375 0.0203125 0.21875
2 0.2875 0.50703125 0.234375 0.0203125
2 0.409375 0.51015625 0.0171875 0.028125
2 0.16328125 0.20859375 0.015625 0.35625
2 0.20625 0.0078125 0.0453125 0.015625
2 0.39140625 0.0078125 0.090625 0.015625
2 0.57421875 0.0078125 0.140625 0.015625
2 0.77578125 0.0078125 0.05 0.015625
2 0.8234375 0.20859375 0.015625 0.35625
2 0.8234375 0.60859375 0.01875 0.35625
2 0.57890625 0.51484375 0.0140625 0.01875
2 0.7015625 0.51328125 0.234375 0.0125
2 0.5796875 0.36640625 0.0125 0.159375
2 0.7015625 0.309375 0.2328125 0.0125
2 0.584375 0.1171875 0.0125 0.2125
2 0.4109375 0.12265625 0.0125 0.221875
2 0.41171875 0.36796875 0.015625 0.153125
2 0.28828125 0.309375 0.2375 0.015625
0 0.490625 0.421875 0.721875 0.84375