1 0.2375 0.17578125 0.05859375 0.0546875
1 0.8390625 0.1796875 0.0578125 0.06328125
1 0.23515625 0.54453125 0.053125 0.053125
1 0.83671875 0.54453125 0.05390625 0.0515625
1 0.2375 0.9078125 0.059375 0.053125
1 0.83671875 0.90625 0.05390625 0.05078125
2 0.2375 0.3609375 0.03125 0.32890625
2 0.2734375 0.17734375 0.03515625 0.0203125
2 0.446875 0.17734375 0.1015625 0.02109375
2 0.61328125 0.17734375 0.12421875 0.01953125
2 0.7953125 0.17734375 0.04453125 0.01796875
2 0.57109375 0.315625 0.07265625 0.01796875
2 0.47578125 0.31640625 0.0140625 0.01796875
2 0.6140625 0.28359375 0.0203125 0.20078125
2 0.46328125 0.2828125 0.01796875 0.1984375
2 0.35078125 0.4546875 0.21328125 0.01875
2 0.46171875 0.4515625 0.015625 0.0265625
2 0.2375 0.7265625 0.01484375 0.325
2 0.2765625 0.9109375 0.04140625 0.015625
2 0.4453125 0.91015625 0.0828125 0.015625
2 0.61171875 0.91015625 0.12890625 0.015625
2 0.7953125 0.9109375 0.0453125 0.01640625
2 0.83828125 0.7265625 0.01484375 0.3234375
2 0.83828125 0.36171875 0.01640625 0.3234375
2 0.615625 0.44765625 0.0125 0.01796875
2 0.72734375 0.4484375 0.2125 0.01015625
2 0.61640625 0.5828125 0.0109375 0.1453125
2 0.72734375 0.634375 0.21171875 0.01171875
2 0.62109375 0.809375 0.01171875 0.1921875
2 0.4625 0.80390625 0.0109375 0.2015625
2 0.46328125 0.58046875 0.01328125 0.13828125
2 0.35078125 0.634375 0.215625 0.0140625
0 0.5359375 0.54140625 0.65546875 0.7859375