1 0.234375 0.17734375 0.06328125 0.0578125
1 0.8375 0.17890625 0.0609375 0.0671875
1 0.8375 0.5484375 0.05625 0.06171875
1 0.23515625 0.54453125 0.04921875 0.04765625
1 0.23671875 0.909375 0.0484375 0.04765625
1 0.8375 0.90859375 0.05625 0.0484375
2 0.2375 0.3609375 0.015625 0.33046875
2 0.35 0.4546875 0.215625 0.0171875
2 0.46328125 0.45703125 0.0109375 0.03984375
2 0.46484375 0.58828125 0.0109375 0.11875
2 0.3515625 0.63515625 0.215625 0.01328125
2 0.23828125 0.7265625 0.0109375 0.3234375
2 0.36953125 0.9109375 0.22734375 0.01484375
2 0.46484375 0.803125 0.01171875 0.20234375
2 0.68125 0.91015625 0.271875 0.0140625
2 0.8390625 0.72578125 0.01328125 0.3234375
2 0.70390625 0.76328125 0.25859375 0.0125
2 0.83828125 0.36171875 0.01328125 0.32421875
2 0.53671875 0.17734375 0.56171875 0.0125
2 0.4640625 0.28359375 0.0140625 0.20234375
2 0.4765625 0.31484375 0.015625 0.01328125
2 0.5703125 0.315625 0.07421875 0.0140625
2 0.61328125 0.31875 0.01015625 0.26953125
2 0.62578125 0.4484375 0.0140625 0.0125
2 0.759375 0.4484375 0.15 0.01328125
0 0.5375 0.540625 0.65390625 0.784375