1 0.75859375 0.834375 0.065625 0.0609375
1 0.12578125 0.8328125 0.0640625 0.0703125
1 0.125 0.4453125 0.059375 0.0640625
1 0.75703125 0.44921875 0.053125 0.05
1 0.75625 0.06640625 0.05 0.05
1 0.125 0.0671875 0.059375 0.05
2 0.7546875 0.64140625 0.015625 0.346875
2 0.63671875 0.54375 0.225 0.01875
2 0.51796875 0.540625 0.0109375 0.0421875
2 0.51640625 0.40390625 0.0109375 0.125
2 0.63515625 0.35390625 0.2265625 0.0140625
2 0.7546875 0.2578125 0.0125 0.340625
2 0.61640625 0.06484375 0.2390625 0.015625
2 0.51640625 0.17734375 0.0125 0.2125
2 0.2890625 0.065625 0.284375 0.015625
2 0.12421875 0.25859375 0.0140625 0.340625
2 0.265625 0.21953125 0.271875 0.0125
2 0.125 0.640625 0.0140625 0.340625
2 0.44140625 0.83515625 0.5890625 0.0125
2 0.5171875 0.72265625 0.015625 0.2125
2 0.50390625 0.68984375 0.015625 0.0140625
2 0.40625 0.6890625 0.078125 0.015625
2 0.3609375 0.68671875 0.009375 0.2828125
2 0.34765625 0.55 0.015625 0.0125
2 0.2078125 0.55 0.15625 0.0125
0 0.43984375 0.45390625 0.6859375 0.821875