1 0.7890625 0.815625 0.065625 0.0609375
1 0.1609375 0.8140625 0.0625 0.0703125
1 0.16015625 0.4296875 0.059375 0.0640625
1 0.78828125 0.4328125 0.0515625 0.05
1 0.78671875 0.053125 0.05 0.05
1 0.16015625 0.05390625 0.059375 0.05
2 0.7859375 0.62421875 0.015625 0.34375
2 0.66796875 0.52734375 0.225 0.01875
2 0.55 0.52421875 0.0109375 0.0421875
2 0.54921875 0.3875 0.0109375 0.125
2 0.66640625 0.3390625 0.225 0.0140625
2 0.78515625 0.24296875 0.0125 0.3375
2 0.6484375 0.0515625 0.2375 0.015625
2 0.54921875 0.16328125 0.0125 0.2109375
2 0.32265625 0.0515625 0.284375 0.015625
2 0.159375 0.24375 0.0140625 0.3375
2 0.29921875 0.2046875 0.2703125 0.0125
2 0.159375 0.6234375 0.0140625 0.3375
2 0.47421875 0.81640625 0.5859375 0.0125
2 0.55 0.70546875 0.015625 0.2125
2 0.53671875 0.67265625 0.015625 0.0140625
2 0.4390625 0.671875 0.078125 0.0140625
2 0.39453125 0.66875 0.009375 0.28125
2 0.38125 0.53359375 0.015625 0.0125
2 0.2421875 0.53359375 0.15625 0.0125
0 0.47265625 0.4375 0.68125 0.81875