0 0.4359375 0.55703125 0.7078125 0.8515625
1 0.76015625 0.1625 0.0578125 0.0609375
1 0.11171875 0.1671875 0.0578125 0.065625
1 0.11171875 0.5625 0.059375 0.0625
1 0.1109375 0.953125 0.0578125 0.0609375
1 0.76171875 0.95234375 0.05625 0.059375
1 0.76015625 0.559375 0.059375 0.0578125
2 0.434375 0.1640625 0.60625 0.0203125
2 0.51484375 0.28046875 0.015625 0.21875
2 0.353125 0.31796875 0.0171875 0.29375
2 0.340625 0.45703125 0.015625 0.0140625
2 0.19765625 0.45703125 0.1625 0.015625
2 0.11015625 0.3640625 0.0171875 0.353125
2 0.11015625 0.75703125 0.01875 0.3515625
2 0.2546875 0.796875 0.28125 0.015625
2 0.2765625 0.9546875 0.290625 0.0203125
2 0.515625 0.8453125 0.01875 0.234375
2 0.61640625 0.95625 0.246875 0.015625
2 0.75859375 0.75703125 0.01875 0.353125
2 0.6359375 0.65625 0.2328125 0.015625
2 0.51328125 0.66171875 0.015625 0.0234375
2 0.515625 0.5203125 0.015625 0.146875
2 0.6375 0.4625 0.234375 0.01875
2 0.759375 0.3625 0.01875 0.35625