0 0.53359375 0.4640625 0.66875 0.80625
1 0.2265625 0.83671875 0.053125 0.0578125
1 0.840625 0.8328125 0.0546875 0.0625
1 0.83984375 0.45859375 0.05625 0.059375
1 0.84140625 0.0890625 0.0546875 0.0578125
1 0.22578125 0.08984375 0.053125 0.05625
1 0.22734375 0.46171875 0.05625 0.0546875
2 0.53515625 0.83515625 0.575 0.01875
2 0.459375 0.72578125 0.015625 0.20625
2 0.61171875 0.690625 0.015625 0.278125
2 0.6234375 0.55859375 0.0140625 0.0125
2 0.759375 0.55859375 0.153125 0.015625
2 0.8421875 0.646875 0.015625 0.334375
2 0.8421875 0.275 0.01875 0.334375
2 0.7046875 0.23671875 0.265625 0.015625
2 0.684375 0.0875 0.275 0.01875
2 0.4578125 0.19140625 0.0171875 0.221875
2 0.3625 0.0859375 0.234375 0.015625
2 0.228125 0.27421875 0.0171875 0.334375
2 0.34453125 0.3703125 0.2203125 0.015625
2 0.46015625 0.36484375 0.015625 0.021875
2 0.45859375 0.4984375 0.015625 0.140625
2 0.34296875 0.55390625 0.221875 0.0171875
2 0.228125 0.64765625 0.0171875 0.3375