0 0.53671875 0.540625 0.65390625 0.78828125
1 0.23671875 0.17578125 0.053125 0.05625
1 0.83671875 0.1796875 0.053125 0.06015625
1 0.83671875 0.54609375 0.0546875 0.0578125
1 0.83828125 0.9078125 0.053125 0.05625
1 0.23515625 0.90703125 0.053125 0.0546875
1 0.23671875 0.54296875 0.05546875 0.05390625
2 0.53828125 0.17734375 0.56171875 0.01796875
2 0.4640625 0.28515625 0.01484375 0.20234375
2 0.61328125 0.31953125 0.01640625 0.27109375
2 0.625 0.4484375 0.0140625 0.01328125
2 0.7578125 0.4484375 0.15 0.01484375
2 0.8390625 0.3625 0.015625 0.3265625
2 0.83828125 0.7265625 0.01796875 0.3265625
2 0.7046875 0.76328125 0.26015625 0.01484375
2 0.684375 0.909375 0.26875 0.01875
2 0.4625 0.8078125 0.01640625 0.2171875
2 0.36953125 0.9109375 0.2296875 0.01484375
2 0.23828125 0.7265625 0.01640625 0.328125
2 0.3515625 0.6328125 0.215625 0.01484375
2 0.46484375 0.63828125 0.0140625 0.02109375
2 0.46328125 0.50703125 0.01484375 0.13671875
2 0.35 0.453125 0.21640625 0.0171875
2 0.2375 0.3609375 0.0171875 0.3296875