1 0.175 0.13125 0.059375 0.05625
1 0.84140625 0.13359375 0.059375 0.059375
1 0.17578125 0.540625 0.0625 0.06875
1 0.84609375 0.54140625 0.065625 0.05625
1 0.84453125 0.946875 0.059375 0.0625
1 0.17578125 0.946875 0.059375 0.0578125
2 0.17734375 0.33671875 0.01875 0.365625
2 0.30234375 0.440625 0.240625 0.021875
2 0.51015625 0.13359375 0.628125 0.015625
2 0.428125 0.2515625 0.0171875 0.225
2 0.59375 0.290625 0.015625 0.303125
2 0.44140625 0.2875 0.01875 0.0140625
2 0.54765625 0.2875 0.08125 0.015625
2 0.60703125 0.434375 0.015625 0.015625
2 0.75625 0.434375 0.165625 0.015625
2 0.8453125 0.33984375 0.0171875 0.3609375
2 0.8453125 0.74453125 0.01875 0.3609375
2 0.69140625 0.78671875 0.296875 0.015625
2 0.67265625 0.9484375 0.303125 0.01875
2 0.321875 0.94921875 0.2515625 0.015625
2 0.45625 0.7875 0.04375 0.015625
2 0.428125 0.828125 0.015625 0.225
2 0.1765625 0.74296875 0.015625 0.359375
2 0.428125 0.53984375 0.0171875 0.2359375
2 0.30234375 0.64296875 0.240625 0.015625
0 0.5109375 0.53984375 0.7296875 0.875