1 0.2359375 0.17578125 0.05234375 0.0515625
1 0.83515625 0.17734375 0.053125 0.053125
1 0.23671875 0.54375 0.05625 0.06171875
1 0.8390625 0.54453125 0.0578125 0.0515625
1 0.83828125 0.90859375 0.05390625 0.05703125
1 0.2375 0.9078125 0.05234375 0.0515625
2 0.23828125 0.36015625 0.01640625 0.3296875
2 0.35078125 0.453125 0.215625 0.01875
2 0.5375 0.17734375 0.56328125 0.0140625
2 0.4640625 0.28359375 0.015625 0.203125
2 0.6125 0.31875 0.0140625 0.271875
2 0.475 0.31640625 0.01640625 0.01328125
2 0.57109375 0.315625 0.0734375 0.01484375
2 0.62421875 0.4484375 0.01328125 0.0140625
2 0.75859375 0.44765625 0.15 0.0140625
2 0.83828125 0.3625 0.015625 0.32421875
2 0.83828125 0.7265625 0.01640625 0.32421875
2 0.70078125 0.76484375 0.2671875 0.0140625
2 0.6828125 0.909375 0.27265625 0.01640625
2 0.36875 0.91015625 0.2265625 0.01328125
2 0.4890625 0.76484375 0.03984375 0.0140625
2 0.46328125 0.8015625 0.01484375 0.20234375
2 0.2375 0.725 0.01484375 0.3234375
2 0.4640625 0.5421875 0.01484375 0.21171875
2 0.35078125 0.63515625 0.215625 0.01484375
0 0.53828125 0.5421875 0.65546875 0.78515625