1 0.15859375 0.26015625 0.05625 0.059375
1 0.1609375 0.92734375 0.059375 0.059375
1 0.56796875 0.26171875 0.06875 0.0625
1 0.56875 0.93125 0.05625 0.065625
1 0.97109375 0.9296875 0.0578125 0.059375
1 0.971875 0.26015625 0.05625 0.0578125
2 0.36328125 0.26328125 0.365625 0.01875
2 0.46796875 0.38828125 0.021875 0.240625
2 0.1609375 0.59609375 0.015625 0.628125
2 0.27890625 0.5140625 0.225 0.0171875
2 0.31796875 0.6796875 0.303125 0.015625
2 0.31484375 0.52734375 0.0140625 0.01875
2 0.31484375 0.6328125 0.015625 0.08125
2 0.46171875 0.69296875 0.015625 0.015625
2 0.46171875 0.8421875 0.015625 0.165625
2 0.36640625 0.93125 0.3609375 0.0171875
2 0.771875 0.93125 0.3609375 0.01875
2 0.8140625 0.77734375 0.015625 0.296875
2 0.97578125 0.7578125 0.01875 0.303125
2 0.9765625 0.4078125 0.015625 0.2515625
2 0.81484375 0.5421875 0.015625 0.04375
2 0.85546875 0.5140625 0.225 0.015625
2 0.7703125 0.2625 0.359375 0.015625
2 0.5671875 0.5140625 0.2359375 0.0171875
2 0.66953125 0.38828125 0.015625 0.240625
0 0.56484375 0.596875 0.8703125 0.73125