1 0.103125 0.09375 0.04453125 0.02734375
1 0.46171875 0.09375 0.04140625 0.02578125
1 0.8390625 0.09375 0.046875 0.02890625
1 0.8375 0.315625 0.0421875 0.02578125
1 0.4609375 0.315625 0.04375 0.0265625
1 0.10234375 0.315625 0.0421875 0.02578125
1 0.10234375 0.53671875 0.04609375 0.02578125
1 0.4625 0.53671875 0.0421875 0.03046875
1 0.83828125 0.5359375 0.0421875 0.025
1 0.83671875 0.78203125 0.04375 0.02734375
1 0.4609375 0.78203125 0.04453125 0.0265625
1 0.10234375 0.78125 0.04296875 0.0265625
1 0.10234375 0.92578125 0.0453125 0.02421875
1 0.4609375 0.92734375 0.0484375 0.02421875
1 0.8375 0.92734375 0.04453125 0.021875
2 0.471875 0.625 0.01953125 0.16328125
2 0.746875 0.540625 0.15546875 0.01328125
2 0.83984375 0.659375 0.03203125 0.23125
2 0.84140625 0.8546875 0.0359375 0.13359375
2 0.31875 0.9265625 0.26484375 0.0234375
2 0.28203125 0.78671875 0.3359375 0.0171875
2 0.09921875 0.85546875 0.03515625 0.1328125
2 0.09921875 0.65859375 0.03515625 0.23203125
2 0.2359375 0.54140625 0.253125 0.01484375
2 0.09921875 0.4265625 0.03515625 0.209375
2 0.22265625 0.3203125 0.21875 0.01328125
2 0.50078125 0.31953125 0.05546875 0.015625
2 0.46953125 0.228125 0.01875 0.16015625
2 0.09921875 0.2046875 0.03359375 0.209375
2 0.28359375 0.09375 0.340625 0.025
2 0.64921875 0.09375 0.3546875 0.0234375
2 0.60703125 0.2390625 0.021875 0.1796875
2 0.5 0.1609375 0.05703125 0.01640625
2 0.5796875 0.16015625 0.04609375 0.0140625
2 0.83984375 0.2046875 0.03359375 0.209375
2 0.75703125 0.23515625 0.14375 0.0140625
2 0.83984375 0.4265625 0.0359375 0.20859375
2 0.74609375 0.44765625 0.16796875 0.01640625
0 0.47265625 0.5078125 0.82109375 0.89375