1 0.0625 0.89921875 0.028125 0.046875
1 0.0625 0.52421875 0.0265625 0.04375
1 0.0625 0.13046875 0.03125 0.0484375
1 0.29375 0.13125 0.028125 0.04375
1 0.29375 0.52578125 0.028125 0.0453125
1 0.29296875 0.90078125 0.028125 0.04375
1 0.52421875 0.9 0.0265625 0.0484375
1 0.52421875 0.5234375 0.03125 0.04375
1 0.5234375 0.13046875 0.025 0.04375
1 0.7796875 0.1328125 0.028125 0.0453125
1 0.78046875 0.525 0.028125 0.046875
1 0.7796875 0.9 0.028125 0.0453125
1 0.93046875 0.90078125 0.025 0.046875
1 0.93203125 0.525 0.025 0.05
1 0.93203125 0.13203125 0.0234375 0.046875
2 0.61640625 0.5140625 0.1703125 0.0203125
2 0.528125 0.2265625 0.0140625 0.1625
2 0.65234375 0.12890625 0.240625 0.034375
2 0.85546875 0.12734375 0.140625 0.0375
2 0.93125 0.6734375 0.025 0.2765625
2 0.78515625 0.71171875 0.01875 0.35
2 0.85703125 0.903125 0.1390625 0.0375
2 0.6515625 0.903125 0.240625 0.0375
2 0.5296875 0.7609375 0.015625 0.265625
2 0.409375 0.903125 0.21875 0.0375
2 0.2984375 0.775 0.0140625 0.228125
2 0.29765625 0.48359375 0.015625 0.0578125
2 0.20234375 0.515625 0.1671875 0.01875
2 0.178125 0.903125 0.21875 0.034375
2 0.0625 0.7109375 0.0265625 0.35625
2 0.06171875 0.328125 0.025 0.371875
2 0.21328125 0.371875 0.1875 0.021875
2 0.13203125 0.484375 0.0171875 0.059375
2 0.13203125 0.40078125 0.015625 0.0484375
2 0.178125 0.12890625 0.21875 0.034375
2 0.209375 0.215625 0.015625 0.15
2 0.409375 0.128125 0.2171875 0.0375
2 0.43125 0.22734375 0.015625 0.175
0 0.49375 0.51328125 0.93125 0.859375