1 0.10078125 0.925 0.0453125 0.028125
1 0.47578125 0.925 0.04375 0.0265625
1 0.86953125 0.925 0.0484375 0.03125
1 0.86875 0.69375 0.04375 0.028125
1 0.47421875 0.69375 0.0453125 0.028125
1 0.09921875 0.69375 0.04375 0.028125
1 0.1 0.46328125 0.0484375 0.0265625
1 0.4765625 0.4625 0.04375 0.03125
1 0.86953125 0.4640625 0.04375 0.0265625
1 0.8671875 0.20703125 0.0453125 0.028125
1 0.475 0.20703125 0.046875 0.028125
1 0.1 0.2078125 0.0453125 0.028125
1 0.09921875 0.05703125 0.0484375 0.025
1 0.475 0.05546875 0.05 0.025
1 0.86796875 0.05546875 0.046875 0.0234375
2 0.4859375 0.37109375 0.0203125 0.1703125
2 0.7734375 0.45859375 0.1625 0.0140625
2 0.87109375 0.33515625 0.034375 0.2421875
2 0.87265625 0.13125 0.0375 0.140625
2 0.3265625 0.05625 0.2765625 0.025
2 0.28828125 0.2015625 0.3515625 0.01875
2 0.096875 0.13046875 0.0375 0.1390625
2 0.096875 0.3359375 0.0375 0.240625
2 0.2390625 0.4578125 0.265625 0.015625
2 0.096875 0.578125 0.0375 0.21875
2 0.225 0.6890625 0.228125 0.0140625
2 0.51640625 0.68984375 0.0578125 0.015625
2 0.484375 0.78515625 0.0203125 0.1671875
2 0.096875 0.809375 0.0359375 0.2171875
2 0.2890625 0.925 0.35625 0.0265625
2 0.671875 0.92578125 0.3703125 0.025
2 0.628125 0.7734375 0.0234375 0.1875
2 0.515625 0.8546875 0.0609375 0.0171875
2 0.59921875 0.85546875 0.0484375 0.015625
2 0.87109375 0.809375 0.034375 0.21875
2 0.784375 0.778125 0.15 0.015625
2 0.871875 0.578125 0.0375 0.2171875
2 0.77265625 0.55625 0.175 0.015625
0 0.48671875 0.49296875 0.859375 0.93125