1 0.134375 0.853125 0.025 0.021875
1 0.37734375 0.85234375 0.028125 0.021875
1 0.621875 0.8515625 0.025 0.021875
1 0.621875 0.65625 0.025 0.01875
1 0.378125 0.65625 0.025 0.01875
1 0.13515625 0.65625 0.028125 0.01875
1 0.134375 0.3484375 0.028125 0.021875
1 0.37890625 0.3484375 0.025 0.01875
1 0.62109375 0.3484375 0.0265625 0.01875
1 0.62265625 0.1875 0.025 0.01875
1 0.37890625 0.1875 0.0296875 0.021875
1 0.13515625 0.18828125 0.028125 0.021875
2 0.25625 0.853125 0.23125 0.01875
2 0.37734375 0.7546875 0.021875 0.1890625
2 0.134375 0.6703125 0.025 0.01875
2 0.13359375 0.7890625 0.028125 0.1203125
2 0.45234375 0.65546875 0.1375 0.0171875
2 0.60390625 0.65546875 0.025 0.01875
2 0.621875 0.58671875 0.021875 0.1296875
2 0.62109375 0.39453125 0.0234375 0.084375
2 0.62265625 0.334375 0.021875 0.01875
2 0.62109375 0.2328125 0.021875 0.084375
2 0.49921875 0.1875 0.23125 0.0203125
2 0.37734375 0.234375 0.021875 0.084375
2 0.25625 0.1875 0.23125 0.01875
2 0.1328125 0.234375 0.025 0.0828125
2 0.13359375 0.334375 0.021875 0.01875
2 0.25703125 0.34765625 0.2328125 0.0203125
2 0.134375 0.3625 0.0234375 0.01875
2 0.37734375 0.36171875 0.025 0.0203125
2 0.37890625 0.334375 0.021875 0.0203125
2 0.46328125 0.34765625 0.159375 0.01875
2 0.39154896093749997 0.42117908593750003 0.36561869375 0.420322115625 0.364974778125 0.533388221875 0.14660385781250002 0.53260576875 0.14660385781250002 0.41826201875 0.1208353109375 0.41852283593750006 0.12244510312500001 0.652271634375 0.147247775 0.652271634375 0.14563649843749998 0.555924278125 0.24967952499999999 0.5572295671874999 0.24871216562499998 0.6433942312500001 0.2348620171875 0.643915865625 0.2342181015625 0.6684603359375 0.28833234375 0.6679387015625 0.28962017812499996 0.643915865625 0.26932789375 0.6444387015624999 0.2686839765625 0.556185096875 0.39011869374999997 0.556185096875 0.39154896093749997 0.42117908593750003
2 0.16171875 0.65546875 0.04375 0.01875
0 0.378125 0.51953125 0.575 0.725