1 0.1734375 0.2046875 0.0234375 0.01953125
1 0.39609375 0.20546875 0.0265625 0.01953125
1 0.61953125 0.20625 0.02265625 0.0203125
1 0.61953125 0.38515625 0.021875 0.01796875
1 0.396875 0.38515625 0.0234375 0.01640625
1 0.17421875 0.38515625 0.02578125 0.01796875
1 0.1734375 0.6671875 0.02578125 0.01953125
1 0.39765625 0.66640625 0.02265625 0.0171875
1 0.61875 0.6671875 0.02421875 0.0171875
1 0.6203125 0.8140625 0.021875 0.01796875
1 0.396875 0.8140625 0.02734375 0.0203125
1 0.17421875 0.81328125 0.02578125 0.01953125
2 0.284375 0.2046875 0.2125 0.0171875
2 0.39609375 0.2953125 0.01875 0.17265625
2 0.1734375 0.371875 0.02265625 0.0171875
2 0.17265625 0.26328125 0.025 0.11015625
2 0.4640625 0.38515625 0.12578125 0.015625
2 0.603125 0.3859375 0.02265625 0.0171875
2 0.61953125 0.44921875 0.01953125 0.11875
2 0.61875 0.625 0.021875 0.0765625
2 0.6203125 0.6796875 0.0203125 0.01640625
2 0.61953125 0.77265625 0.0203125 0.0765625
2 0.5078125 0.8140625 0.2125 0.01875
2 0.39609375 0.77109375 0.0203125 0.0765625
2 0.28515625 0.8140625 0.2109375 0.01796875
2 0.171875 0.77109375 0.02265625 0.07578125
2 0.17265625 0.6796875 0.0203125 0.0171875
2 0.2859375 0.6671875 0.21328125 0.01875
2 0.1734375 0.65390625 0.02109375 0.01640625
2 0.39609375 0.6546875 0.021875 0.01875
2 0.396875 0.6796875 0.0203125 0.01875
2 0.475 0.6671875 0.1453125 0.01796875
2 0.29691168437500004 0.395849284375 0.315494565625 0.3963278328125 0.3143152171875 0.374339934375 0.2647595109375 0.37386248593750004 0.265349184375 0.3963278328125 0.27803260937499996 0.39680528125 0.278918478125 0.4756710671875 0.1836399453125 0.47686578593749995 0.1851154890625 0.38867986875 0.16240217343750002 0.38867986875 0.1609279890625 0.6026281625000001 0.18452581562499998 0.6028668859375 0.18452581562499998 0.4982090203125 0.384501359375 0.49749285 0.3850910328125 0.6009812984375 0.40883695624999994 0.6001969203125 0.4075271734375 0.4766270625 0.2963220109375 0.4766270625 0.29691168437500004 0.395849284375
2 0.1984375 0.3859375 0.03984375 0.0171875
0 0.39609375 0.51015625 0.52734375 0.6625