1 0.83515625 0.85 0.021875 0.025
1 0.834375 0.60546875 0.021875 0.028125
1 0.834375 0.359375 0.021875 0.025
1 0.63828125 0.36015625 0.01875 0.025
1 0.6375 0.6046875 0.01875 0.025
1 0.63828125 0.84921875 0.01875 0.028125
1 0.328125 0.84921875 0.021875 0.028125
1 0.328125 0.60390625 0.01875 0.025
1 0.328125 0.36015625 0.01875 0.0265625
1 0.1671875 0.35859375 0.01875 0.025
1 0.16640625 0.60390625 0.021875 0.0296875
1 0.1671875 0.84921875 0.021875 0.028125
2 0.83515625 0.72734375 0.01875 0.234375
2 0.73671875 0.60546875 0.190625 0.021875
2 0.6515625 0.85 0.01875 0.025
2 0.77109375 0.85078125 0.1203125 0.028125
2 0.6375 0.53046875 0.0171875 0.1375
2 0.63671875 0.37734375 0.01875 0.025
2 0.5671875 0.359375 0.1296875 0.021875
2 0.37421875 0.3609375 0.084375 0.0234375
2 0.31484375 0.35859375 0.01875 0.021875
2 0.2125 0.36015625 0.084375 0.021875
2 0.16640625 0.4828125 0.0203125 0.234375
2 0.2140625 0.60546875 0.084375 0.021875
2 0.1671875 0.7265625 0.01875 0.23125
2 0.21328125 0.85078125 0.084375 0.025
2 0.3140625 0.85078125 0.01875 0.0234375
2 0.328125 0.7265625 0.021875 0.234375
2 0.3421875 0.85 0.01875 0.0234375
2 0.34140625 0.60546875 0.0203125 0.025
2 0.3140625 0.60390625 0.0203125 0.021875
2 0.328125 0.51875 0.01875 0.159375
2 0.40147463749999995 0.5911880593750001 0.4006135265625 0.617273134375 0.5142258453124999 0.6179208953125 0.5134396140625 0.8375955218750001 0.398543478125 0.8375955218750001 0.39880555625 0.8635179109375001 0.6336835749999999 0.8618985078125 0.6336835749999999 0.8369477609375 0.5368707734375 0.83856865625 0.5381823671875 0.733904478125 0.624763284375 0.7348776124999999 0.6252874390625001 0.7488104484375 0.6499504828125 0.749458209375 0.649426328125 0.6950208953125 0.6252874390625001 0.6937253734375 0.6258128015625 0.71413880625 0.53713285 0.7147865671875 0.53713285 0.592626865625 0.40147463749999995 0.5911880593750001
2 0.63671875 0.821875 0.01875 0.04375
0 0.50078125 0.6046875 0.728125 0.5796875