0 0.50703125 0.42421875 0.62421875 0.66953125
1 0.23125 0.11875 0.03046875 0.028125
1 0.50703125 0.12109375 0.03359375 0.0296875
1 0.78203125 0.12890625 0.0390625 0.0328125
1 0.778125 0.390625 0.03984375 0.03125
1 0.5 0.3890625 0.03515625 0.0265625
1 0.2296875 0.38515625 0.04140625 0.0328125
1 0.50078125 0.56171875 0.04140625 0.028125
1 0.7734375 0.565625 0.04140625 0.02578125
1 0.78203125 0.73515625 0.03515625 0.03125
1 0.496875 0.734375 0.02890625 0.02578125
1 0.225 0.6625 0.0296875 0.028125
2 0.2609375 0.115625 0.0421875 0.01328125
2 0.38046875 0.11484375 0.06484375 0.01484375
2 0.4828125 0.1171875 0.02734375 0.01484375
2 0.67890625 0.12265625 0.19453125 0.01875
2 0.78203125 0.2015625 0.0203125 0.13359375
2 0.684375 0.32265625 0.21484375 0.00703125
2 0.60546875 0.35703125 0.01171875 0.0640625
2 0.7171875 0.38515625 0.10625 0.009375
2 0.64765625 0.4484375 0.278125 0.01640625
2 0.5 0.4765625 0.0171875 0.15703125
2 0.6390625 0.56328125 0.24921875 0.0171875
2 0.78046875 0.6484375 0.0234375 0.15703125
2 0.49765625 0.646875 0.01796875 0.15703125
2 0.38125 0.665625 0.06953125 0.01484375
2 0.25546875 0.66484375 0.04296875 0.015625
2 0.22578125 0.63984375 0.021875 0.02890625
2 0.23203125 0.5203125 0.01953125 0.0734375
2 0.2296875 0.40546875 0.02109375 0.02265625
2 0.228125 0.29140625 0.02265625 0.06171875
2 0.37734375 0.31953125 0.09375 0.00625
2 0.3390625 0.3484375 0.01171875 0.0609375
2 0.33203125 0.38125 0.190625 0.0140625
2 0.23046875 0.15 0.0203125 0.0484375
2 0.50703125 0.1953125 0.01015625 0.1296875
2 0.48984375 0.2921875 0.0453125 0.06953125