0 0.54609375 0.4640625 0.6984375 0.75
1 0.23671875 0.121875 0.034375 0.03125
1 0.5453125 0.12421875 0.0375 0.0328125
1 0.853125 0.1328125 0.04375 0.0375
1 0.84921875 0.4265625 0.04375 0.0359375
1 0.53828125 0.42421875 0.0390625 0.0296875
1 0.2359375 0.4203125 0.046875 0.0375
1 0.5390625 0.6171875 0.046875 0.03125
1 0.84375 0.621875 0.046875 0.028125
1 0.85390625 0.81171875 0.0390625 0.034375
1 0.534375 0.8109375 0.0328125 0.028125
1 0.23046875 0.73046875 0.034375 0.03125
2 0.2703125 0.11796875 0.046875 0.015625
2 0.4046875 0.1171875 0.071875 0.0171875
2 0.51875 0.1203125 0.03125 0.015625
2 0.7375 0.12578125 0.2171875 0.021875
2 0.85390625 0.21484375 0.021875 0.15
2 0.74375 0.35 0.240625 0.0078125
2 0.65546875 0.38828125 0.0125 0.071875
2 0.78046875 0.4203125 0.11875 0.009375
2 0.703125 0.49140625 0.3109375 0.01875
2 0.53828125 0.521875 0.01875 0.175
2 0.69296875 0.61953125 0.278125 0.01875
2 0.8515625 0.71484375 0.025 0.1765625
2 0.5359375 0.71328125 0.0203125 0.175
2 0.40546875 0.73359375 0.078125 0.015625
2 0.2640625 0.7328125 0.046875 0.01875
2 0.23203125 0.7046875 0.025 0.03125
2 0.23828125 0.571875 0.021875 0.08125
2 0.23515625 0.4421875 0.0234375 0.025
2 0.234375 0.31484375 0.025 0.06875
2 0.40078125 0.34609375 0.1046875 0.00625
2 0.3578125 0.37890625 0.0125 0.06875
2 0.35078125 0.415625 0.2125 0.015625
2 0.23671875 0.15703125 0.021875 0.053125
2 0.5453125 0.20703125 0.0125 0.1453125
2 0.5265625 0.315625 0.05 0.078125