0 0.55 0.46484375 0.740625 0.690625
1 0.88828125 0.7703125 0.03125 0.034375
1 0.88515625 0.465625 0.0328125 0.0375
1 0.8765625 0.1609375 0.0375 0.04375
1 0.5875 0.165625 0.034375 0.04375
1 0.58984375 0.47265625 0.0296875 0.0390625
1 0.59375 0.771875 0.0359375 0.046875
1 0.39921875 0.471875 0.03125 0.046875
1 0.39453125 0.17109375 0.028125 0.046875
1 0.20703125 0.1609375 0.034375 0.0390625
1 0.20859375 0.4765625 0.028125 0.03125
1 0.2875 0.7765625 0.03125 0.0328125
2 0.89140625 0.7375 0.015625 0.046875
2 0.8921875 0.6046875 0.015625 0.071875
2 0.88984375 0.49140625 0.015625 0.0296875
2 0.88359375 0.27578125 0.021875 0.215625
2 0.79609375 0.1609375 0.146875 0.021875
2 0.6625 0.26953125 0.0078125 0.2375
2 0.625 0.35625 0.0703125 0.0125
2 0.59375 0.23359375 0.009375 0.1171875
2 0.5234375 0.309375 0.01875 0.3078125
2 0.49296875 0.47265625 0.1734375 0.01875
2 0.396875 0.31953125 0.01875 0.275
2 0.30234375 0.16328125 0.1734375 0.025
2 0.3046875 0.475 0.1734375 0.01875
2 0.284375 0.60390625 0.015625 0.0765625
2 0.28515625 0.74375 0.0171875 0.046875
2 0.3125 0.77578125 0.03125 0.025
2 0.44375 0.76953125 0.08125 0.021875
2 0.571875 0.771875 0.025 0.0234375
2 0.69765625 0.7734375 0.06875 0.025
2 0.66640625 0.60859375 0.00625 0.103125
2 0.634375 0.65078125 0.0671875 0.0125
2 0.59765625 0.65859375 0.015625 0.2109375
2 0.853125 0.7703125 0.053125 0.0234375
2 0.80390625 0.465625 0.14375 0.0125
2 0.69609375 0.484375 0.0765625 0.05