1 0.22734375 0.0984375 0.03359375 0.028125
1 0.5171875 0.1 0.0359375 0.02890625
1 0.8015625 0.09921875 0.0265625 0.02734375
1 0.228125 0.3171875 0.0390625 0.0296875
1 0.5203125 0.315625 0.02890625 0.02265625
1 0.8015625 0.31484375 0.03828125 0.025
1 0.46015625 0.60546875 0.04140625 0.02890625
1 0.2296875 0.60859375 0.03828125 0.02421875
1 0.803125 0.60703125 0.04375 0.025
1 0.58671875 0.6046875 0.034375 0.02734375
1 0.22578125 0.78359375 0.02890625 0.0265625
1 0.46484375 0.78046875 0.03046875 0.02578125
1 0.22890625 0.92890625 0.0375 0.02734375
1 0.57421875 0.92890625 0.03125 0.0234375