1 0.840625 0.94609375 0.01875 0.028125
1 0.83984375 0.68359375 0.0203125 0.03125
1 0.83984375 0.2796875 0.021875 0.028125
1 0.840625 0.0890625 0.01875 0.028125
1 0.6578125 0.08671875 0.021875 0.03125
1 0.65703125 0.28046875 0.01875 0.03125
1 0.65703125 0.49140625 0.0203125 0.0296875
1 0.559375 0.946875 0.01875 0.0265625
1 0.4734375 0.94609375 0.01875 0.0265625
1 0.559375 0.684375 0.01875 0.025
1 0.47265625 0.684375 0.01875 0.028125
1 0.4734375 0.28046875 0.01875 0.025
1 0.47265625 0.0875 0.01875 0.028125
1 0.19140625 0.94609375 0.01875 0.0265625
1 0.19140625 0.684375 0.01875 0.0265625
1 0.06953125 0.6828125 0.01875 0.025
1 0.06875 0.94453125 0.01875 0.0328125
1 0.06875 0.2796875 0.021875 0.0265625
1 0.06875 0.08828125 0.01875 0.028125
1 0.190625 0.0890625 0.01875 0.025
1 0.19140625 0.28046875 0.01875 0.028125
2 0.84140625 0.91953125 0.01875 0.0421875
2 0.78203125 0.946875 0.1078125 0.0265625
2 0.58984375 0.94609375 0.0546875 0.0265625
2 0.559375 0.84375 0.01875 0.196875
2 0.5421875 0.94765625 0.028125 0.0234375
2 0.490625 0.94609375 0.0265625 0.025
2 0.50078125 0.7953125 0.05 0.01875
2 0.4734375 0.815625 0.0171875 0.246875
2 0.515625 0.684375 0.078125 0.025
2 0.725 0.68359375 0.225 0.0265625
2 0.84140625 0.715625 0.0171875 0.05
2 0.84140625 0.6390625 0.0171875 0.078125
2 0.84140625 0.3640625 0.0171875 0.153125
2 0.8421875 0.184375 0.0171875 0.178125
2 0.821875 0.0875 0.028125 0.0234375
2 0.7484375 0.08828125 0.06875 0.0234375
2 0.7296875 0.28125 0.1375 0.021875
2 0.74921875 0.18515625 0.015625 0.184375
2 0.675 0.08828125 0.028125 0.025
2 0.65703125 0.2109375 0.0171875 0.128125
2 0.6359375 0.08828125 0.034375 0.025
2 0.65703125 0.38515625 0.0171875 0.2
2 0.65703125 0.5515625 0.0171875 0.115625
2 0.41484375 0.9453125 0.10625 0.028125
2 0.22265625 0.946875 0.053125 0.0265625
2 0.19140625 0.78828125 0.015625 0.19375
2 0.1546875 0.94609375 0.0625 0.025
2 0.08828125 0.946875 0.0296875 0.025
2 0.06796875 0.815625 0.0203125 0.25
2 0.13046875 0.60234375 0.140625 0.0265625
2 0.30859375 0.684375 0.2265625 0.025
2 0.47421875 0.184375 0.01875 0.18125
2 0.4921875 0.08828125 0.0296875 0.025
2 0.38359375 0.0875 0.084375 0.028125
2 0.30859375 0.28125 0.228125 0.025
2 0.19140625 0.2546875 0.015625 0.0421875
2 0.19140625 0.11484375 0.015625 0.040625
2 0.2125 0.08828125 0.034375 0.025
0 0.45703125 0.5171875 0.825 0.915625