1 0.171875 0.9453125 0.0359375 0.03125
1 0.484375 0.94375 0.0390625 0.03125
1 0.790625 0.94453125 0.028125 0.0296875
1 0.17265625 0.709375 0.0421875 0.03125
1 0.4875 0.71171875 0.03125 0.025
1 0.790625 0.71171875 0.040625 0.028125
1 0.421875 0.3984375 0.04375 0.03125
1 0.17421875 0.3953125 0.040625 0.025
1 0.79296875 0.396875 0.046875 0.0265625
1 0.559375 0.39921875 0.0375 0.028125
1 0.1703125 0.20625 0.03125 0.028125
1 0.42734375 0.21015625 0.0328125 0.028125
1 0.1734375 0.04921875 0.040625 0.028125
1 0.5453125 0.04921875 0.034375 0.025