1 0.07265625 0.15390625 0.0265625 0.01875
1 0.31875 0.15390625 0.02890625 0.01953125
1 0.696875 0.15390625 0.0265625 0.01953125
1 0.875 0.153125 0.02578125 0.01796875
1 0.87734375 0.325 0.02890625 0.0203125
1 0.69609375 0.32578125 0.028125 0.01796875
1 0.4984375 0.32578125 0.028125 0.01875
1 0.071875 0.4171875 0.02421875 0.0171875
1 0.07265625 0.49765625 0.025 0.01640625
1 0.31796875 0.4171875 0.02421875 0.01640625
1 0.31796875 0.49921875 0.02578125 0.0171875
1 0.6953125 0.4984375 0.02421875 0.0171875
1 0.8765625 0.4984375 0.025 0.0171875
1 0.07265625 0.7625 0.0234375 0.0171875
1 0.31796875 0.76171875 0.025 0.01796875
1 0.31875 0.8765625 0.02421875 0.01796875
1 0.07421875 0.87734375 0.03203125 0.01796875
1 0.69609375 0.87734375 0.025 0.01953125
1 0.87578125 0.87734375 0.02578125 0.01796875
1 0.875 0.7625 0.02421875 0.01796875
1 0.6953125 0.7625 0.0265625 0.0171875
2 0.09765625 0.153125 0.03984375 0.0171875
2 0.071875 0.20859375 0.02421875 0.10078125
2 0.07265625 0.3890625 0.02421875 0.0515625
2 0.16875 0.4171875 0.18359375 0.0171875
2 0.07109375 0.43359375 0.021875 0.0265625
2 0.07265625 0.48203125 0.0234375 0.025
2 0.2140625 0.471875 0.01875 0.046875
2 0.19453125 0.49765625 0.23203125 0.01640625
2 0.31796875 0.45859375 0.02421875 0.07265625
2 0.31796875 0.26171875 0.025 0.21171875
2 0.28828125 0.153125 0.04609375 0.015625
2 0.36015625 0.153125 0.07265625 0.01640625
2 0.6171875 0.153125 0.14296875 0.015625
2 0.7859375 0.15234375 0.1671875 0.015625
2 0.8765625 0.17109375 0.021875 0.0265625
2 0.87578125 0.23984375 0.021875 0.06328125
2 0.6953125 0.2578125 0.02109375 0.1296875
2 0.78515625 0.2390625 0.17265625 0.0140625
2 0.87578125 0.30859375 0.0234375 0.0265625
2 0.7609375 0.32578125 0.11953125 0.01640625
2 0.87578125 0.3453125 0.02265625 0.03203125
2 0.59765625 0.32578125 0.18671875 0.01640625
2 0.4421875 0.32578125 0.10859375 0.01640625
2 0.0734375 0.55234375 0.02578125 0.10078125
2 0.071875 0.7328125 0.02421875 0.05078125
2 0.2203125 0.76171875 0.18203125 0.01484375
2 0.07265625 0.796875 0.0234375 0.059375
2 0.07265625 0.859375 0.0234375 0.028125
2 0.19453125 0.878125 0.23515625 0.01875
2 0.39453125 0.81953125 0.025 0.13203125
2 0.31796875 0.65234375 0.0234375 0.2125
2 0.7859375 0.49765625 0.16875 0.01640625
2 0.87578125 0.48046875 0.02265625 0.02734375
2 0.8765625 0.58203125 0.0265625 0.07890625
2 0.6953125 0.65234375 0.02265625 0.21328125
2 0.7203125 0.7625 0.03984375 0.015625
2 0.85078125 0.7625 0.0375 0.0140625
2 0.87578125 0.7421875 0.02265625 0.0328125
0 0.47421875 0.51328125 0.85703125 0.7734375