1 0.90078125 0.9734375 0.0203125 0.0296875
1 0.90078125 0.7 0.021875 0.0328125
1 0.90078125 0.278125 0.021875 0.0296875
1 0.9015625 0.0796875 0.01875 0.028125
1 0.7109375 0.07734375 0.021875 0.03125
1 0.71015625 0.27890625 0.01875 0.03125
1 0.709375 0.49921875 0.021875 0.03125
1 0.60859375 0.975 0.01875 0.028125
1 0.51875 0.9734375 0.01875 0.028125
1 0.6078125 0.7 0.01875 0.028125
1 0.5171875 0.7 0.01875 0.028125
1 0.51796875 0.2796875 0.01875 0.028125
1 0.51796875 0.078125 0.01875 0.028125
1 0.225 0.9734375 0.01875 0.0265625
1 0.225 0.70078125 0.0203125 0.028125
1 0.09765625 0.69921875 0.01875 0.028125
1 0.096875 0.97265625 0.01875 0.0359375
1 0.096875 0.27890625 0.021875 0.028125
1 0.096875 0.07890625 0.01875 0.028125
1 0.22421875 0.0796875 0.0203125 0.0265625
1 0.225 0.2796875 0.01875 0.0296875
2 0.9015625 0.94609375 0.01875 0.0453125
2 0.83984375 0.97421875 0.1125 0.028125
2 0.63984375 0.97421875 0.05625 0.028125
2 0.60859375 0.8671875 0.01875 0.2046875
2 0.58984375 0.975 0.0296875 0.025
2 0.53671875 0.9734375 0.028125 0.0265625
2 0.54765625 0.81640625 0.0515625 0.0203125
2 0.51875 0.8375 0.01875 0.259375
2 0.5625 0.70078125 0.08125 0.028125
2 0.78125 0.7 0.234375 0.028125
2 0.9015625 0.73359375 0.01875 0.05
2 0.9015625 0.65390625 0.01875 0.08125
2 0.9015625 0.36640625 0.01875 0.159375
2 0.90234375 0.17890625 0.01875 0.1875
2 0.88203125 0.078125 0.0296875 0.025
2 0.80546875 0.07890625 0.0703125 0.025
2 0.78515625 0.2796875 0.14375 0.0234375
2 0.80546875 0.1796875 0.015625 0.1921875
2 0.728125 0.07890625 0.0296875 0.025
2 0.709375 0.20625 0.01875 0.1328125
2 0.68828125 0.07890625 0.0359375 0.025
2 0.71015625 0.3890625 0.01875 0.2078125
2 0.71015625 0.56171875 0.01875 0.121875
2 0.4578125 0.97265625 0.1125 0.0296875
2 0.25703125 0.97421875 0.05625 0.028125
2 0.225 0.809375 0.015625 0.203125
2 0.18671875 0.9734375 0.065625 0.0265625
2 0.1171875 0.97421875 0.03125 0.025
2 0.09609375 0.8375 0.021875 0.2625
2 0.16171875 0.61484375 0.146875 0.028125
2 0.346875 0.7 0.2359375 0.025
2 0.51953125 0.17890625 0.01875 0.1875
2 0.53828125 0.07890625 0.03125 0.025
2 0.425 0.078125 0.0875 0.0296875
2 0.346875 0.2796875 0.2375 0.025
2 0.225 0.25234375 0.0171875 0.04375
2 0.225 0.10703125 0.015625 0.040625
2 0.246875 0.07890625 0.0359375 0.025
0 0.50234375 0.525 0.859375 0.95