1 0.753125 0.16953125 0.03515625 0.0234375
1 0.50859375 0.16796875 0.0359375 0.01796875
1 0.221875 0.16640625 0.03984375 0.01953125
1 0.5046875 0.32421875 0.040625 0.01953125
1 0.7515625 0.325 0.034375 0.0203125
1 0.2171875 0.32109375 0.0421875 0.0234375
1 0.20703125 0.53515625 0.0390625 0.02265625
1 0.203125 0.63671875 0.03828125 0.01875
1 0.509375 0.54140625 0.0421875 0.021875
1 0.50078125 0.63671875 0.03515625 0.0203125
1 0.75390625 0.5390625 0.03359375 0.01796875
1 0.75859375 0.63828125 0.0359375 0.021875
2 0.31484375 0.16640625 0.165625 0.01015625
2 0.5734375 0.1671875 0.1125 0.01171875
2 0.7328125 0.16796875 0.02265625 0.0109375
2 0.75234375 0.24609375 0.021875 0.14375
2 0.753125 0.3546875 0.01796875 0.046875
2 0.7546875 0.48125 0.021875 0.1046875
2 0.734375 0.5390625 0.025 0.01171875
2 0.63515625 0.5390625 0.03203125 0.0109375
2 0.5359375 0.5390625 0.03046875 0.01171875
2 0.21875 0.24375 0.01484375 0.14140625
2 0.5078125 0.24453125 0.009375 0.146875
2 0.5890625 0.32734375 0.1484375 0.00625
2 0.271875 0.32578125 0.09296875 0.009375
2 0.396875 0.3265625 0.04765625 0.00859375
2 0.3921875 0.359375 0.0125 0.0625
2 0.30546875 0.38125 0.16328125 0.0109375
2 0.215625 0.3359375 0.01875 0.01640625
2 0.2125 0.38515625 0.02265625 0.034375
2 0.21171875 0.4359375 0.02109375 0.02109375
2 0.309375 0.4390625 0.17578125 0.01171875
2 0.390625 0.43046875 0.01015625 0.0234375
2 0.20859375 0.48828125 0.01953125 0.015625
2 0.20390625 0.6203125 0.0203125 0.025
2 0.33046875 0.63671875 0.23046875 0.0140625
2 0.50546875 0.590625 0.009375 0.08359375
0 0.48984375 0.40390625 0.61015625 0.50390625