1 0.21640625 0.18125 0.0375 0.025
1 0.4828125 0.18046875 0.0390625 0.01875
1 0.79609375 0.178125 0.04375 0.021875
1 0.4875 0.35078125 0.04375 0.021875
1 0.21796875 0.3515625 0.0375 0.021875
1 0.8015625 0.34765625 0.046875 0.025
1 0.8125 0.58125 0.04375 0.025
1 0.8171875 0.69140625 0.0421875 0.0203125
1 0.48203125 0.5875 0.046875 0.025
1 0.4921875 0.69140625 0.0375 0.021875
1 0.21484375 0.58515625 0.0375 0.01875
1 0.21015625 0.69296875 0.0390625 0.0234375
2 0.69453125 0.178125 0.18125 0.0125
2 0.4125 0.1796875 0.121875 0.0125
2 0.2390625 0.1796875 0.025 0.0125
2 0.2171875 0.26484375 0.0234375 0.15625
2 0.215625 0.38359375 0.01875 0.05
2 0.21484375 0.52265625 0.0234375 0.1140625
2 0.23671875 0.58515625 0.028125 0.0125
2 0.3453125 0.58515625 0.034375 0.0125
2 0.453125 0.58515625 0.034375 0.0125
2 0.8 0.2625 0.015625 0.1546875
2 0.484375 0.2640625 0.009375 0.159375
2 0.3953125 0.35390625 0.1625 0.00625
2 0.74140625 0.35234375 0.1015625 0.009375
2 0.60546875 0.353125 0.053125 0.009375
2 0.6109375 0.3890625 0.0140625 0.06875
2 0.70546875 0.41328125 0.178125 0.0125
2 0.803125 0.36328125 0.0203125 0.0171875
2 0.80625 0.4171875 0.025 0.0375
2 0.8078125 0.47265625 0.0234375 0.0234375
2 0.70078125 0.47578125 0.190625 0.0125
2 0.6125 0.46640625 0.0109375 0.025
2 0.81015625 0.5296875 0.021875 0.0171875
2 0.81640625 0.6734375 0.021875 0.028125
2 0.67734375 0.69140625 0.2515625 0.015625
2 0.48671875 0.64140625 0.009375 0.090625
0 0.503125 0.4375 0.665625 0.55