1 0.221875 0.14609375 0.0375 0.025
1 0.4921875 0.1453125 0.040625 0.01875
1 0.80859375 0.14296875 0.04375 0.021875
1 0.49609375 0.31796875 0.04375 0.021875
1 0.2234375 0.31875 0.0375 0.021875
1 0.8140625 0.31484375 0.046875 0.025
1 0.82578125 0.55078125 0.04375 0.025
1 0.8296875 0.6625 0.0421875 0.0203125
1 0.49140625 0.5578125 0.046875 0.025
1 0.50078125 0.6625 0.0390625 0.021875
1 0.22109375 0.5546875 0.0375 0.01875
1 0.215625 0.6640625 0.0390625 0.025
2 0.70625 0.14296875 0.1828125 0.0125
2 0.42109375 0.14453125 0.125 0.0125
2 0.24453125 0.1453125 0.025 0.0125
2 0.22265625 0.23125 0.025 0.159375
2 0.221875 0.35078125 0.0203125 0.0515625
2 0.2203125 0.49140625 0.025 0.115625
2 0.24296875 0.5546875 0.028125 0.0125
2 0.35234375 0.5546875 0.0359375 0.0125
2 0.46171875 0.5546875 0.034375 0.0125
2 0.8125 0.22890625 0.015625 0.15625
2 0.49296875 0.2296875 0.009375 0.1625
2 0.403125 0.32109375 0.1640625 0.00625
2 0.75390625 0.31953125 0.103125 0.0109375
2 0.615625 0.3203125 0.053125 0.009375
2 0.62109375 0.35703125 0.0140625 0.06875
2 0.71640625 0.38125 0.18125 0.0125
2 0.815625 0.33125 0.021875 0.01875
2 0.81953125 0.38515625 0.025 0.0375
2 0.8203125 0.44140625 0.0234375 0.0234375
2 0.71171875 0.44453125 0.19375 0.0125
2 0.62265625 0.434375 0.0109375 0.025
2 0.8234375 0.4984375 0.021875 0.0171875
2 0.82890625 0.64453125 0.021875 0.028125
2 0.68828125 0.6625 0.2546875 0.015625
2 0.4953125 0.61171875 0.009375 0.0921875
0 0.5125 0.40546875 0.675 0.55625