1 0.965625 0.034375 0.05625 0.03125
1 0.58359375 0.03671875 0.05 0.028125
1 0.4078125 0.0359375 0.05 0.03125
1 0.059375 0.0375 0.053125 0.028125
1 0.0578125 0.25234375 0.0515625 0.03125
1 0.4046875 0.25234375 0.05 0.028125
1 0.5859375 0.2515625 0.04375 0.0296875
1 0.96171875 0.25234375 0.05625 0.028125
1 0.9703125 0.4578125 0.05625 0.034375
1 0.96640625 0.5453125 0.0515625 0.03125
1 0.7234375 0.54609375 0.0515625 0.03125
1 0.5859375 0.4609375 0.053125 0.028125
1 0.409375 0.4609375 0.0546875 0.0265625
1 0.059375 0.4609375 0.0453125 0.0296875
1 0.06171875 0.54296875 0.05 0.03125
1 0.40859375 0.54140625 0.05 0.028125
1 0.96484375 0.75703125 0.065625 0.03125
1 0.58671875 0.75546875 0.053125 0.028125
1 0.41171875 0.7734375 0.05 0.0328125
1 0.06171875 0.77265625 0.0421875 0.03125
1 0.06015625 0.92890625 0.0546875 0.03125
1 0.4 0.93125 0.0578125 0.028125
1 0.58515625 0.9296875 0.05 0.03125
1 0.97109375 0.93046875 0.0515625 0.03125
2 0.2296875 0.2515625 0.334375 0.021875
2 0.4078125 0.32734375 0.028125 0.140625
2 0.23203125 0.4578125 0.325 0.01875
2 0.2234375 0.5 0.0296875 0.1046875
2 0.30546875 0.54140625 0.2 0.0203125
2 0.10625 0.54140625 0.0875 0.0171875
2 0.0578125 0.5640625 0.034375 0.040625
2 0.05703125 0.7515625 0.03125 0.0359375
2 0.06015625 0.78984375 0.034375 0.0328125
2 0.40703125 0.8515625 0.034375 0.1546875
2 0.37890625 0.92890625 0.0375 0.021875
2 0.09140625 0.92890625 0.05 0.021875
2 0.05859375 0.9171875 0.034375 0.0203125
2 0.58671875 0.87265625 0.0375 0.1046875
2 0.9671875 0.91640625 0.0375 0.021875
2 0.77421875 0.753125 0.3625 0.021875
2 0.84765625 0.54453125 0.2265625 0.01875
2 0.83046875 0.46015625 0.25625 0.021875
2 0.58671875 0.35546875 0.034375 0.1984375
2 0.775 0.25 0.3625 0.01875
2 0.55625 0.1859375 0.0875 0.0125
2 0.5859375 0.11875 0.028125 0.15
2 0.4078125 0.1203125 0.028125 0.15625
0 0.51328125 0.48046875 0.9578125 0.928125