1 0.06875 0.02265625 0.03125 0.04375
1 0.071875 0.3875 0.028125 0.046875
1 0.07109375 0.5578125 0.03125 0.0484375
1 0.071875 0.89453125 0.028125 0.053125
1 0.2796875 0.896875 0.03125 0.05
1 0.2796875 0.5609375 0.0265625 0.046875
1 0.27890625 0.38515625 0.028125 0.0421875
1 0.27890625 0.02421875 0.0265625 0.046875
1 0.478125 0.0203125 0.034375 0.040625
1 0.56171875 0.02109375 0.03125 0.040625
1 0.56328125 0.253125 0.03125 0.05
1 0.48125 0.38515625 0.028125 0.05
1 0.48046875 0.55625 0.025 0.053125
1 0.48046875 0.89453125 0.028125 0.04375
1 0.5609375 0.89296875 0.0296875 0.046875
1 0.55859375 0.55703125 0.0265625 0.05
1 0.76640625 0.025 0.03125 0.05
1 0.765625 0.384375 0.028125 0.053125
1 0.7828125 0.55390625 0.03125 0.0484375
1 0.78203125 0.8921875 0.0296875 0.040625
1 0.9328125 0.89375 0.03125 0.053125
1 0.93515625 0.56484375 0.0265625 0.05625
1 0.934375 0.38671875 0.0296875 0.0484375
1 0.934375 0.01875 0.03125 0.0375
2 0.27890625 0.73046875 0.021875 0.325
2 0.35234375 0.5578125 0.1359375 0.028125
2 0.478125 0.728125 0.01875 0.315625
2 0.51875 0.7359375 0.1015625 0.028125
2 0.55859375 0.65703125 0.0203125 0.19375
2 0.55859375 0.85 0.015625 0.084375
2 0.58046875 0.89609375 0.0390625 0.034375
2 0.76171875 0.896875 0.034375 0.03125
2 0.79921875 0.89375 0.03125 0.034375
2 0.85859375 0.55859375 0.15 0.0328125
2 0.93359375 0.58515625 0.021875 0.0359375
2 0.9328125 0.86328125 0.021875 0.0484375
2 0.921875 0.8953125 0.01875 0.034375
2 0.87890625 0.384375 0.1 0.034375
2 0.9203125 0.0171875 0.0203125 0.034375
2 0.76328125 0.203125 0.021875 0.35
2 0.56171875 0.1328125 0.01875 0.21875
2 0.48046875 0.1484375 0.0203125 0.2484375
2 0.3796875 0.384375 0.190625 0.034375
2 0.27734375 0.203125 0.01875 0.35
2 0.215625 0.4140625 0.0125 0.084375
2 0.15078125 0.3859375 0.14375 0.0265625
2 0.1515625 0.5578125 0.15 0.025
0 0.49921875 0.45859375 0.8953125 0.9171875