1 0.08046875 0.07265625 0.05078125 0.02890625
1 0.42421875 0.075 0.04375 0.02578125
1 0.58359375 0.07421875 0.04453125 0.02890625
1 0.896875 0.07578125 0.0484375 0.025
1 0.8984375 0.26875 0.046875 0.028125
1 0.58515625 0.26875 0.04375 0.025
1 0.42265625 0.26796875 0.03984375 0.0265625
1 0.084375 0.26875 0.05 0.025
1 0.0765625 0.45390625 0.05 0.03046875
1 0.0796875 0.53203125 0.046875 0.028125
1 0.29921875 0.53359375 0.046875 0.02890625
1 0.42265625 0.45625 0.04765625 0.02578125
1 0.58125 0.45625 0.04921875 0.0234375
1 0.896875 0.45625 0.040625 0.0265625
1 0.89453125 0.53046875 0.04453125 0.028125
1 0.5828125 0.52890625 0.04609375 0.02421875
1 0.08203125 0.7234375 0.0578125 0.028125
1 0.421875 0.72109375 0.04921875 0.02578125
1 0.5796875 0.7375 0.04453125 0.0296875
1 0.89375 0.73671875 0.03828125 0.02734375
1 0.8953125 0.87734375 0.04921875 0.02890625
1 0.58984375 0.8796875 0.05234375 0.025
1 0.4234375 0.878125 0.04453125 0.02734375
1 0.07578125 0.87890625 0.046875 0.02890625
2 0.74375 0.26796875 0.3015625 0.0203125
2 0.58359375 0.33671875 0.025 0.1265625
2 0.74140625 0.45390625 0.29296875 0.0171875
2 0.74921875 0.49140625 0.0265625 0.09453125
2 0.675 0.52890625 0.17890625 0.01875
2 0.8546875 0.52890625 0.078125 0.015625
2 0.89765625 0.54921875 0.03203125 0.0359375
2 0.8984375 0.71796875 0.02890625 0.0328125
2 0.89609375 0.75234375 0.03203125 0.0296875
2 0.58359375 0.8078125 0.03046875 0.1390625
2 0.60859375 0.87734375 0.03359375 0.0203125
2 0.8671875 0.87734375 0.0453125 0.01953125
2 0.89765625 0.8671875 0.03125 0.01875
2 0.421875 0.8265625 0.0328125 0.09453125
2 0.0796875 0.86640625 0.034375 0.01953125
2 0.253125 0.71953125 0.32578125 0.01953125
2 0.1875 0.53203125 0.20390625 0.01796875
2 0.20234375 0.45625 0.23125 0.01875
2 0.421875 0.36171875 0.03203125 0.178125
2 0.25234375 0.2671875 0.32578125 0.01796875
2 0.44921875 0.209375 0.07890625 0.01171875
2 0.42265625 0.1484375 0.025 0.13515625
2 0.5828125 0.15 0.02421875 0.140625
0 0.4875 0.47421875 0.8625 0.834375