1 0.840625 0.09609375 0.034375 0.021875
1 0.53515625 0.09453125 0.034375 0.0171875
1 0.40703125 0.09453125 0.0375 0.01875
1 0.1484375 0.0953125 0.034375 0.021875
1 0.14921875 0.24453125 0.028125 0.01875
1 0.409375 0.24765625 0.0375 0.015625
1 0.53046875 0.284375 0.03125 0.021875
1 0.15 0.4296875 0.0359375 0.021875
1 0.4125 0.428125 0.028125 0.021875
1 0.53125 0.42890625 0.03125 0.021875
1 0.1484375 0.55625 0.03125 0.021875
1 0.1515625 0.68125 0.0375 0.0171875
1 0.5328125 0.6796875 0.03125 0.021875
1 0.5359375 0.571875 0.040625 0.015625
1 0.8375 0.5734375 0.040625 0.0171875
1 0.83671875 0.68125 0.04375 0.015625
1 0.840625 0.42890625 0.03125 0.021875
1 0.840625 0.2828125 0.0328125 0.0203125
2 0.6875 0.09453125 0.290625 0.0125
2 0.840625 0.13125 0.0265625 0.059375
2 0.52578125 0.13046875 0.015625 0.0625
2 0.5046875 0.09453125 0.0359375 0.0140625
2 0.4375 0.0953125 0.0375 0.0140625
2 0.41796875 0.15 0.015625 0.103125
2 0.52578125 0.21484375 0.0140625 0.04375
2 0.471875 0.19765625 0.121875 0.0078125
2 0.2765625 0.25078125 0.240625 0.00625
2 0.14765625 0.2625 0.025 0.0203125
2 0.1484375 0.31171875 0.025 0.0421875
2 0.24765625 0.31171875 0.1875 0.0078125
2 0.1484375 0.37265625 0.0265625 0.04375
2 0.26171875 0.36015625 0.0125 0.025
2 0.21953125 0.37265625 0.13125 0.0078125
2 0.1484375 0.41796875 0.021875 0.009375
2 0.14765625 0.44765625 0.025 0.0234375
2 0.35078125 0.40078125 0.015625 0.0640625
2 0.2796875 0.43359375 0.2515625 0.009375
2 0.1484375 0.5328125 0.0265625 0.0375
2 0.1484375 0.6203125 0.025 0.115625
2 0.19921875 0.68203125 0.0765625 0.0125
2 0.37890625 0.68203125 0.090625 0.0140625
2 0.53125 0.625 0.0234375 0.096875
2 0.52578125 0.5015625 0.015625 0.13125
2 0.52578125 0.33515625 0.015625 0.090625
2 0.6859375 0.278125 0.2953125 0.00625
2 0.65 0.33046875 0.015625 0.103125
2 0.84140625 0.30390625 0.025 0.028125
2 0.840625 0.35859375 0.025 0.04375
2 0.78046875 0.37734375 0.10625 0.009375
2 0.83984375 0.45234375 0.025 0.0328125
2 0.84140625 0.5453125 0.025 0.046875
2 0.7375 0.57265625 0.175 0.0125
2 0.83984375 0.58828125 0.025 0.025
2 0.840625 0.665625 0.025 0.025
2 0.81015625 0.68203125 0.028125 0.0125
2 0.6984375 0.68203125 0.128125 0.0125
2 0.840625 0.24609375 0.025 0.0625
2 0.27578125 0.09453125 0.24375 0.0125
2 0.1484375 0.125 0.025 0.046875
2 0.1484375 0.22109375 0.025 0.040625
0 0.49140625 0.38515625 0.76875 0.625