1 0.17265625 0.121875 0.0328125 0.021875
1 0.46484375 0.1203125 0.03359375 0.01640625
1 0.5875 0.1203125 0.03515625 0.01796875
1 0.83515625 0.12109375 0.03203125 0.021875
1 0.83515625 0.2640625 0.0265625 0.01875
1 0.5859375 0.2671875 0.03515625 0.015625
1 0.46953125 0.3015625 0.03046875 0.02109375
1 0.834375 0.44140625 0.034375 0.0203125
1 0.5828125 0.43984375 0.0265625 0.0203125
1 0.46875 0.440625 0.03046875 0.02109375
1 0.83515625 0.5625 0.0296875 0.021875
1 0.83203125 0.68203125 0.03671875 0.01640625
1 0.4671875 0.68046875 0.03125 0.0203125
1 0.46484375 0.57734375 0.03984375 0.01484375
1 0.175 0.57890625 0.03828125 0.01640625
1 0.17578125 0.6828125 0.0421875 0.015625
1 0.171875 0.440625 0.03046875 0.01953125
1 0.171875 0.30078125 0.03203125 0.01953125
2 0.31875 0.1203125 0.2796875 0.0125
2 0.17265625 0.1546875 0.02578125 0.05625
2 0.47421875 0.1546875 0.015625 0.0609375
2 0.49375 0.11953125 0.034375 0.01328125
2 0.55859375 0.1203125 0.03515625 0.0140625
2 0.57734375 0.1734375 0.01484375 0.09765625
2 0.47421875 0.2359375 0.01328125 0.040625
2 0.52578125 0.21875 0.11796875 0.0078125
2 0.71328125 0.26953125 0.23125 0.00703125
2 0.8359375 0.28046875 0.02421875 0.01953125
2 0.83515625 0.328125 0.02421875 0.040625
2 0.740625 0.32890625 0.1796875 0.00703125
2 0.8359375 0.38671875 0.025 0.04140625
2 0.7265625 0.37421875 0.0125 0.0234375
2 0.7671875 0.38671875 0.1265625 0.0078125
2 0.8359375 0.43046875 0.02109375 0.009375
2 0.8359375 0.45859375 0.02421875 0.02265625
2 0.6421875 0.41328125 0.0140625 0.06171875
2 0.71015625 0.4453125 0.240625 0.0078125
2 0.8359375 0.53984375 0.025 0.0359375
2 0.83515625 0.6234375 0.0234375 0.1109375
2 0.78671875 0.6828125 0.0734375 0.01328125
2 0.61484375 0.6828125 0.08671875 0.01328125
2 0.46875 0.62890625 0.02265625 0.0921875
2 0.47421875 0.51015625 0.01484375 0.1265625
2 0.47421875 0.35078125 0.015625 0.0875
2 0.3203125 0.29609375 0.2828125 0.00703125
2 0.3546875 0.34609375 0.01484375 0.0984375
2 0.171875 0.32109375 0.02421875 0.02734375
2 0.171875 0.3734375 0.0234375 0.0421875
2 0.2296875 0.39140625 0.10234375 0.0078125
2 0.17265625 0.4625 0.02421875 0.03125
2 0.17109375 0.5515625 0.025 0.0453125
2 0.27109375 0.578125 0.16875 0.0125
2 0.17265625 0.59375 0.02421875 0.0234375
2 0.171875 0.6671875 0.0234375 0.02265625
2 0.2015625 0.6828125 0.028125 0.0125
2 0.30859375 0.6828125 0.121875 0.0125
2 0.171875 0.265625 0.02265625 0.06015625
2 0.71328125 0.1203125 0.23359375 0.0125
2 0.83515625 0.14921875 0.025 0.04453125
2 0.8359375 0.24140625 0.025 0.0390625
0 0.50703125 0.39921875 0.73671875 0.5984375