1 0.82890625 0.11328125 0.034375 0.021875
1 0.53125 0.11171875 0.034375 0.015625
1 0.40703125 0.11171875 0.0359375 0.01875
1 0.1546875 0.1125 0.0328125 0.021875
1 0.1546875 0.2578125 0.0265625 0.01875
1 0.40859375 0.2609375 0.034375 0.015625
1 0.52734375 0.29609375 0.03125 0.021875
1 0.15625 0.4375 0.034375 0.021875
1 0.41171875 0.43671875 0.028125 0.0203125
1 0.52734375 0.4375 0.03125 0.021875
1 0.1546875 0.5609375 0.03125 0.021875
1 0.1578125 0.6828125 0.0375 0.015625
1 0.52890625 0.68125 0.03125 0.0203125
1 0.53203125 0.5765625 0.040625 0.015625
1 0.82578125 0.57734375 0.0390625 0.015625
1 0.82578125 0.6828125 0.04375 0.015625
1 0.82890625 0.4375 0.03125 0.0203125
1 0.8296875 0.2953125 0.03125 0.0203125
2 0.6796875 0.11171875 0.284375 0.0125
2 0.82890625 0.146875 0.025 0.05625
2 0.521875 0.146875 0.015625 0.0625
2 0.50234375 0.11171875 0.034375 0.0125
2 0.43671875 0.1125 0.0359375 0.0140625
2 0.4171875 0.16640625 0.015625 0.1
2 0.521875 0.22890625 0.0125 0.040625
2 0.46953125 0.21171875 0.11875 0.0078125
2 0.27890625 0.26328125 0.234375 0.00625
2 0.15390625 0.275 0.025 0.01875
2 0.1546875 0.32265625 0.025 0.040625
2 0.2515625 0.3234375 0.1828125 0.00625
2 0.1546875 0.38203125 0.025 0.0421875
2 0.26484375 0.3703125 0.0125 0.0234375
2 0.22421875 0.3828125 0.128125 0.0078125
2 0.1546875 0.4265625 0.021875 0.009375
2 0.15390625 0.45546875 0.025 0.0234375
2 0.3515625 0.41015625 0.0140625 0.0625
2 0.28203125 0.44140625 0.2453125 0.009375
2 0.1546875 0.53828125 0.025 0.0359375
2 0.1546875 0.6234375 0.025 0.1125
2 0.2046875 0.68359375 0.075 0.0125
2 0.37890625 0.68359375 0.0875 0.0125
2 0.52734375 0.628125 0.021875 0.09375
2 0.521875 0.5078125 0.015625 0.128125
2 0.521875 0.34609375 0.015625 0.0890625
2 0.678125 0.290625 0.2875 0.00625
2 0.64375 0.34140625 0.015625 0.1
2 0.8296875 0.315625 0.025 0.028125
2 0.82890625 0.36875 0.025 0.04375
2 0.77109375 0.38671875 0.1046875 0.009375
2 0.82890625 0.459375 0.025 0.03125
2 0.8296875 0.55 0.025 0.046875
2 0.72890625 0.57734375 0.171875 0.0125
2 0.82890625 0.5921875 0.025 0.0234375
2 0.8296875 0.66796875 0.0234375 0.0234375
2 0.79921875 0.68359375 0.028125 0.0125
2 0.690625 0.6828125 0.125 0.0125
2 0.8296875 0.259375 0.0234375 0.0609375
2 0.27890625 0.11171875 0.2375 0.0125
2 0.1546875 0.14140625 0.025 0.04375
2 0.1546875 0.234375 0.025 0.040625
0 0.4890625 0.3953125 0.75 0.6078125