1 0.83359375 0.87421875 0.03125 0.021875
1 0.609375 0.8734375 0.0328125 0.025
1 0.4734375 0.87421875 0.03125 0.021875
1 0.2078125 0.875 0.03125 0.0234375
1 0.47578125 0.67578125 0.028125 0.021875
1 0.20703125 0.6734375 0.0375 0.025
1 0.60859375 0.67421875 0.0328125 0.021875
1 0.83515625 0.67421875 0.03125 0.021875
1 0.47578125 0.471875 0.034375 0.021875
1 0.2078125 0.47109375 0.0375 0.021875
1 0.61171875 0.471875 0.03125 0.021875
1 0.8328125 0.471875 0.0375 0.021875
1 0.834375 0.24609375 0.034375 0.021875
1 0.61328125 0.246875 0.0375 0.021875
1 0.47265625 0.2453125 0.0328125 0.021875
1 0.21015625 0.24453125 0.03125 0.021875
1 0.20625 0.1203125 0.03125 0.025
1 0.47578125 0.12109375 0.0375 0.021875
1 0.6109375 0.12109375 0.034375 0.01875
1 0.8328125 0.1203125 0.034375 0.025
2 0.79609375 0.87421875 0.059375 0.0171875
2 0.64140625 0.87421875 0.046875 0.01875
2 0.5765625 0.87421875 0.053125 0.01875
2 0.5078125 0.87421875 0.05 0.01875
2 0.42734375 0.87421875 0.078125 0.01875
2 0.2515625 0.8734375 0.071875 0.01875
2 0.2078125 0.8390625 0.0234375 0.059375
2 0.2078125 0.70859375 0.0234375 0.05625
2 0.31015625 0.671875 0.190625 0.0125
2 0.20859375 0.63984375 0.0234375 0.0609375
2 0.20859375 0.50625 0.025 0.059375
2 0.20859375 0.43203125 0.0234375 0.071875
2 0.2078125 0.2875 0.025 0.0734375
2 0.25546875 0.24609375 0.0796875 0.015625
2 0.43203125 0.2453125 0.0703125 0.01875
2 0.47890625 0.33671875 0.015625 0.171875
2 0.34140625 0.46875 0.253125 0.0109375
2 0.60546875 0.565625 0.0171875 0.0875
2 0.60625 0.65625 0.0140625 0.028125
2 0.72265625 0.671875 0.209375 0.0125
2 0.834375 0.65625 0.025 0.0265625
2 0.83359375 0.596875 0.021875 0.06875
2 0.71875 0.60390625 0.2203125 0.0109375
2 0.834375 0.496875 0.025 0.04375
2 0.83359375 0.43125 0.0265625 0.071875
2 0.72265625 0.46875 0.2078125 0.009375
2 0.834375 0.28671875 0.025 0.075
2 0.72265625 0.24296875 0.2109375 0.009375
2 0.584375 0.24609375 0.034375 0.01875
2 0.834375 0.1828125 0.025 0.115625
2 0.721875 0.12109375 0.2125 0.01875
2 0.83359375 0.70625 0.025 0.053125
2 0.83515625 0.83671875 0.025 0.0625
2 0.60625 0.796875 0.0171875 0.14375
2 0.47890625 0.75546875 0.0171875 0.153125
2 0.5484375 0.73125 0.1375 0.0125
0 0.52578125 0.49921875 0.690625 0.8