1 0.15625 0.17109375 0.02890625 0.01953125
1 0.36484375 0.171875 0.0296875 0.02265625
1 0.49140625 0.17109375 0.02890625 0.0203125
1 0.73828125 0.1703125 0.02890625 0.021875
1 0.4890625 0.35625 0.02578125 0.02109375
1 0.73984375 0.3578125 0.034375 0.02265625
1 0.365625 0.35703125 0.03046875 0.02109375
1 0.1546875 0.35703125 0.03046875 0.0203125
1 0.4890625 0.54609375 0.03203125 0.01953125
1 0.73828125 0.546875 0.03359375 0.01953125
1 0.3625 0.54609375 0.03046875 0.01953125
1 0.15703125 0.54609375 0.03515625 0.02109375
1 0.15546875 0.75703125 0.03125 0.0203125
1 0.3609375 0.75625 0.03515625 0.0203125
1 0.4921875 0.75703125 0.03046875 0.02109375
1 0.73671875 0.7578125 0.03046875 0.0203125
1 0.73984375 0.8734375 0.0296875 0.02265625
1 0.4890625 0.8734375 0.03515625 0.02109375
1 0.36328125 0.87265625 0.03203125 0.01796875
1 0.15703125 0.87421875 0.03203125 0.02421875
2 0.190625 0.17109375 0.05625 0.01640625
2 0.33515625 0.17109375 0.04296875 0.0171875
2 0.3953125 0.17109375 0.05 0.01796875
2 0.459375 0.17109375 0.04765625 0.0171875
2 0.534375 0.17109375 0.071875 0.01640625
2 0.69765625 0.171875 0.06796875 0.0171875
2 0.73828125 0.20390625 0.021875 0.0546875
2 0.73828125 0.32578125 0.021875 0.05234375
2 0.64375 0.36015625 0.178125 0.0125
2 0.7375 0.38984375 0.021875 0.05703125
2 0.7375 0.5140625 0.02265625 0.05546875
2 0.7375 0.58359375 0.021875 0.06640625
2 0.73828125 0.71796875 0.0234375 0.06796875
2 0.69375 0.75625 0.07421875 0.01484375
2 0.5296875 0.75703125 0.06484375 0.01640625
2 0.48671875 0.67265625 0.0140625 0.16015625
2 0.6140625 0.54921875 0.234375 0.01015625
2 0.36796875 0.45859375 0.015625 0.08203125
2 0.36796875 0.37421875 0.01328125 0.0265625
2 0.259375 0.359375 0.1953125 0.01171875
2 0.15546875 0.37421875 0.02265625 0.025
2 0.15625 0.4296875 0.02109375 0.0640625
2 0.26328125 0.4234375 0.2046875 0.01015625
2 0.15546875 0.52265625 0.0234375 0.04140625
2 0.15625 0.584375 0.025 0.0671875
2 0.259375 0.5484375 0.19375 0.00859375
2 0.15546875 0.71875 0.0234375 0.06953125
2 0.259375 0.759375 0.196875 0.00859375
2 0.3875 0.75703125 0.0328125 0.0171875
2 0.15546875 0.815625 0.02421875 0.10859375
2 0.26015625 0.8734375 0.1984375 0.0171875
2 0.15625 0.32734375 0.021875 0.04921875
2 0.1546875 0.20625 0.021875 0.05859375
2 0.36796875 0.24296875 0.01484375 0.13515625
2 0.48671875 0.28125 0.015625 0.14375
2 0.421875 0.3046875 0.128125 0.01171875
0 0.44296875 0.5203125 0.64375 0.74609375