1 0.88828125 0.83984375 0.03125 0.021875
1 0.66015625 0.8390625 0.03125 0.025
1 0.521875 0.8390625 0.03125 0.021875
1 0.25078125 0.83984375 0.03125 0.025
1 0.52421875 0.6375 0.028125 0.021875
1 0.25 0.63515625 0.0375 0.025
1 0.659375 0.6359375 0.034375 0.021875
1 0.88984375 0.6359375 0.0328125 0.021875
1 0.52421875 0.43046875 0.034375 0.021875
1 0.2515625 0.4296875 0.0375 0.021875
1 0.6625 0.43046875 0.0328125 0.021875
1 0.8875 0.4296875 0.0390625 0.0234375
1 0.8890625 0.2 0.034375 0.021875
1 0.6640625 0.20078125 0.0375 0.021875
1 0.52109375 0.2 0.034375 0.021875
1 0.253125 0.19921875 0.0328125 0.021875
1 0.24921875 0.07265625 0.03125 0.025
1 0.52421875 0.0734375 0.0390625 0.0234375
1 0.66171875 0.0734375 0.034375 0.01875
1 0.8875 0.07265625 0.034375 0.025
2 0.85078125 0.8390625 0.0625 0.01875
2 0.69296875 0.8390625 0.046875 0.01875
2 0.6265625 0.8390625 0.05625 0.01875
2 0.55625 0.8390625 0.053125 0.01875
2 0.475 0.83984375 0.078125 0.01875
2 0.2953125 0.8390625 0.075 0.01875
2 0.2515625 0.80390625 0.025 0.059375
2 0.2515625 0.67109375 0.025 0.0578125
2 0.35546875 0.63359375 0.19375 0.0125
2 0.25234375 0.60078125 0.025 0.0625
2 0.2515625 0.465625 0.025 0.0609375
2 0.25234375 0.3890625 0.0234375 0.071875
2 0.2515625 0.2421875 0.025 0.075
2 0.3 0.20078125 0.08125 0.015625
2 0.4796875 0.2 0.071875 0.01875
2 0.5265625 0.2921875 0.015625 0.175
2 0.38671875 0.42734375 0.25625 0.0109375
2 0.65625 0.525 0.0171875 0.0890625
2 0.65703125 0.61796875 0.0140625 0.028125
2 0.77578125 0.63359375 0.2125 0.0125
2 0.8890625 0.6171875 0.025 0.028125
2 0.88828125 0.55703125 0.0234375 0.0703125
2 0.77109375 0.5640625 0.225 0.0109375
2 0.8890625 0.45546875 0.025 0.0453125
2 0.8890625 0.3890625 0.028125 0.0734375
2 0.77578125 0.42734375 0.2125 0.009375
2 0.8890625 0.2421875 0.025 0.075
2 0.775 0.196875 0.215625 0.009375
2 0.63515625 0.2 0.0359375 0.01875
2 0.8890625 0.1359375 0.0265625 0.11875
2 0.775 0.0734375 0.2171875 0.01875
2 0.88828125 0.66875 0.025 0.053125
2 0.88984375 0.80078125 0.025 0.0640625
2 0.65703125 0.7609375 0.015625 0.146875
2 0.5265625 0.71875 0.0171875 0.15625
2 0.59765625 0.69375 0.140625 0.0125
0 0.575 0.4578125 0.7046875 0.8140625