1 0.89375 0.55703125 0.034375 0.034375
1 0.89453125 0.878125 0.03125 0.0359375
1 0.60625 0.878125 0.0328125 0.0328125
1 0.603125 0.56171875 0.025 0.040625
1 0.3984375 0.87734375 0.03125 0.0359375
1 0.3984375 0.55625 0.03125 0.03125
1 0.14765625 0.87421875 0.028125 0.0453125
1 0.1484375 0.5609375 0.025 0.046875
1 0.00234375 0.8734375 0.0046875 0.05
1 0.896875 0.2625 0.025 0.0375
1 0.69765625 0.26171875 0.034375 0.034375
1 0.40546875 0.2625 0.03125 0.034375
1 0.15 0.2609375 0.03125 0.0328125
2 0.8953125 0.41328125 0.025 0.28125
2 0.89765625 0.61953125 0.025 0.1109375
2 0.8984375 0.81953125 0.021875 0.103125
2 0.83515625 0.87734375 0.1 0.03125
2 0.66640625 0.87734375 0.0953125 0.0265625
2 0.78203125 0.55703125 0.2109375 0.0265625
2 0.70234375 0.5140625 0.025 0.084375
2 0.7015625 0.3375 0.025 0.1375
2 0.73984375 0.2609375 0.0671875 0.034375
2 0.85859375 0.2625 0.065625 0.0328125
2 0.59140625 0.2609375 0.078125 0.0375
2 0.44921875 0.2625 0.071875 0.0359375
2 0.40078125 0.3671875 0.021875 0.1984375
2 0.60390625 0.72265625 0.025 0.3
2 0.57578125 0.66640625 0.046875 0.034375
2 0.5796875 0.8765625 0.0328125 0.0296875
2 0.50078125 0.87890625 0.071875 0.03125
2 0.5015625 0.7625 0.015625 0.221875
2 0.4453125 0.66640625 0.109375 0.0296875
2 0.4015625 0.80390625 0.0234375 0.1359375
2 0.42421875 0.878125 0.03125 0.0328125
2 0.3484375 0.87890625 0.0765625 0.0328125
2 0.196875 0.878125 0.08125 0.03125
2 0.07109375 0.87734375 0.140625 0.028125
2 0.1484375 0.7171875 0.0234375 0.290625
2 0.27109375 0.55703125 0.234375 0.03125
2 0.353125 0.26171875 0.084375 0.034375
2 0.19765625 0.26171875 0.078125 0.0296875
2 0.1484375 0.43046875 0.025 0.065625
2 0.1484375 0.30078125 0.0234375 0.065625
0 0.465625 0.57265625 0.93125 0.703125