1 0.51015625 0.89921875 0.0328125 0.03125
1 0.8140625 0.90078125 0.034375 0.03125
1 0.8140625 0.62734375 0.03125 0.03125
1 0.51484375 0.625 0.0375 0.021875
1 0.81328125 0.43125 0.034375 0.0296875
1 0.509375 0.43125 0.0296875 0.028125
1 0.81015625 0.19375 0.04375 0.025
1 0.5140625 0.19453125 0.04375 0.0234375
1 0.8109375 0.046875 0.046875 0.021875
1 0.51328125 0.04609375 0.040625 0.021875
1 0.23203125 0.90234375 0.034375 0.021875
1 0.23046875 0.7140625 0.0328125 0.03125
1 0.23125 0.4375 0.034375 0.0296875
1 0.23046875 0.19609375 0.03125 0.0296875
1 0.23203125 0.04609375 0.0328125 0.021875
2 0.37421875 0.90078125 0.265625 0.025
2 0.56953125 0.903125 0.10625 0.0234375
2 0.759375 0.90390625 0.096875 0.021875
2 0.81328125 0.84453125 0.028125 0.09375
2 0.81328125 0.684375 0.025 0.090625
2 0.51015625 0.79375 0.025 0.2
2 0.4703125 0.71875 0.078125 0.021875
2 0.30234375 0.71796875 0.128125 0.021875
2 0.23046875 0.75390625 0.0328125 0.0625
2 0.23125 0.86640625 0.03125 0.0609375
2 0.23046875 0.61328125 0.034375 0.075
2 0.23203125 0.47890625 0.034375 0.0671875
2 0.33125 0.4328125 0.1875 0.021875
2 0.6671875 0.62578125 0.2828125 0.0234375
2 0.6140625 0.59921875 0.03125 0.04375
2 0.81328125 0.60234375 0.028125 0.03125
2 0.815625 0.52734375 0.028125 0.0671875
2 0.7046875 0.528125 0.209375 0.015625
2 0.6140625 0.475 0.028125 0.103125
2 0.74375 0.434375 0.128125 0.021875
2 0.81484375 0.45546875 0.03125 0.03125
2 0.81484375 0.384375 0.03125 0.071875
2 0.81484375 0.240625 0.028125 0.078125
2 0.8140625 0.1203125 0.0265625 0.1359375
2 0.62578125 0.04609375 0.203125 0.021875
2 0.66171875 0.19453125 0.275 0.021875
2 0.5109375 0.3109375 0.028125 0.221875
2 0.23046875 0.38828125 0.03125 0.08125
2 0.23046875 0.24140625 0.028125 0.075
2 0.390625 0.19453125 0.0625 0.025
2 0.26796875 0.19453125 0.0609375 0.021875
0 0.52578125 0.475 0.665625 0.91875