1 0.834375 0.08125 0.03203125 0.025
1 0.509375 0.0796875 0.0328125 0.02421875
1 0.14453125 0.07890625 0.03203125 0.0234375
1 0.14609375 0.29765625 0.03359375 0.02421875
1 0.50703125 0.296875 0.03359375 0.02578125
1 0.834375 0.296875 0.03359375 0.0234375
1 0.8359375 0.49375 0.03359375 0.0265625
1 0.5078125 0.49453125 0.0328125 0.0265625
1 0.14609375 0.49296875 0.03359375 0.025
1 0.1453125 0.80703125 0.0359375 0.02421875
1 0.5078125 0.80625 0.0328125 0.0234375
1 0.834375 0.80546875 0.0328125 0.025
1 0.83203125 0.934375 0.03828125 0.01953125
1 0.51015625 0.934375 0.0390625 0.01953125
1 0.14921875 0.934375 0.040625 0.02109375
2 0.2875 0.07890625 0.2671875 0.02109375
2 0.14609375 0.146875 0.02890625 0.12421875
2 0.23203125 0.29921875 0.15546875 0.01875
2 0.146875 0.325 0.03046875 0.0421875
2 0.146875 0.44921875 0.02890625 0.08046875
2 0.23203125 0.490625 0.1609375 0.01875
2 0.47109375 0.48984375 0.065625 0.0171875
2 0.1453125 0.52421875 0.028125 0.05
2 0.50859375 0.65 0.03046875 0.3
2 0.45625 0.8078125 0.090625 0.01796875
2 0.28359375 0.80703125 0.05703125 0.01796875
2 0.14609375 0.7890625 0.02890625 0.0203125
2 0.146875 0.6625 0.02890625 0.1
2 0.146875 0.8703125 0.03359375 0.11796875
2 0.3328125 0.93359375 0.340625 0.02109375
2 0.671875 0.93359375 0.3 0.01953125
2 0.83515625 0.8703125 0.028125 0.1171875
2 0.7296875 0.8078125 0.19921875 0.01953125
2 0.834375 0.71484375 0.0296875 0.06328125
2 0.73125 0.72890625 0.19765625 0.015625
2 0.834375 0.78828125 0.03125 0.021875
2 0.83515625 0.56015625 0.028125 0.12265625
2 0.71640625 0.48984375 0.22734375 0.02265625
2 0.83515625 0.41796875 0.03046875 0.13984375
2 0.67265625 0.371875 0.3171875 0.0125
2 0.6828125 0.3984375 0.02109375 0.05234375
2 0.6296875 0.33125 0.0203125 0.0828125
2 0.69765625 0.29609375 0.13203125 0.0140625
2 0.471875 0.2984375 0.06875 0.025
2 0.5078125 0.18984375 0.0328125 0.2109375
2 0.73125 0.07890625 0.203125 0.0234375
2 0.8375 0.1890625 0.03515625 0.20703125
0 0.4921875 0.50546875 0.7859375 0.9140625