1 0.178125 0.9359375 0.0359375 0.028125
1 0.54296875 0.9375 0.0375 0.0265625
1 0.9515625 0.9390625 0.0359375 0.0265625
1 0.94921875 0.69375 0.0375 0.028125
1 0.54453125 0.69375 0.0375 0.028125
1 0.178125 0.69375 0.0375 0.0265625
1 0.1765625 0.47421875 0.0375 0.0296875
1 0.54375 0.4734375 0.0375 0.0296875
1 0.95 0.475 0.0375 0.028125
1 0.95078125 0.1234375 0.040625 0.0265625
1 0.54453125 0.12421875 0.0375 0.0265625
1 0.178125 0.12421875 0.0375 0.028125
2 0.79140625 0.9390625 0.3 0.0234375
2 0.95 0.8625 0.03125 0.1390625
2 0.853125 0.6921875 0.175 0.021875
2 0.94921875 0.6625 0.034375 0.046875
2 0.94921875 0.52421875 0.0328125 0.090625
2 0.853125 0.47734375 0.18125 0.0203125
2 0.5859375 0.478125 0.0734375 0.01875
2 0.95 0.43984375 0.03125 0.05625
2 0.54296875 0.2984375 0.034375 0.3375
2 0.60234375 0.121875 0.1015625 0.0203125
2 0.7953125 0.12265625 0.0640625 0.0203125
2 0.95 0.14296875 0.03125 0.021875
2 0.94921875 0.28515625 0.03125 0.1125
2 0.94921875 0.059375 0.0390625 0.11875
2 0.17734375 0.059375 0.03125 0.11875
2 0.2953125 0.121875 0.221875 0.021875
2 0.17734375 0.22578125 0.034375 0.0703125
2 0.29375 0.21015625 0.221875 0.0171875
2 0.178125 0.14375 0.034375 0.025
2 0.1765625 0.39921875 0.03125 0.1375
2 0.3109375 0.478125 0.2546875 0.025
2 0.17734375 0.55859375 0.034375 0.15625
2 0.359375 0.61015625 0.35625 0.0125
2 0.34765625 0.58046875 0.0234375 0.059375
2 0.40703125 0.65625 0.021875 0.09375
2 0.33125 0.6953125 0.1484375 0.015625
2 0.58515625 0.6921875 0.078125 0.028125
2 0.54453125 0.8140625 0.0375 0.2359375
2 0.29296875 0.9390625 0.228125 0.025
2 0.17421875 0.815625 0.040625 0.23125
0 0.5609375 0.48671875 0.878125 0.9734375