1 0.06796875 0.8296875 0.0265625 0.034375
1 0.0671875 0.48046875 0.025 0.034375
1 0.065625 0.08828125 0.025 0.034375
1 0.3 0.090625 0.025 0.0359375
1 0.3 0.478125 0.028125 0.0375
1 0.3 0.8296875 0.025 0.0375
1 0.51015625 0.83046875 0.028125 0.0375
1 0.51171875 0.47890625 0.028125 0.034375
1 0.509375 0.08984375 0.0265625 0.0375
1 0.846875 0.0890625 0.025 0.0375
1 0.84609375 0.478125 0.025 0.034375
1 0.8453125 0.8296875 0.0265625 0.034375
1 0.98359375 0.82734375 0.021875 0.040625
1 0.98359375 0.48125 0.021875 0.040625
1 0.98359375 0.09296875 0.021875 0.04375
2 0.065625 0.2421875 0.021875 0.2875
2 0.1390625 0.08984375 0.1328125 0.03125
2 0.3015625 0.18203125 0.0203125 0.1671875
2 0.33046875 0.090625 0.0453125 0.0328125
2 0.4625 0.090625 0.0859375 0.03125
2 0.5078125 0.18203125 0.01875 0.171875
2 0.50625 0.4390625 0.01875 0.0703125
2 0.54296875 0.0890625 0.053125 0.03125
2 0.67890625 0.4796875 0.321875 0.0328125
2 0.84765625 0.4234375 0.01875 0.096875
2 0.84765625 0.23828125 0.01875 0.0625
2 0.828125 0.08984375 0.021875 0.03125
2 0.69140625 0.090625 0.10625 0.03125
2 0.91484375 0.090625 0.1265625 0.0375
2 0.98359375 0.290625 0.021875 0.365625
2 0.9828125 0.6546875 0.0203125 0.321875
2 0.915625 0.83046875 0.125 0.03125
2 0.8484375 0.7171875 0.0203125 0.2140625
2 0.7484375 0.8296875 0.0671875 0.03125
2 0.76328125 0.71875 0.015625 0.2125
2 0.8265625 0.8296875 0.0234375 0.034375
2 0.58203125 0.83046875 0.13125 0.0296875
2 0.50703125 0.70234375 0.025 0.24375
2 0.4296875 0.83046875 0.15 0.0328125
2 0.38046875 0.65625 0.0125 0.340625
2 0.40859375 0.66640625 0.05625 0.021875
2 0.3359375 0.609375 0.0890625 0.021875
2 0.2984375 0.68203125 0.015625 0.1421875
2 0.3015625 0.43984375 0.0265625 0.075
2 0.184375 0.478125 0.225 0.034375
2 0.065625 0.71875 0.025 0.21875
2 0.18359375 0.8328125 0.221875 0.0375
0 0.515625 0.46015625 0.96875 0.8453125