1 0.93203125 0.05546875 0.03125 0.034375
1 0.93359375 0.31640625 0.03125 0.04375
1 0.9328125 0.64453125 0.0328125 0.05
1 0.93203125 0.93828125 0.03125 0.040625
1 0.6703125 0.9359375 0.028125 0.040625
1 0.66953125 0.64609375 0.028125 0.040625
1 0.446875 0.9375 0.0375 0.0296875
1 0.44765625 0.64921875 0.034375 0.03125
1 0.325 0.64765625 0.0296875 0.034375
1 0.134375 0.93984375 0.0375 0.0375
1 0.13203125 0.64453125 0.025 0.0390625
1 0.32578125 0.3140625 0.028125 0.03125
1 0.134375 0.31328125 0.03125 0.03125
1 0.39921875 0.31171875 0.0328125 0.0375
1 0.39453125 0.05546875 0.0390625 0.034375
1 0.13515625 0.0546875 0.0375 0.0375
1 0.5390625 0.053125 0.040625 0.034375
1 0.671875 0.31796875 0.028125 0.05
1 0.75234375 0.053125 0.034375 0.028125
2 0.93359375 0.1859375 0.021875 0.2421875
2 0.90078125 0.05390625 0.053125 0.0265625
2 0.790625 0.05390625 0.059375 0.025
2 0.75625 0.1515625 0.0140625 0.178125
2 0.7171875 0.05390625 0.059375 0.0265625
2 0.5796875 0.0546875 0.0625 0.025
2 0.53671875 0.1515625 0.015625 0.18125
2 0.4703125 0.05390625 0.13125 0.0265625
2 0.40078125 0.18125 0.021875 0.240625
2 0.26640625 0.05390625 0.24375 0.025
2 0.128125 0.18515625 0.015625 0.2453125
2 0.2296875 0.31328125 0.171875 0.025
2 0.3640625 0.3140625 0.065625 0.025
2 0.50078125 0.31484375 0.1859375 0.0234375
2 0.80234375 0.3140625 0.25 0.025
2 0.93359375 0.38359375 0.0234375 0.109375
2 0.6703125 0.44296875 0.021875 0.228125
2 0.80234375 0.65 0.2515625 0.025
2 0.93359375 0.5796875 0.0234375 0.109375
2 0.9328125 0.70546875 0.0234375 0.096875
2 0.93359375 0.88203125 0.0234375 0.09375
2 0.8828125 0.9390625 0.0859375 0.028125
2 0.71953125 0.9390625 0.0875 0.0234375
2 0.6703125 0.83046875 0.0234375 0.19375
2 0.64375 0.93828125 0.0375 0.0265625
2 0.5578125 0.9390625 0.078125 0.0265625
2 0.55546875 0.83984375 0.0140625 0.184375
2 0.49453125 0.75 0.115625 0.03125
2 0.44921875 0.87265625 0.025 0.1203125
2 0.3828125 0.9390625 0.109375 0.025
2 0.19921875 0.9390625 0.109375 0.0265625
2 0.13125 0.884375 0.021875 0.09375
2 0.13046875 0.7046875 0.021875 0.09375
2 0.22890625 0.6484375 0.18125 0.0234375
2 0.32578125 0.58515625 0.021875 0.10625
2 0.325 0.421875 0.021875 0.04375
2 0.38515625 0.6484375 0.103125 0.025
2 0.13046875 0.5828125 0.021875 0.1015625
2 0.13125 0.440625 0.021875 0.04375
2 0.1140625 0.37265625 0.01875 0.1375
0 0.52734375 0.496875 0.88125 0.95