1 0.090625 0.03046875 0.0296875 0.0328125
1 0.0890625 0.28203125 0.03125 0.0421875
1 0.08984375 0.59921875 0.03125 0.0484375
1 0.090625 0.88203125 0.03125 0.0390625
1 0.34296875 0.8796875 0.028125 0.0390625
1 0.34453125 0.6 0.028125 0.0390625
1 0.559375 0.88125 0.0375 0.028125
1 0.55859375 0.603125 0.034375 0.03125
1 0.67734375 0.6015625 0.028125 0.034375
1 0.8609375 0.88359375 0.0359375 0.0359375
1 0.86328125 0.5984375 0.025 0.0375
1 0.6765625 0.2796875 0.0265625 0.0296875
1 0.8609375 0.27890625 0.03125 0.028125
1 0.60546875 0.27734375 0.03125 0.0375
1 0.609375 0.03046875 0.0375 0.0328125
1 0.86015625 0.02890625 0.0359375 0.0359375
1 0.4703125 0.028125 0.0375 0.034375
1 0.3421875 0.28359375 0.028125 0.046875
1 0.2640625 0.028125 0.0328125 0.028125
2 0.0890625 0.15625 0.021875 0.234375
2 0.12109375 0.02890625 0.053125 0.025
2 0.22734375 0.02890625 0.05625 0.021875
2 0.2609375 0.1234375 0.0125 0.171875
2 0.2984375 0.02890625 0.05625 0.025
2 0.43125 0.0296875 0.059375 0.025
2 0.47265625 0.12265625 0.0140625 0.175
2 0.53671875 0.02890625 0.125 0.025
2 0.603125 0.1515625 0.021875 0.23125
2 0.73359375 0.02890625 0.2359375 0.025
2 0.8671875 0.15546875 0.015625 0.2375
2 0.76875 0.27890625 0.165625 0.025
2 0.6390625 0.2796875 0.0625 0.025
2 0.50703125 0.28046875 0.1796875 0.021875
2 0.21640625 0.2796875 0.240625 0.025
2 0.08984375 0.346875 0.021875 0.10625
2 0.34375 0.40390625 0.021875 0.221875
2 0.215625 0.60390625 0.24375 0.0234375
2 0.08984375 0.5359375 0.021875 0.10625
2 0.08984375 0.6578125 0.021875 0.09375
2 0.0890625 0.82734375 0.021875 0.0921875
2 0.13828125 0.8828125 0.0828125 0.025
2 0.29609375 0.8828125 0.084375 0.0234375
2 0.34375 0.778125 0.021875 0.1875
2 0.36875 0.88203125 0.0375 0.025
2 0.45234375 0.8828125 0.075 0.025
2 0.45390625 0.7875 0.0125 0.178125
2 0.51328125 0.7 0.1125 0.0296875
2 0.55703125 0.81875 0.0234375 0.115625
2 0.62109375 0.8828125 0.10625 0.025
2 0.7984375 0.8828125 0.10625 0.025
2 0.8640625 0.83046875 0.021875 0.0921875
2 0.86484375 0.65625 0.021875 0.0890625
2 0.7703125 0.60234375 0.175 0.021875
2 0.6765625 0.54140625 0.0203125 0.103125
2 0.6765625 0.38359375 0.021875 0.04375
2 0.61953125 0.60234375 0.1 0.0234375
2 0.86484375 0.5390625 0.021875 0.096875
2 0.86328125 0.4015625 0.021875 0.04375
2 0.88046875 0.33671875 0.01875 0.1328125
0 0.48046875 0.45703125 0.85 0.9140625