1 0.05390625 0.13203125 0.03046875 0.02734375
1 0.28828125 0.13125 0.0390625 0.02890625
1 0.584375 0.13203125 0.04453125 0.0296875
1 0.8484375 0.1328125 0.0359375 0.028125
1 0.84609375 0.3671875 0.0359375 0.025
1 0.58515625 0.36875 0.03671875 0.025
1 0.846875 0.56875 0.0265625 0.034375
1 0.58828125 0.56796875 0.02890625 0.03203125
1 0.58671875 0.678125 0.03125 0.0265625
1 0.84921875 0.85 0.03359375 0.0328125
1 0.58359375 0.8515625 0.03515625 0.02265625
1 0.28671875 0.678125 0.02734375 0.02421875
1 0.2859375 0.85 0.02734375 0.028125
1 0.284375 0.61171875 0.034375 0.02890625
1 0.05390625 0.615625 0.03046875 0.03515625
1 0.053125 0.84921875 0.0328125 0.03359375
1 0.05234375 0.4859375 0.03203125 0.0359375
1 0.290625 0.36640625 0.04453125 0.02578125
1 0.05234375 0.29453125 0.02578125 0.03046875
2 0.171875 0.13125 0.21796875 0.0203125
2 0.053125 0.16015625 0.0234375 0.0484375
2 0.05234375 0.259375 0.02109375 0.05234375
2 0.140625 0.290625 0.1609375 0.0125
2 0.053125 0.32578125 0.0234375 0.053125
2 0.053125 0.44921875 0.02265625 0.05546875
2 0.13984375 0.48828125 0.16171875 0.01328125
2 0.053125 0.54765625 0.0234375 0.1171875
2 0.1671875 0.61015625 0.215625 0.01953125
2 0.05234375 0.73125 0.02265625 0.21953125
2 0.1703125 0.85546875 0.22109375 0.0140625
2 0.2859375 0.7640625 0.0234375 0.1546875
2 0.28671875 0.64296875 0.0234375 0.05859375
2 0.28671875 0.5203125 0.02109375 0.1671875
2 0.28671875 0.24921875 0.02265625 0.225
2 0.34921875 0.13125 0.09765625 0.02109375
2 0.40234375 0.36796875 0.20546875 0.01953125
2 0.58828125 0.24921875 0.021875 0.2265625
2 0.525 0.13125 0.0984375 0.02109375
2 0.63828125 0.13203125 0.08828125 0.02109375
2 0.79765625 0.13125 0.08515625 0.02109375
2 0.84921875 0.1765625 0.02421875 0.07734375
2 0.8484375 0.3234375 0.02109375 0.07734375
2 0.75078125 0.36796875 0.175 0.02109375
2 0.8484375 0.39140625 0.0234375 0.034375
2 0.8484375 0.46875 0.02265625 0.0703125
2 0.759375 0.47109375 0.16640625 0.0125
2 0.678125 0.52578125 0.028125 0.10390625
2 0.7890625 0.56640625 0.1078125 0.021875
2 0.84921875 0.6265625 0.02265625 0.0984375
2 0.8484375 0.79140625 0.0234375 0.0984375
2 0.79921875 0.85234375 0.08515625 0.02109375
2 0.6375 0.853125 0.08359375 0.0203125
2 0.5875 0.76484375 0.02109375 0.16328125
2 0.53046875 0.678125 0.09609375 0.01875
2 0.38359375 0.678125 0.03984375 0.0203125
2 0.5875 0.62421875 0.021875 0.0921875
2 0.528125 0.853125 0.09140625 0.0203125
2 0.4 0.85234375 0.03984375 0.01953125
2 0.33984375 0.86796875 0.12421875 0.0171875
0 0.45078125 0.496875 0.85390625 0.7921875