0 0.47734375 0.5046875 0.9296875 0.87109375
1 0.03203125 0.10625 0.01953125 0.03359375
1 0.03203125 0.40390625 0.021875 0.0328125
1 0.0328125 0.740625 0.02265625 0.03515625
1 0.36171875 0.7390625 0.02109375 0.03203125
1 0.36171875 0.40234375 0.01953125 0.034375
1 0.3625 0.10625 0.02265625 0.03515625
1 0.590625 0.10625 0.02109375 0.0328125
1 0.59140625 0.40390625 0.0234375 0.03515625
1 0.51796875 0.6140625 0.01953125 0.0328125
1 0.36171875 0.9078125 0.01953125 0.03046875
1 0.51875 0.909375 0.02421875 0.0328125
1 0.91875 0.9078125 0.01953125 0.034375
1 0.91953125 0.61328125 0.0203125 0.0359375
1 0.91953125 0.40234375 0.01953125 0.03203125
1 0.91875 0.10703125 0.0203125 0.0328125
2 0.05390625 0.74140625 0.0359375 0.03671875
2 0.19765625 0.73984375 0.0375 0.03671875
2 0.03125 0.69375 0.02265625 0.0828125
2 0.0328125 0.4453125 0.02109375 0.07734375
2 0.19609375 0.4015625 0.32109375 0.034375
2 0.3609375 0.615625 0.021875 0.23984375
2 0.33984375 0.740625 0.03671875 0.034375
2 0.37578125 0.73984375 0.0203125 0.034375
2 0.51875 0.7171875 0.021875 0.19453125
2 0.51171875 0.740625 0.03671875 0.0359375
2 0.746875 0.61328125 0.33515625 0.0359375
2 0.81875 0.71328125 0.0234375 0.2375
2 0.91953125 0.65546875 0.021875 0.06875
2 0.91796875 0.85703125 0.0234375 0.0921875
2 0.84765625 0.90859375 0.134375 0.0375
2 0.6671875 0.909375 0.03671875 0.03671875
2 0.540625 0.91015625 0.0359375 0.03359375
2 0.91875 0.578125 0.0203125 0.05703125
2 0.91796875 0.43984375 0.0234375 0.06171875
2 0.75859375 0.40078125 0.21796875 0.0359375
2 0.59140625 0.25234375 0.025 0.28046875
2 0.61171875 0.10703125 0.0375 0.03359375
2 0.75390625 0.10625 0.0375 0.03828125
2 0.89765625 0.10546875 0.03359375 0.0359375
2 0.91875 0.14609375 0.01875 0.0703125
2 0.91875 0.3625 0.0234375 0.0671875
2 0.56953125 0.10625 0.03359375 0.0359375
2 0.47734375 0.10625 0.0734375 0.034375
2 0.475 0.20859375 0.02109375 0.24140625
2 0.503125 0.31171875 0.07734375 0.03515625
2 0.3609375 0.24609375 0.02265625 0.1203125
2 0.4171875 0.2859375 0.1359375 0.03515625
2 0.384375 0.1078125 0.03828125 0.03515625
2 0.33984375 0.10625 0.0328125 0.034375
2 0.196875 0.10625 0.03359375 0.03515625
2 0.0546875 0.10625 0.0359375 0.03359375
2 0.0328125 0.146875 0.02109375 0.06640625
2 0.03125 0.36328125 0.02109375 0.0640625