0 0.47578125 0.509375 0.95 0.91875
1 0.3390625 0.75625 0.021875 0.034375
1 0.3390625 0.4015625 0.0203125 0.0375
1 0.33984375 0.0890625 0.0234375 0.0375
1 0.58046875 0.08984375 0.021875 0.034375
1 0.58125 0.403125 0.025 0.0375
1 0.50390625 0.625 0.021875 0.034375
1 0.3390625 0.93515625 0.021875 0.0328125
1 0.5046875 0.93671875 0.025 0.034375
1 0.92734375 0.934375 0.021875 0.0375
1 0.928125 0.62421875 0.021875 0.0375
1 0.92734375 0.4015625 0.021875 0.034375
1 0.92734375 0.08984375 0.021875 0.034375
2 0.015625 0.7578125 0.03125 0.0375
2 0.165625 0.75703125 0.0390625 0.0375
2 0.16640625 0.39921875 0.3328125 0.0359375
2 0.33828125 0.6265625 0.0234375 0.253125
2 0.315625 0.75859375 0.0390625 0.0375
2 0.35390625 0.7578125 0.021875 0.0359375
2 0.5046875 0.73359375 0.0234375 0.20625
2 0.49765625 0.7578125 0.0375 0.0375
2 0.74609375 0.6234375 0.353125 0.0375
2 0.821875 0.7296875 0.025 0.25
2 0.92734375 0.66875 0.021875 0.071875
2 0.9265625 0.88125 0.025 0.096875
2 0.85234375 0.9359375 0.1421875 0.0390625
2 0.6609375 0.9359375 0.0390625 0.0375
2 0.52734375 0.9375 0.0375 0.034375
2 0.92734375 0.5875 0.021875 0.059375
2 0.9265625 0.440625 0.025 0.065625
2 0.7578125 0.4 0.23125 0.0390625
2 0.58125 0.24375 0.0265625 0.296875
2 0.603125 0.08984375 0.040625 0.034375
2 0.753125 0.0890625 0.040625 0.040625
2 0.9046875 0.0890625 0.0359375 0.0375
2 0.92734375 0.13203125 0.0203125 0.075
2 0.92734375 0.36015625 0.025 0.071875
2 0.55859375 0.0890625 0.034375 0.0375
2 0.4609375 0.08984375 0.078125 0.0359375
2 0.45859375 0.19765625 0.021875 0.2546875
2 0.48828125 0.30546875 0.08125 0.0375
2 0.33828125 0.23671875 0.0234375 0.1265625
2 0.39765625 0.27890625 0.14375 0.0375
2 0.3625 0.090625 0.040625 0.0375
2 0.315625 0.0890625 0.034375 0.0359375
2 0.16484375 0.0890625 0.0359375 0.0375
2 0.01640625 0.08828125 0.0328125 0.0375