1 0.09296875 0.90625 0.040625 0.034375
1 0.44609375 0.90703125 0.04375 0.0375
1 0.57890625 0.90859375 0.0359375 0.03125
1 0.89140625 0.90546875 0.04375 0.034375
1 0.89140625 0.6515625 0.040625 0.034375
1 0.88984375 0.4328125 0.05 0.034375
1 0.89375 0.12578125 0.059375 0.034375
1 0.578125 0.1265625 0.040625 0.0328125
1 0.58125 0.43125 0.05625 0.0375
1 0.57890625 0.653125 0.04375 0.0328125
1 0.44609375 0.65390625 0.053125 0.034375
1 0.2984375 0.47421875 0.0453125 0.034375
1 0.09296875 0.47578125 0.0515625 0.0328125
1 0.0921875 0.1234375 0.05 0.0375
1 0.29765625 0.1234375 0.040625 0.0375
1 0.09375 0.64921875 0.0484375 0.034375