1 0.97734375 0.9640625 0.0453125 0.0375
1 0.58828125 0.96484375 0.0484375 0.040625
1 0.4421875 0.96640625 0.040625 0.034375
1 0.0984375 0.96328125 0.0484375 0.0375
1 0.0984375 0.68359375 0.0453125 0.0390625
1 0.1 0.44375 0.0546875 0.0375
1 0.0953125 0.10625 0.065625 0.0375
1 0.44375 0.10703125 0.04375 0.0359375
1 0.43984375 0.4421875 0.0625 0.040625
1 0.4421875 0.68515625 0.046875 0.0359375
1 0.58828125 0.6859375 0.0578125 0.0375
1 0.75078125 0.4890625 0.05 0.0375
1 0.975 0.4921875 0.05 0.0375
1 0.97578125 0.10390625 0.0484375 0.0421875
1 0.7515625 0.103125 0.0453125 0.040625
1 0.975 0.6828125 0.05 0.0375