0 0.4671875 0.48515625 0.934375 0.9703125
1 0.20078125 0.3359375 0.034375 0.021875
1 0.56875 0.3359375 0.0375 0.021875
1 0.89296875 0.3375 0.0375 0.025
1 0.89296875 0.58671875 0.0359375 0.021875
1 0.56796875 0.58671875 0.0390625 0.025
1 0.3375 0.50703125 0.0359375 0.021875
1 0.01640625 0.3359375 0.0328125 0.021875
1 0.01640625 0.50703125 0.0328125 0.025
1 0.01796875 0.9453125 0.034375 0.021875
1 0.33828125 0.94609375 0.0390625 0.021875
1 0.56953125 0.94609375 0.034375 0.021875
1 0.8921875 0.9453125 0.0359375 0.021875
2 0.2 0.00859375 0.040625 0.0171875
2 0.2 0.15703125 0.040625 0.040625
2 0.571875 0.16484375 0.0375 0.3296875
2 0.3359375 0.33515625 0.2625 0.025
2 0.19921875 0.31171875 0.0375 0.040625
2 0.19921875 0.3515625 0.0375 0.021875
2 0.22421875 0.5078125 0.2125 0.025
2 0.19921875 0.5 0.0390625 0.040625
2 0.3390625 0.7578125 0.0390625 0.3671875
2 0.22890625 0.8359375 0.259375 0.025
2 0.2921875 0.94609375 0.075 0.025
2 0.07109375 0.94453125 0.1 0.0265625
2 0.01796875 0.8671875 0.034375 0.146875
2 0.01796875 0.66875 0.034375 0.040625
2 0.01640625 0.53125 0.0328125 0.0390625
2 0.3765625 0.9453125 0.0625 0.021875
2 0.528125 0.94453125 0.0671875 0.025
2 0.5703125 0.7703125 0.040625 0.2390625
2 0.7328125 0.5875 0.30625 0.028125
2 0.89296875 0.61015625 0.0375 0.040625
2 0.89375 0.765625 0.0421875 0.040625
2 0.89375 0.92265625 0.0390625 0.0375
2 0.84921875 0.9453125 0.078125 0.021875
2 0.6125 0.9453125 0.0734375 0.0265625
2 0.89296875 0.56328125 0.0390625 0.0375
2 0.89296875 0.4625 0.0375 0.0796875
2 0.78125 0.46015625 0.265625 0.021875
2 0.66875 0.490625 0.0375 0.084375
2 0.740625 0.3359375 0.13125 0.025
2 0.69609375 0.396875 0.0375 0.1484375
2 0.89140625 0.3609375 0.0390625 0.040625
2 0.89296875 0.31171875 0.0375 0.0359375
2 0.89296875 0.15546875 0.0375 0.0375
2 0.89375 0.009375 0.0375 0.01875