1 0.08828125 0.109375 0.03828125 0.02578125
1 0.3796875 0.109375 0.0375 0.0234375
1 0.5390625 0.109375 0.034375 0.0234375
1 0.83203125 0.109375 0.0421875 0.025
1 0.83203125 0.334375 0.03515625 0.0234375
1 0.53828125 0.33359375 0.03515625 0.0234375
1 0.378125 0.334375 0.034375 0.02265625
1 0.0859375 0.334375 0.034375 0.025
1 0.0875 0.4921875 0.0328125 0.021875
1 0.37578125 0.49375 0.03359375 0.0265625
1 0.83046875 0.49375 0.03359375 0.02578125
1 0.83125 0.6453125 0.03359375 0.0234375
1 0.38671875 0.6375 0.028125 0.021875
1 0.0859375 0.76640625 0.0328125 0.02265625
1 0.3875 0.7671875 0.034375 0.02421875
1 0.828125 0.76640625 0.0359375 0.02109375
2 0.2359375 0.7671875 0.29140625 0.021875
2 0.08515625 0.690625 0.02890625 0.1375
2 0.56171875 0.76796875 0.1078125 0.02265625
2 0.78125 0.76640625 0.08515625 0.02265625
2 0.83046875 0.66875 0.03359375 0.0375
2 0.83046875 0.73984375 0.0328125 0.04453125
2 0.83046875 0.61015625 0.03125 0.06015625
2 0.65859375 0.64140625 0.32421875 0.01484375
2 0.3828125 0.67265625 0.01875 0.06015625
2 0.20703125 0.6953125 0.07734375 0.01640625
2 0.35390625 0.6953125 0.07734375 0.01640625
2 0.0859375 0.52734375 0.03046875 0.0578125
2 0.23125 0.48984375 0.2765625 0.01328125
2 0.08515625 0.46171875 0.03046875 0.05
2 0.08515625 0.36328125 0.02578125 0.0484375
2 0.27421875 0.38671875 0.01953125 0.09765625
2 0.18828125 0.33671875 0.1921875 0.0140625
2 0.0859375 0.29375 0.03203125 0.07421875
2 0.08671875 0.153125 0.0296875 0.07734375
2 0.14296875 0.11015625 0.0984375 0.02265625
2 0.3296875 0.109375 0.08828125 0.0203125
2 0.41484375 0.109375 0.05546875 0.02265625
2 0.50390625 0.109375 0.0578125 0.021875
2 0.38359375 0.22265625 0.0171875 0.2140625
2 0.490625 0.246875 0.0828125 0.0109375
2 0.534375 0.221875 0.015625 0.2125
2 0.590625 0.109375 0.08515625 0.02265625
2 0.77578125 0.109375 0.0984375 0.021875
2 0.83046875 0.15390625 0.03125 0.08046875
2 0.83125 0.29375 0.03125 0.07109375
2 0.72890625 0.3375 0.190625 0.01328125
2 0.8296875 0.36328125 0.0328125 0.05
2 0.83046875 0.4484375 0.03046875 0.07890625
2 0.66015625 0.4 0.01640625 0.1234375
2 0.7109375 0.45390625 0.10390625 0.01484375
2 0.38125 0.5953125 0.01875 0.071875
0 0.46015625 0.4390625 0.83203125 0.7265625