1 0.8953125 0.92421875 0.028125 0.040625
1 0.89453125 0.61796875 0.025 0.040625
1 0.8953125 0.45 0.025 0.0359375
1 0.89453125 0.1421875 0.025 0.04375
1 0.65859375 0.1421875 0.025 0.0375
1 0.659375 0.45078125 0.025 0.0375
1 0.65859375 0.6203125 0.0234375 0.0375
1 0.65859375 0.9265625 0.025 0.0375
1 0.49296875 0.925 0.021875 0.034375
1 0.490625 0.621875 0.028125 0.034375
1 0.49140625 0.14453125 0.0265625 0.034375
1 0.3328125 0.14296875 0.025 0.034375
1 0.340625 0.6109375 0.021875 0.0296875
1 0.2046875 0.92734375 0.025 0.034375
1 0.20390625 0.609375 0.025 0.0359375
1 0.2046875 0.146875 0.021875 0.0375
2 0.20390625 0.76875 0.021875 0.30625
2 0.284375 0.92734375 0.14375 0.0296875
2 0.203125 0.4265625 0.0234375 0.1125
2 0.2046875 0.19609375 0.025 0.090625
2 0.30703125 0.14453125 0.0390625 0.034375
2 0.2328125 0.14453125 0.046875 0.034375
2 0.36875 0.14375 0.0625 0.0328125
2 0.3359375 0.32421875 0.015625 0.340625
2 0.303125 0.61484375 0.0625 0.01875
2 0.2796875 0.79921875 0.0171875 0.08125
2 0.2796875 0.64453125 0.0171875 0.08125
2 0.45546875 0.9265625 0.059375 0.03125
2 0.4953125 0.77421875 0.0140625 0.290625
2 0.525 0.92734375 0.053125 0.03125
2 0.628125 0.92734375 0.05 0.028125
2 0.60390625 0.72890625 0.103125 0.0203125
2 0.65625 0.81875 0.015625 0.2015625
2 0.7015625 0.9265625 0.078125 0.034375
2 0.84921875 0.92578125 0.08125 0.03125
2 0.89453125 0.8671875 0.0234375 0.103125
2 0.89453125 0.6703125 0.021875 0.09375
2 0.8953125 0.58125 0.0234375 0.0578125
2 0.8953125 0.4875 0.0234375 0.059375
2 0.7765625 0.6140625 0.225 0.01875
2 0.75078125 0.50078125 0.0125 0.0875
2 0.7765625 0.45546875 0.2234375 0.015625
2 0.89453125 0.396875 0.025 0.090625
2 0.8953125 0.2015625 0.0234375 0.103125
2 0.84765625 0.14375 0.084375 0.0328125
2 0.70078125 0.14375 0.075 0.0328125
2 0.6546875 0.25078125 0.0140625 0.2
2 0.628125 0.1453125 0.053125 0.034375
2 0.53828125 0.14453125 0.0828125 0.03125
2 0.58984375 0.3234375 0.1296875 0.0171875
2 0.53359375 0.26953125 0.015625 0.109375
2 0.384375 0.61640625 0.075 0.01875
0 0.54921875 0.53359375 0.7625 0.875