1 0.93828125 0.96328125 0.028125 0.040625
1 0.93828125 0.6484375 0.025 0.040625
1 0.93828125 0.47578125 0.025 0.0375
1 0.9375 0.15859375 0.0265625 0.046875
1 0.6953125 0.159375 0.025 0.0375
1 0.69609375 0.4765625 0.025 0.0375
1 0.6953125 0.65078125 0.025 0.0375
1 0.69609375 0.96640625 0.0265625 0.0375
1 0.525 0.9640625 0.0234375 0.0359375
1 0.5234375 0.65234375 0.028125 0.0375
1 0.5234375 0.1609375 0.028125 0.0359375
1 0.36015625 0.16015625 0.025 0.0375
1 0.36875 0.640625 0.0234375 0.03125
1 0.2296875 0.96640625 0.025 0.0359375
1 0.22890625 0.63984375 0.0265625 0.0375
1 0.22890625 0.16328125 0.021875 0.0375
2 0.22890625 0.80390625 0.0234375 0.315625
2 0.3109375 0.96640625 0.1484375 0.03125
2 0.228125 0.4515625 0.025 0.115625
2 0.22890625 0.2140625 0.025 0.0921875
2 0.334375 0.1609375 0.040625 0.0375
2 0.25859375 0.16171875 0.046875 0.0359375
2 0.39765625 0.1609375 0.065625 0.034375
2 0.3640625 0.34609375 0.015625 0.35
2 0.33046875 0.6453125 0.065625 0.01875
2 0.30625 0.83515625 0.01875 0.084375
2 0.30625 0.67578125 0.01875 0.084375
2 0.48671875 0.96640625 0.0625 0.0328125
2 0.528125 0.80859375 0.015625 0.3
2 0.5578125 0.96640625 0.0546875 0.034375
2 0.6640625 0.9671875 0.053125 0.028125
2 0.6390625 0.7625 0.10625 0.021875
2 0.69296875 0.85546875 0.015625 0.2078125
2 0.73984375 0.965625 0.0796875 0.034375
2 0.890625 0.96484375 0.084375 0.03125
2 0.9375 0.9046875 0.025 0.10625
2 0.93828125 0.70234375 0.021875 0.0953125
2 0.93828125 0.61015625 0.025 0.059375
2 0.93828125 0.5140625 0.025 0.0625
2 0.81640625 0.64453125 0.23125 0.01875
2 0.78984375 0.528125 0.0125 0.090625
2 0.8171875 0.48125 0.2296875 0.015625
2 0.9375 0.4203125 0.025 0.0921875
2 0.93828125 0.2203125 0.0234375 0.10625
2 0.88984375 0.1609375 0.0875 0.034375
2 0.7390625 0.1609375 0.078125 0.034375
2 0.69140625 0.2703125 0.015625 0.20625
2 0.66484375 0.16171875 0.053125 0.0359375
2 0.571875 0.1609375 0.084375 0.0328125
2 0.625 0.3453125 0.1328125 0.01875
2 0.5671875 0.28984375 0.015625 0.1125
2 0.4140625 0.646875 0.078125 0.0203125
0 0.58359375 0.55546875 0.7828125 0.8875