1 0.06015625 0.0671875 0.03515625 0.02578125
1 0.059375 0.3046875 0.03515625 0.0265625
1 0.05859375 0.51640625 0.03515625 0.028125
1 0.06015625 0.7546875 0.0359375 0.0265625
1 0.36953125 0.7546875 0.0359375 0.02578125
1 0.36953125 0.5171875 0.0375 0.02890625
1 0.3671875 0.30546875 0.0375 0.02734375
1 0.36796875 0.06796875 0.03359375 0.028125
1 0.5859375 0.06796875 0.0375 0.0265625
1 0.89296875 0.06796875 0.0359375 0.028125
1 0.89296875 0.30625 0.0375 0.03203125
1 0.58359375 0.30546875 0.0328125 0.02734375
1 0.8921875 0.5171875 0.034375 0.028125
1 0.584375 0.515625 0.0390625 0.028125
1 0.8921875 0.75546875 0.03671875 0.028125
1 0.58359375 0.75390625 0.03984375 0.02734375
2 0.11015625 0.0625 0.07890625 0.01171875
2 0.30859375 0.06171875 0.09765625 0.00859375
2 0.3390625 0.153125 0.01484375 0.1796875
2 0.38828125 0.23671875 0.1140625 0.0125
2 0.3609375 0.26796875 0.01484375 0.05859375
2 0.34765625 0.31015625 0.02109375 0.01328125
2 0.2546875 0.41015625 0.0171875 0.21328125
2 0.4109375 0.5109375 0.0640625 0.0125
2 0.27265625 0.51171875 0.03046875 0.01171875
2 0.375 0.6359375 0.015625 0.22265625
2 0.34453125 0.759375 0.028125 0.01171875
2 0.25625 0.759375 0.04609375 0.0125
2 0.0953125 0.759375 0.05078125 0.01171875
2 0.053125 0.728125 0.01484375 0.03515625
2 0.05234375 0.57421875 0.01484375 0.09609375
2 0.1328125 0.51171875 0.125 0.0125
2 0.05234375 0.490625 0.0140625 0.03359375
2 0.053125 0.41171875 0.015625 0.0796875
2 0.15546875 0.4109375 0.2015625 0.0109375
2 0.05234375 0.33203125 0.015625 0.0359375
2 0.13203125 0.3109375 0.121875 0.009375
2 0.05234375 0.2640625 0.01171875 0.06640625
2 0.053125 0.1078125 0.01640625 0.065625
2 0.540625 0.5109375 0.06484375 0.01171875
2 0.5765625 0.63515625 0.0140625 0.2203125
2 0.60703125 0.759375 0.02578125 0.0125
2 0.6953125 0.76015625 0.04140625 0.01171875
2 0.85546875 0.76015625 0.053125 0.01171875
2 0.8984375 0.72890625 0.0140625 0.034375
2 0.89921875 0.5734375 0.01640625 0.0984375
2 0.7734375 0.51171875 0.2203125 0.01328125
2 0.8984375 0.4796875 0.01640625 0.05234375
2 0.89765625 0.340625 0.02109375 0.05390625
2 0.77890625 0.3109375 0.20859375 0.01328125
2 0.89921875 0.26328125 0.01875 0.065625
2 0.590625 0.26796875 0.01640625 0.0578125
2 0.89921875 0.1078125 0.01640625 0.06484375
2 0.84375 0.06171875 0.08125 0.01171875
2 0.64296875 0.0609375 0.10078125 0.0140625
2 0.6125 0.15390625 0.01796875 0.1828125
2 0.5953125 0.2359375 0.05703125 0.01484375
2 0.50703125 0.1484375 0.01640625 0.18828125
0 0.47421875 0.41015625 0.90625 0.753125