1 0.90546875 0.9453125 0.0421875 0.0453125
1 0.90625 0.575 0.04375 0.046875
1 0.90625 0.259375 0.0375 0.0453125
1 0.9078125 0.0453125 0.0375 0.04375
1 0.640625 0.04765625 0.0375 0.04375
1 0.6375 0.2578125 0.0390625 0.0453125
1 0.63828125 0.58046875 0.0375 0.046875
1 0.640625 0.94375 0.0375 0.0484375
1 0.36171875 0.9453125 0.0375 0.0421875
1 0.3609375 0.5765625 0.040625 0.053125
1 0.3640625 0.2703125 0.0390625 0.04375
1 0.36171875 0.0484375 0.034375 0.0421875
1 0.08671875 0.2703125 0.034375 0.04375
1 0.08359375 0.04609375 0.0375 0.04375
1 0.08359375 0.5765625 0.034375 0.04375
1 0.0859375 0.94609375 0.034375 0.04375