1 0.0734375 0.91953125 0.04375 0.040625
1 0.44140625 0.9203125 0.046875 0.04375
1 0.75546875 0.9203125 0.0453125 0.0375
1 0.9671875 0.921875 0.04375 0.0375
1 0.96484375 0.65625 0.04375 0.0375
1 0.75625 0.653125 0.0453125 0.0375
1 0.4359375 0.6546875 0.046875 0.0375
1 0.075 0.65625 0.0484375 0.0375
1 0.07421875 0.37890625 0.040625 0.0375
1 0.43984375 0.378125 0.0515625 0.040625
1 0.74453125 0.38203125 0.04375 0.0375
1 0.9640625 0.3796875 0.0421875 0.034375
1 0.74375 0.10625 0.04375 0.034375
1 0.96640625 0.103125 0.04375 0.0375
1 0.43984375 0.10234375 0.04375 0.034375
1 0.0734375 0.10546875 0.04375 0.034375