1 0.06953125 0.9734375 0.0265625 0.0375
1 0.31875 0.9734375 0.028125 0.0375
1 0.540625 0.97421875 0.028125 0.0375
1 0.79140625 0.9734375 0.028125 0.0375
1 0.79140625 0.64765625 0.028125 0.0375
1 0.5421875 0.6484375 0.03125 0.0390625
1 0.31953125 0.65 0.028125 0.040625
1 0.0703125 0.64921875 0.028125 0.0359375
1 0.06953125 0.4203125 0.028125 0.040625
1 0.0703125 0.09765625 0.0296875 0.0375
1 0.3203125 0.09765625 0.034375 0.0390625
1 0.31953125 0.4234375 0.028125 0.034375
1 0.5421875 0.0984375 0.0296875 0.0359375
1 0.540625 0.421875 0.0296875 0.040625
1 0.79296875 0.0984375 0.0296875 0.0375
1 0.790625 0.42265625 0.028125 0.0421875
2 0.0640625 0.9203125 0.0125 0.0828125
2 0.0640625 0.7125 0.009375 0.103125
2 0.159375 0.68046875 0.1890625 0.015625
2 0.246875 0.628125 0.0125 0.1203125
2 0.28046875 0.65703125 0.0625 0.015625
2 0.325 0.67109375 0.0140625 0.021875
2 0.4296875 0.76796875 0.225 0.01875
2 0.5359375 0.60390625 0.0125 0.0671875
2 0.53671875 0.75 0.0125 0.03125
2 0.6671875 0.64140625 0.234375 0.015625
2 0.796875 0.67421875 0.0125 0.0296875
2 0.796875 0.7671875 0.0125 0.0484375
2 0.796875 0.9359375 0.0125 0.053125
2 0.7640625 0.9796875 0.0375 0.015625
2 0.60234375 0.98125 0.1015625 0.015625
2 0.53671875 0.896875 0.0125 0.13125
2 0.5140625 0.98125 0.034375 0.015625
2 0.43125 0.98046875 0.084375 0.0171875
2 0.43046875 0.8734375 0.0125 0.2125
2 0.34765625 0.98125 0.0375 0.0171875
2 0.32578125 0.89765625 0.009375 0.128125
2 0.2765625 0.98125 0.0703125 0.0125
2 0.1125 0.9796875 0.06875 0.0171875
2 0.5359375 0.46796875 0.0125 0.06875
2 0.66640625 0.43046875 0.23125 0.015625
2 0.79609375 0.3984375 0.0125 0.028125
2 0.79765625 0.30546875 0.0125 0.04375
2 0.796875 0.1375 0.0125 0.05625
2 0.7640625 0.0921875 0.0375 0.015625
2 0.6015625 0.09140625 0.103125 0.01875
2 0.5359375 0.2234375 0.0140625 0.23125
2 0.503125 0.0921875 0.05625 0.0171875
2 0.35625 0.09296875 0.05625 0.021875
2 0.325 0.21796875 0.0125 0.21875
2 0.27578125 0.090625 0.06875 0.0203125
2 0.28046875 0.415625 0.059375 0.01875
2 0.1125 0.09140625 0.06875 0.0171875
2 0.0640625 0.14921875 0.0125 0.084375
2 0.0625 0.36015625 0.015625 0.10625
2 0.16015625 0.39296875 0.1921875 0.01875
2 0.24609375 0.41015625 0.015625 0.059375
2 0.1546875 0.503125 0.196875 0.0171875
0 0.42890625 0.53125 0.7921875 0.9375