1 0.09609375 0.1125 0.04140625 0.0390625
1 0.44296875 0.11171875 0.04296875 0.040625
1 0.7390625 0.11171875 0.0421875 0.0359375
1 0.9390625 0.1109375 0.04140625 0.0359375
1 0.93671875 0.3609375 0.040625 0.03515625
1 0.740625 0.36328125 0.04296875 0.0359375
1 0.43828125 0.3625 0.04296875 0.0359375
1 0.09765625 0.3609375 0.0453125 0.03515625
1 0.09609375 0.621875 0.0390625 0.03515625
1 0.4421875 0.62265625 0.0484375 0.03828125
1 0.72890625 0.61875 0.04140625 0.0359375
1 0.9359375 0.62109375 0.03984375 0.0328125
1 0.728125 0.87890625 0.0421875 0.03125
1 0.93828125 0.88125 0.0421875 0.0359375
1 0.44140625 0.88203125 0.03984375 0.0328125
1 0.0953125 0.8796875 0.04140625 0.0328125