1 0.9375 0.96953125 0.028125 0.0375
1 0.68359375 0.96953125 0.028125 0.0375
1 0.45859375 0.9703125 0.0296875 0.0375
1 0.20390625 0.96953125 0.028125 0.0375
1 0.20390625 0.63828125 0.028125 0.0375
1 0.45703125 0.6390625 0.03125 0.040625
1 0.6828125 0.640625 0.028125 0.040625
1 0.93671875 0.640625 0.0296875 0.0359375
1 0.93671875 0.4078125 0.028125 0.040625
1 0.93671875 0.0796875 0.0296875 0.0375
1 0.6828125 0.07890625 0.034375 0.040625
1 0.68359375 0.41015625 0.028125 0.034375
1 0.45703125 0.08046875 0.03125 0.0375
1 0.45859375 0.409375 0.03125 0.040625
1 0.20234375 0.0796875 0.03125 0.0390625
1 0.2046875 0.41015625 0.028125 0.0421875
2 0.9421875 0.915625 0.0125 0.084375
2 0.94296875 0.70390625 0.009375 0.1046875
2 0.84609375 0.67109375 0.190625 0.015625
2 0.75703125 0.61875 0.0125 0.121875
2 0.7234375 0.64765625 0.0625 0.015625
2 0.67734375 0.6625 0.0140625 0.021875
2 0.57109375 0.7609375 0.228125 0.01875
2 0.4640625 0.59453125 0.0125 0.06875
2 0.4625 0.7421875 0.0125 0.03125
2 0.33046875 0.6328125 0.2375 0.0171875
2 0.1984375 0.665625 0.0125 0.03125
2 0.1984375 0.759375 0.0125 0.05
2 0.1984375 0.93125 0.0125 0.0546875
2 0.23203125 0.9765625 0.0375 0.015625
2 0.39609375 0.97734375 0.103125 0.015625
2 0.4625 0.89140625 0.0140625 0.134375
2 0.4859375 0.97734375 0.0359375 0.015625
2 0.56953125 0.9765625 0.084375 0.0171875
2 0.57109375 0.86796875 0.0125 0.215625
2 0.6546875 0.97734375 0.0375 0.0171875
2 0.67734375 0.89296875 0.009375 0.13125
2 0.7265625 0.97734375 0.071875 0.0125
2 0.89375 0.9765625 0.0703125 0.0171875
2 0.46328125 0.45546875 0.0125 0.06875
2 0.33125 0.4171875 0.234375 0.015625
2 0.19921875 0.384375 0.0125 0.028125
2 0.19765625 0.290625 0.0125 0.04375
2 0.1984375 0.11953125 0.0125 0.05625
2 0.23203125 0.0734375 0.0375 0.015625
2 0.396875 0.07265625 0.1046875 0.01875
2 0.46328125 0.20703125 0.0140625 0.234375
2 0.496875 0.0734375 0.05625 0.0171875
2 0.64609375 0.07421875 0.0578125 0.021875
2 0.67734375 0.2015625 0.0140625 0.2234375
2 0.728125 0.07265625 0.06875 0.0203125
2 0.72265625 0.40234375 0.0625 0.01875
2 0.89375 0.07265625 0.06875 0.0171875
2 0.94296875 0.13203125 0.0125 0.0875
2 0.94375 0.34609375 0.015625 0.1078125
2 0.8453125 0.37890625 0.19375 0.01875
2 0.7578125 0.396875 0.015625 0.0609375
2 0.85 0.4921875 0.2 0.0171875
0 0.571875 0.521875 0.803125 0.95625