1 0.071875 0.07890625 0.0296875 0.034375
1 0.071875 0.2953125 0.0359375 0.0359375
1 0.071875 0.52578125 0.0328125 0.04375
1 0.07265625 0.75859375 0.03125 0.03125
1 0.28203125 0.7609375 0.0375 0.040625
1 0.28515625 0.5265625 0.0328125 0.04375
1 0.20859375 0.29453125 0.0296875 0.05
1 0.20390625 0.07578125 0.03125 0.040625
1 0.3453125 0.07890625 0.0296875 0.0375
1 0.3484375 0.2921875 0.0296875 0.046875
1 0.42578125 0.7609375 0.0359375 0.046875
1 0.625 0.7609375 0.0296875 0.040625
1 0.790625 0.75625 0.028125 0.03125
1 0.790625 0.52265625 0.025 0.034375
1 0.62421875 0.52265625 0.03125 0.034375
1 0.625 0.29609375 0.028125 0.0328125
1 0.7125 0.2953125 0.025 0.028125
1 0.71171875 0.0796875 0.021875 0.028125
1 0.625 0.0796875 0.028125 0.03125
1 0.42578125 0.078125 0.0265625 0.028125
1 0.4234375 0.2921875 0.021875 0.0359375
1 0.42578125 0.521875 0.03125 0.04375
2 0.0703125 0.18828125 0.015625 0.196875
2 0.0703125 0.3203125 0.015625 0.0296875
2 0.0703125 0.4234375 0.0125 0.05
2 0.07109375 0.49375 0.0125 0.0375
2 0.07109375 0.5703125 0.0140625 0.071875
2 0.07109375 0.7140625 0.0140625 0.075
2 0.11640625 0.75859375 0.065625 0.01875
2 0.2390625 0.759375 0.065625 0.01875
2 0.284375 0.64453125 0.0140625 0.2140625
2 0.30234375 0.60078125 0.0234375 0.0125
2 0.30078125 0.75859375 0.01875 0.01875
2 0.3546875 0.75859375 0.046875 0.01875
2 0.35625 0.6734375 0.0078125 0.15625
2 0.3953125 0.60390625 0.071875 0.015625
2 0.4234375 0.70234375 0.015625 0.09375
2 0.465625 0.759375 0.0625 0.01875
2 0.584375 0.759375 0.0625 0.01875
2 0.6265625 0.7140625 0.0140625 0.075
2 0.62734375 0.56953125 0.0140625 0.0734375
2 0.52421875 0.52421875 0.18125 0.0171875
2 0.48515625 0.47890625 0.015625 0.078125
2 0.16953125 0.5234375 0.1171875 0.01875
2 0.14765625 0.40546875 0.015625 0.2390625
2 0.17578125 0.2953125 0.04375 0.021875
2 0.21015625 0.41015625 0.015625 0.090625
2 0.24921875 0.2953125 0.0703125 0.0203125
2 0.20546875 0.16171875 0.0171875 0.15
2 0.18046875 0.07890625 0.03125 0.0171875
2 0.23046875 0.078125 0.034375 0.01875
2 0.31875 0.07890625 0.03125 0.021875
2 0.3453125 0.1859375 0.015625 0.1953125
2 0.36796875 0.24765625 0.03125 0.0109375
2 0.3640625 0.078125 0.021875 0.01875
2 0.40546875 0.07890625 0.021875 0.01875
2 0.42265625 0.184375 0.015625 0.19375
2 0.46640625 0.0796875 0.0640625 0.01875
2 0.584375 0.0796875 0.0625 0.01875
2 0.62734375 0.11953125 0.0140625 0.0625
2 0.62734375 0.2546875 0.015625 0.065625
2 0.546875 0.29453125 0.1375 0.0171875
2 0.48515625 0.34140625 0.015625 0.075
2 0.6265625 0.32265625 0.0125 0.0375
2 0.62578125 0.43359375 0.0125 0.0421875
2 0.10859375 0.403125 0.0640625 0.0109375
2 0.09296875 0.2921875 0.0296875 0.0140625
2 0.09296875 0.07890625 0.03125 0.01875
0 0.4390625 0.41953125 0.7875 0.740625