1 0.925 0.10703125 0.034375 0.028125
1 0.709375 0.1078125 0.0359375 0.0359375
1 0.48046875 0.10703125 0.04375 0.0328125
1 0.24921875 0.10859375 0.03125 0.03125
1 0.24609375 0.3171875 0.040625 0.0359375
1 0.4796875 0.31953125 0.04375 0.03125
1 0.71015625 0.24375 0.05 0.028125
1 0.92734375 0.2390625 0.040625 0.03125
1 0.925 0.3796875 0.0375 0.0296875
1 0.7125 0.3828125 0.046875 0.028125
1 0.24609375 0.459375 0.0453125 0.0359375
1 0.24609375 0.6578125 0.040625 0.0296875
1 0.25078125 0.82265625 0.03125 0.028125
1 0.4828125 0.82265625 0.034375 0.025
1 0.48359375 0.65703125 0.0328125 0.03125
1 0.70859375 0.6578125 0.0328125 0.028125
1 0.709375 0.7453125 0.028125 0.025
1 0.9234375 0.74375 0.028125 0.021875
1 0.9234375 0.65859375 0.03125 0.028125
1 0.925 0.46015625 0.028125 0.0265625
1 0.7125 0.45703125 0.034375 0.021875
1 0.484375 0.459375 0.04375 0.03125
2 0.81640625 0.10625 0.1953125 0.015625
2 0.684375 0.10625 0.0296875 0.015625
2 0.58203125 0.10625 0.05 0.0125
2 0.51171875 0.10625 0.0375 0.0125
2 0.4359375 0.10625 0.071875 0.0125
2 0.29296875 0.10625 0.0734375 0.0140625
2 0.24921875 0.1515625 0.01875 0.065625
2 0.24765625 0.27421875 0.01875 0.065625
2 0.3625 0.31875 0.2125 0.0140625
2 0.40546875 0.33671875 0.0125 0.0234375
2 0.2484375 0.33515625 0.01875 0.01875
2 0.2484375 0.3890625 0.01875 0.046875
2 0.33359375 0.390625 0.1546875 0.0078125
2 0.40234375 0.42890625 0.015625 0.071875
2 0.3046875 0.45703125 0.09375 0.015625
2 0.2484375 0.49921875 0.01875 0.0625
2 0.2484375 0.6171875 0.01875 0.0625
2 0.29296875 0.659375 0.075 0.0140625
2 0.43671875 0.66015625 0.0734375 0.0140625
2 0.48203125 0.5578125 0.0171875 0.18125
2 0.52734375 0.51953125 0.0765625 0.015625
2 0.4828125 0.2046875 0.01875 0.115625
2 0.6 0.1828125 0.2375 0.015625
2 0.709375 0.2109375 0.021875 0.04375
2 0.5953125 0.2453125 0.0890625 0.015625
2 0.709375 0.28359375 0.0203125 0.0703125
2 0.8421875 0.23984375 0.15 0.015625
2 0.925 0.215625 0.0171875 0.03125
2 0.92578125 0.26484375 0.01875 0.034375
2 0.92421875 0.353125 0.021875 0.03125
2 0.81875 0.3796875 0.19375 0.015625
2 0.75703125 0.4015625 0.0109375 0.03125
2 0.925 0.3984375 0.01875 0.021875
2 0.92421875 0.43984375 0.01875 0.021875
2 0.81953125 0.45703125 0.19375 0.015625
2 0.92421875 0.5 0.01875 0.0640625
2 0.92421875 0.61796875 0.01875 0.0625
2 0.884375 0.66015625 0.0625 0.0140625
2 0.75 0.66015625 0.065625 0.015625
2 0.71015625 0.58046875 0.0171875 0.1375
2 0.66328125 0.51875 0.075 0.015625
2 0.68203125 0.659375 0.0375 0.0125
2 0.571875 0.65859375 0.0421875 0.0125
2 0.60234375 0.14375 0.009375 0.0625
2 0.7125 0.128125 0.0125 0.0296875
2 0.92421875 0.128125 0.01875 0.03125
0 0.5859375 0.4734375 0.734375 0.784375