1 0.1296875 0.13125 0.03203125 0.02734375
1 0.328125 0.13203125 0.0328125 0.0328125
1 0.540625 0.13125 0.040625 0.03046875
1 0.7546875 0.13203125 0.028125 0.02890625
1 0.75703125 0.32578125 0.0375 0.03359375
1 0.54140625 0.328125 0.040625 0.0296875
1 0.328125 0.2578125 0.0453125 0.02734375
1 0.1265625 0.253125 0.0375 0.02890625
1 0.1296875 0.38359375 0.034375 0.02734375
1 0.32578125 0.38671875 0.04375 0.02734375
1 0.75703125 0.4578125 0.0421875 0.0328125
1 0.75703125 0.64140625 0.0375 0.02734375
1 0.753125 0.79375 0.02890625 0.0265625
1 0.53828125 0.79375 0.03125 0.0234375
1 0.5375 0.640625 0.03046875 0.0296875
1 0.32890625 0.64140625 0.03046875 0.02578125
1 0.32890625 0.72265625 0.025 0.021875
1 0.13046875 0.72109375 0.0265625 0.02109375
1 0.13046875 0.64140625 0.02890625 0.02578125
1 0.12890625 0.4578125 0.025 0.02421875
1 0.32578125 0.45546875 0.0328125 0.02109375
1 0.53671875 0.4578125 0.04140625 0.0296875
2 0.2296875 0.13046875 0.18046875 0.01328125
2 0.35234375 0.13046875 0.02734375 0.0140625
2 0.446875 0.13046875 0.04609375 0.0125
2 0.51171875 0.13046875 0.03515625 0.0125
2 0.58203125 0.13046875 0.06640625 0.0125
2 0.7140625 0.13046875 0.06796875 0.0125
2 0.7546875 0.17265625 0.0171875 0.0609375
2 0.75546875 0.2859375 0.0171875 0.06171875
2 0.64921875 0.32734375 0.196875 0.01328125
2 0.609375 0.34375 0.0109375 0.02109375
2 0.75546875 0.34296875 0.01796875 0.01796875
2 0.7546875 0.39296875 0.01640625 0.0421875
2 0.6765625 0.39375 0.14296875 0.00703125
2 0.6125 0.4296875 0.01484375 0.065625
2 0.703125 0.45546875 0.08671875 0.0140625
2 0.75546875 0.49453125 0.01640625 0.0578125
2 0.75546875 0.60390625 0.01640625 0.0578125
2 0.7140625 0.64296875 0.06875 0.01328125
2 0.58125 0.64375 0.06796875 0.01328125
2 0.5390625 0.5484375 0.01640625 0.1671875
2 0.49765625 0.51328125 0.07109375 0.01328125
2 0.53828125 0.221875 0.0171875 0.1078125
2 0.43046875 0.2015625 0.21953125 0.0140625
2 0.32890625 0.22734375 0.01953125 0.04140625
2 0.434375 0.259375 0.0828125 0.0140625
2 0.32890625 0.29453125 0.01875 0.06484375
2 0.20625 0.2546875 0.1375 0.015625
2 0.1296875 0.23203125 0.01640625 0.028125
2 0.12890625 0.27734375 0.01796875 0.03125
2 0.1296875 0.359375 0.0203125 0.02890625
2 0.228125 0.384375 0.1796875 0.0140625
2 0.28515625 0.4046875 0.01015625 0.02890625
2 0.12890625 0.40078125 0.01796875 0.02109375
2 0.1296875 0.4390625 0.0171875 0.0203125
2 0.2265625 0.45546875 0.17890625 0.01328125
2 0.13046875 0.4953125 0.01796875 0.059375
2 0.13046875 0.6046875 0.01640625 0.0578125
2 0.1671875 0.64375 0.05859375 0.01328125
2 0.29140625 0.64296875 0.0609375 0.01484375
2 0.328125 0.56953125 0.015625 0.1265625
2 0.37109375 0.5125 0.06953125 0.01328125
2 0.35390625 0.64296875 0.03515625 0.01171875
2 0.45546875 0.6421875 0.0390625 0.0125
2 0.42734375 0.16484375 0.009375 0.05859375
2 0.32578125 0.15078125 0.0125 0.02734375
2 0.1296875 0.15078125 0.01796875 0.02890625
0 0.44296875 0.4703125 0.68046875 0.72578125