1 0.3665919282511211 0.27718832891246686 0.7331838565022422 0.01856763925729443
1 0.8699551569506726 0.27586206896551724 0.2600896860986547 0.015915119363395226
1 0.734304932735426 0.39920424403183025 0.026905829596412557 0.13395225464190982
1 0.8688340807174888 0.34084880636604775 0.2623318385650224 0.015915119363395226
1 0.9607623318385651 0.5179045092838196 0.07847533632286996 0.017241379310344827
1 0.7914798206278026 0.5179045092838196 0.14349775784753363 0.017241379310344827
1 0.6569506726457399 0.5961538461538461 0.1860986547085202 0.011936339522546418
1 0.5762331838565022 0.6392572944297082 0.026905829596412557 0.08488063660477453
1 0.6849775784753364 0.6763925729442971 0.08744394618834081 0.010610079575596816
1 0.734304932735426 0.6080901856763926 0.026905829596412557 0.021220159151193633
1 0.7320627802690582 0.6717506631299734 0.026905829596412557 0.038461538461538464
1 0.5683856502242153 0.34151193633952254 0.16143497757847533 0.01856763925729443
1 0.4013452914798206 0.3395225464190981 0.06053811659192825 0.021220159151193633
1 0.3845291479820628 0.3839522546419098 0.033632286995515695 0.08222811671087533
1 0.15920403587443946 0.40483687002652524 0.1579865470852018 0.42138196286472146 0.3604215246636771 0.4235411140583555 0.35882286995515694 0.39980106100795754 0.15920403587443946 0.40483687002652524
1 0.21944170403587443 0.6702838196286472 0.24864798206278027 0.6702838196286472 0.24986322869955155 0.4627466843501326 0.21419058295964125 0.4627466843501326 0.21944170403587443 0.6702838196286472
1 0 0.48288859416445623 0.1482152466367713 0.48288859416445623 0.14946860986547084 0.463106100795756 0 0.46328724933687 0 0.48288859416445623
1 0.10176905829596414 0.27714854111405834 0.06708744394618833 0.27822811671087533 0.06647757847533632 0.4170663129973475 0.06988340807174888 0.42138196286472146 0.10663677130044844 0.42246153846153844 0.10176905829596414 0.27714854111405834
1 0 0.7534499694960212 0.22241928251121076 0.7540901856763925 0.21876905829596413 0.7386233421750663 0.04535874439461884 0.7375450928381964 0.0465762331838565 0.6828726790450927 0.2723139013452915 0.6846710875331564 0.2698811659192825 0.6645291777188329 0.008242152466367713 0.6630901856763927 0.008242152466367713 0.7350265251989391 0 0.735067852785146 0 0.7534499694960212
1 0.49795291479820625 0.6825132625994695 0.4985627802690583 0.6612917771883289 0.38660538116591925 0.6627307692307692 0.38660538116591925 0.5458328912466843 0.29959417040358743 0.5458328912466843 0.29837892376681613 0.5641763925729443 0.3379282511210763 0.5634575596816976 0.33732062780269056 0.6605729442970822 0.3227174887892376 0.6598527851458886 0.32324887892376686 0.6835915119363395 0.49795291479820625 0.6825132625994695
1 1 0.7356951843501326 0.22962331838565023 0.7400623342175066 0.22930269058295966 0.7526511936339523 1 0.7551501684350133 1 0.7356951843501326
0 0.5 0.513262599469496 1 0.4986737400530504