1 0.6208920187793427 0.2611111111111111 0.7582159624413145 0.019444444444444445
1 0.11737089201877934 0.25972222222222224 0.2347417840375587 0.016666666666666666
1 0.24295774647887325 0.3888888888888889 0.028169014084507043 0.14027777777777778
1 0.11854460093896714 0.3277777777777778 0.23708920187793428 0.016666666666666666
1 0.023474178403755867 0.5131944444444444 0.046948356807511735 0.018055555555555554
1 0.18309859154929578 0.5131944444444444 0.15023474178403756 0.018055555555555554
1 0.323943661971831 0.5951388888888889 0.19483568075117372 0.0125
1 0.4084507042253521 0.6402777777777777 0.028169014084507043 0.08888888888888889
1 0.29460093896713613 0.6791666666666667 0.09154929577464789 0.011111111111111112
1 0.24295774647887325 0.6076388888888888 0.028169014084507043 0.022222222222222223
1 0.24530516431924881 0.6743055555555556 0.028169014084507043 0.04027777777777778
1 0.4166666666666667 0.3284722222222222 0.16901408450704225 0.019444444444444445
1 0.5915492957746479 0.3263888888888889 0.06338028169014084 0.022222222222222223
1 0.6091549295774648 0.3729166666666667 0.035211267605633804 0.08611111111111111
1 0.6360680751173708 0.3895138888888889 0.6343943661971831 0.41437500000000005 0.8463333333333334 0.41211388888888884 0.8450586854460094 0.3947875 0.6360680751173708 0.3895138888888889
1 0.7874906103286385 0.45543194444444446 0.7501431924882629 0.45543194444444446 0.7514154929577465 0.6727694444444444 0.7819929577464789 0.6727694444444444 0.7874906103286385 0.45543194444444446
1 1 0.4559838069444444 0.8552511737089201 0.45580833333333337 0.8565633802816902 0.47652500000000003 1 0.47652500000000003 1 0.4559838069444444
1 0.9415 0.2622 0.9051901408450704 0.26106944444444447 0.9000938967136151 0.41324444444444447 0.9385727699530516 0.41211388888888884 0.9421384976525822 0.4075944444444445 0.9415 0.2622
1 1 0.6652532097222222 0.7291854460093896 0.6667430555555556 0.7266384976525821 0.6878361111111111 0.9629741784037558 0.6859527777777779 0.9642488262910798 0.7432069444444445 0.7826971830985915 0.7443361111111112 0.77887558685446 0.7605333333333333 1 0.7598966777777778 1 0.6652532097222222
1 0.4897676056338028 0.6633527777777778 0.490406103286385 0.6855763888888889 0.67331220657277 0.6867055555555556 0.6738685446009389 0.6618458333333334 0.6585798122065728 0.6626 0.657943661971831 0.5608986111111111 0.699349765258216 0.5616513888888889 0.6980774647887323 0.5424416666666667 0.606981220657277 0.5424416666666667 0.606981220657277 0.6648597222222222 0.4897676056338028 0.6633527777777778
1 0 0.7615291694444445 0.771669014084507 0.759026388888889 0.7713333333333334 0.7458430555555555 0 0.7414693388888889 0 0.7615291694444445
0 0.5 0.5076388888888889 1 0.5208333333333334