1 0.4224261603375527 0.038875 0.5428902953586497 0.016675000000000006
1 0.16561181434599156 0.32238750000000005 0.029282700421940918 0.56635
1 0.16348101265822784 0.6936374999999999 0.024999999999999988 0.16840000000000002
1 0.35902953586497893 0.6058375 0.21259493670886073 0.015100000000000051
1 0.26542194092827004 0.6992 0.025400843881856552 0.1828125
1 0.30776371308016875 0.7810375 0.07799578059071732 0.015424999999999897
1 0.5150210970464135 0.780775 0.09672995780590722 0.01490000000000009
1 0.5487763713080169 0.74505 0.026518987341772198 0.06942499999999996
1 0.5475527426160338 0.6374875 0.02675105485232063 0.07997500000000002
1 0.6723628691983122 0.562675 0.019620253164556865 0.10387500000000002
1 0.7407805907172995 0.517625 0.13504219409282697 0.015349999999999966
1 0.7995991561181435 0.578125 0.017383966244725758 0.049200000000000015
1 0.6907383966244727 0.6054625 0.03364978902953596 0.015137500000000017
1 0.7916877637130801 0.6042000000000001 0.061729957805907155 0.01501249999999999
1 0.26647679324894513 0.512975 0.030042194092827025 0.08996250000000003
1 0.2640506329113924 0.4201375 0.03375527426160337 0.0334375
1 0.3344303797468355 0.41064999999999996 0.13160337552742615 0.01853750000000005
1 0.3939282700421941 0.2843275 0.36760970464135023 0.28500625 0.3595991561181434 0.39629375000000006 0.3973628691983122 0.397185 0.3939282700421941 0.2843275
1 0.7898607594936708 0.33487125 0.7898607594936708 0.31858875000000003 0.4597278481012658 0.31566125 0.4597278481012658 0.33554875 0.7898607594936708 0.33487125
1 0.4917679324894515 0.13493875 0.5426898734177216 0.13595625 0.5432616033755273 0.11390750000000001 0.46087130801687765 0.11424625000000001 0.4602995780590717 0.27957875 0.4917679324894515 0.27888 0.4917679324894515 0.13493875
1 0.7177700421940929 0.12985125 0.7171962025316456 0.11662125 0.6625569620253166 0.11418625 0.6616983122362868 0.13154625 0.7177700421940929 0.12985125
1 0.7807067510548523 0.17055625 0.8087426160337553 0.16920000000000002 0.8087426160337553 0.08032500000000001 0.7801350210970464 0.0796075 0.7807067510548523 0.17055625
1 0.3870632911392405 0.23331125 0.16621097046413502 0.23365124999999998 0.16449367088607594 0.25298625 0.39564556962025316 0.2557 0.3939282700421941 0.23521 0.3870632911392405 0.23331125
1 0.812746835443038 0.047308750000000004 0.9037194092827004 0.046968750000000004 0.9025759493670886 0.0262775 0.7812784810126583 0.0262775 0.7812784810126583 0.05816375 0.8118881856540084 0.05813875 0.812746835443038 0.047308750000000004
1 0.8928481012658227 0.200845 0.7784177215189874 0.200845 0.7807067510548523 0.34670875 0.812746835443038 0.348065 0.8098860759493671 0.22221625 0.8968544303797468 0.2215375 0.8985696202531646 0.31821375 0.9231729957805908 0.32024875 0.9208839662447258 0.041541249999999995 0.8951371308016878 0.04085 0.8928481012658227 0.200845
1 0.7744135021097046 0.38430625 0.6199303797468354 0.384645 0.6210738396624472 0.36259625 0.5918945147679324 0.36327375000000006 0.5918945147679324 0.4117825 0.7778459915611815 0.4117825 0.7755569620253164 0.47419875 0.8093143459915612 0.47385875 0.811029535864979 0.37646124999999997 0.7732679324894515 0.376165 0.7744135021097046 0.38430625
1 0.891132911392405 0.9255487499999999 0.7784177215189874 0.92487 0.7807067510548523 0.9431875 0.9266054852320675 0.9425087499999999 0.9208839662447258 0.32408625 0.9008586497890295 0.32426499999999997 0.891132911392405 0.9255487499999999
0 0.540464135021097 0.4852250000000001 0.7923206751054853 0.9203375