1 0.7340225563909775 0.026595744680851064 0.22556390977443608 0.014627659574468085
1 0.3674812030075188 0.026595744680851064 0.46616541353383456 0.015957446808510637
1 0.12687969924812031 0.06981382978723404 0.020676691729323307 0.1023936170212766
1 0.20488721804511278 0.12699468085106383 0.08082706766917293 0.014627659574468085
1 0.12593984962406016 0.28125 0.022556390977443608 0.2978723404255319
1 0.12687969924812031 0.5738031914893617 0.020676691729323307 0.25930851063829785
1 0.12593984962406016 0.8151595744680851 0.022556390977443608 0.16888297872340424
1 0.3543233082706767 0.5179521276595744 0.013157894736842105 0.027925531914893616
1 0.3533834586466165 0.6382978723404256 0.011278195488721804 0.15824468085106383
1 0.6146616541353384 0.7247340425531915 0.07706766917293233 0.015957446808510637
1 0.6569548872180451 0.6243351063829787 0.015037593984962405 0.18617021276595744
1 0.6118421052631579 0.5704787234042553 0.08458646616541353 0.007978723404255319
1 0.575187969924812 0.5498670212765957 0.015037593984962405 0.03590425531914894
1 0.5112781954887218 0.5365691489361702 0.12030075187969924 0.007978723404255319
1 0.8120300751879699 0.7240691489361702 0.03759398496240601 0.013297872340425532
1 0.8674812030075187 0.19414893617021275 0.020676691729323307 0.2845744680851064
1 0.8674812030075187 0.44148936170212766 0.022556390977443608 0.18351063829787234
1 0.8674812030075187 0.6309840425531915 0.022556390977443608 0.17154255319148937
1 0.8646616541353384 0.8151595744680851 0.022556390977443608 0.17154255319148937
1 0.7763157894736842 0.3470744680851064 0.15413533834586465 0.014627659574468085
1 0.5545112781954887 0.34574468085106386 0.06766917293233082 0.013297872340425532
1 0.5780075187969925 0.3025265957446808 0.016917293233082706 0.10106382978723404
1 0.5347744360902256 0.2599734042553192 0.17857142857142858 0.014627659574468085
1 0.45958646616541354 0.23404255319148937 0.020676691729323307 0.23537234042553193
1 0.48026315789473684 0.12367021276595745 0.06015037593984962 0.011968085106382979
1 0.5939849624060151 0.12300531914893617 0.06203007518796992 0.013297872340425532
1 0.6156015037593985 0.1675531914893617 0.018796992481203006 0.10106382978723404
1 0.36278195488721804 0.32845744680851063 0.020676691729323307 0.047872340425531915
1 0.2424812030075188 0.34773936170212766 0.26127819548872183 0.018617021276595744
1 0.3533834586466165 0.4175531914893617 0.020676691729323307 0.05851063829787234
1 0.3430451127819549 0.4401595744680851 0.045112781954887216 0.011968085106382979
1 0.20488721804511278 0.4401595744680851 0.12593984962406016 0.013297872340425532
1 0.6146616541353384 0.8956117021276596 0.5451127819548872 0.015957446808510637
1 0.806390977443609 0.535904255319149 0.05639097744360902 0.013297872340425532
1 0.6804511278195489 0.535904255319149 0.06578947368421052 0.014627659574468085
0 0.49624060150375937 0.456781914893617 0.7819548872180451 0.898936170212766