1 0.27544326241134753 0.06882205513784462 0.21235815602836877 0.014385964912280707
1 0.6211879432624113 0.06901002506265665 0.4391312056737588 0.014749373433583955
1 0.8484397163120567 0.10936090225563909 0.019485815602836895 0.09655388471177943
1 0.7748404255319149 0.16338345864661655 0.07540780141843967 0.013182957393483704
1 0.8493971631205673 0.30908521303258146 0.02154255319148932 0.28065162907268165
1 0.8486347517730496 0.5845739348370927 0.019999999999999952 0.24442355889724304
1 0.8496631205673758 0.812218045112782 0.022056737588652578 0.15927318295739337
1 0.6339716312056738 0.5316541353383458 0.01230496453900719 0.026503759398496213
1 0.635 0.6451754385964913 0.011276595744680875 0.14914786967418545
1 0.3885460992907801 0.7265413533834586 0.07232269503546103 0.014974937343358453
1 0.3483687943262411 0.6319172932330827 0.013865248226950342 0.17557644110275697
1 0.3910992907801419 0.581453634085213 0.08058510638297871 0.008032581453634046
1 0.4251950354609929 0.5619924812030076 0.013865248226950342 0.03424812030075193
1 0.48544326241134755 0.5491979949874687 0.11299645390070925 0.007882205513784416
1 0.2023758865248227 0.7262155388471178 0.03608156028368793 0.012907268170426008
1 0.1499468085106383 0.2267794486215539 0.019166666666666672 0.2678947368421053
1 0.1502304964539007 0.45977443609022556 0.02141843971631208 0.1732957393483709
1 0.15008865248226952 0.6382581453634085 0.021134751773049625 0.16210526315789475
1 0.15276595744680851 0.8118421052631579 0.02141843971631208 0.16139097744360897
1 0.23574468085106384 0.37087719298245614 0.14602836879432626 0.013195488721804477
1 0.4446631205673759 0.3694736842105263 0.06462765957446806 0.01245614035087726
1 0.4228900709219858 0.32894736842105265 0.015248226950354651 0.09506265664160403
1 0.4633687943262411 0.2889097744360902 0.16813829787234044 0.013984962406015069
1 0.5348758865248228 0.26469924812030077 0.018776595744680907 0.22210526315789478
1 0.5154255319148936 0.1606140350877193 0.057180851063829786 0.011591478696741854
1 0.4076418439716312 0.1598872180451128 0.05888297872340422 0.012706766917293217
1 0.3878368794326241 0.2018045112781955 0.018049645390070933 0.09498746867167922
1 0.6262234042553192 0.35348370927318296 0.019716312056737597 0.044498746867167906
1 0.7393439716312057 0.37164160401002505 0.24700354609929068 0.018120300751879745
1 0.6346808510638298 0.43715538847117796 0.019716312056737597 0.05507518796992487
1 0.6445390070921986 0.45868421052631575 0.04296099290780145 0.011528822055137902
1 0.7751595744680851 0.4588721804511278 0.11900709219858156 0.012644110275689263
1 0.38870567375886517 0.8878195488721805 0.513563829787234 0.01521303258145376
1 0.207677304964539 0.548609022556391 0.05312056737588652 0.012832080200501264
1 0.32664893617021273 0.5491102756892231 0.06161347517730496 0.013834586466165368
0 0.4997695035460993 0.4743233082706767 0.7382446808510639 0.8471804511278195