1 0.0263671875 0.2988980716253444 0.021484375 0.05922865013774105
1 0.2529296875 0.24104683195592286 0.4375 0.01652892561983471
1 0.6826171875 0.24173553719008264 0.380859375 0.015151515151515152
1 0.9560546875 0.24104683195592286 0.087890625 0.01652892561983471
1 0.6005859375 0.4084022038567493 0.041015625 0.009641873278236915
1 0.77734375 0.40771349862258954 0.232421875 0.008264462809917356
1 0.904296875 0.5991735537190083 0.0234375 0.05647382920110193
1 0.7568359375 0.6301652892561983 0.2734375 0.011019283746556474
1 0.677734375 0.5971074380165289 0.01171875 0.06198347107438017
1 0.6474609375 0.5702479338842975 0.052734375 0.011019283746556474
1 0.6279296875 0.5234159779614325 0.01171875 0.0881542699724518
1 0.9033203125 0.743801652892562 0.01953125 0.027548209366391185
1 0.1669921875 0.7844352617079889 0.333984375 0.015151515151515152
1 0.48828125 0.7844352617079889 0.26953125 0.01652892561983471
1 0.7666015625 0.7844352617079889 0.251953125 0.01652892561983471
1 0.955078125 0.7823691460055097 0.08984375 0.01652892561983471
1 0.349609375 0.7176308539944903 0.021484375 0.11294765840220386
1 0.34765625 0.5550964187327824 0.01953125 0.049586776859504134
1 0.2841796875 0.5723140495867769 0.1484375 0.012396694214876033
1 0.2216796875 0.540633608815427 0.021484375 0.13085399449035812
1 0.18359375 0.4855371900826446 0.345703125 0.015151515151515152
1 0.021484375 0.5006887052341598 0.017578125 0.0440771349862259
1 0.0205078125 0.5840220385674931 0.01953125 0.045454545454545456
1 0.0859375 0.599862258953168 0.1484375 0.013774104683195593
1 0.322265625 0.41460055096418735 0.0703125 0.015151515151515152
1 0.3505859375 0.32644628099173556 0.02734375 0.19146005509641872
1 0.453125 0.40771349862258954 0.0859375 0.015151515151515152
1 0.486328125 0.400137741046832 0.017578125 0.03305785123966942
1 0.486328125 0.2988980716253444 0.01953125 0.09228650137741047
1 0.626953125 0.7396694214876033 0.01953125 0.04132231404958678
1 0.626953125 0.6473829201101928 0.021484375 0.048209366391184574
0 0.5 0.512396694214876 1 0.5730027548209367