1 0.6038961038961039 0.16005291005291006 0.012987012987012988 0.08465608465608465
1 0.5162337662337663 0.20502645502645503 0.16233766233766234 0.026455026455026454
1 0.4050324675324675 0.20634920634920634 0.04383116883116883 0.021164021164021163
1 0.387987012987013 0.12962962962962962 0.012987012987012988 0.18253968253968253
1 0.4050324675324675 0.05026455026455026 0.045454545454545456 0.021164021164021163
1 0.5162337662337663 0.05291005291005291 0.1590909090909091 0.0291005291005291
1 0.6931818181818182 0.05423280423280423 0.17857142857142858 0.0291005291005291
1 0.7808441558441559 0.12566137566137567 0.012987012987012988 0.14285714285714285
1 0.8709415584415584 0.05291005291005291 0.16558441558441558 0.026455026455026454
1 0.9594155844155844 0.08862433862433862 0.017857142857142856 0.06084656084656084
1 0.9594155844155844 0.23015873015873015 0.017857142857142856 0.05291005291005291
1 0.872564935064935 0.2619047619047619 0.16396103896103897 0.023809523809523808
1 0.9594155844155844 0.28835978835978837 0.016233766233766232 0.05555555555555555
1 0.9577922077922078 0.4312169312169312 0.017857142857142856 0.06613756613756613
1 0.8709415584415584 0.4669312169312169 0.16396103896103897 0.0291005291005291
1 0.7808441558441559 0.3915343915343915 0.012987012987012988 0.15079365079365079
1 0.765422077922078 0.328042328042328 0.04707792207792208 0.023809523809523808
1 0.6923701298701299 0.4669312169312169 0.17857142857142858 0.026455026455026454
1 0.7102272727272727 0.39814814814814814 0.012987012987012988 0.1693121693121693
1 0.6347402597402597 0.328042328042328 0.07305194805194805 0.021164021164021163
1 0.5162337662337663 0.4669312169312169 0.16071428571428573 0.026455026455026454
1 0.4301948051948052 0.4365079365079365 0.016233766233766232 0.05291005291005291
1 0.4310064935064935 0.28835978835978837 0.017857142857142856 0.04497354497354497
1 0.9586038961038961 0.9444444444444444 0.016233766233766232 0.0582010582010582
1 0.8709415584415584 0.9761904761904762 0.16396103896103897 0.021164021164021163
1 0.7808441558441559 0.9007936507936508 0.011363636363636364 0.14814814814814814
1 0.765422077922078 0.8359788359788359 0.04383116883116883 0.015873015873015872
1 0.6923701298701299 0.9761904761904762 0.17532467532467533 0.023809523809523808
1 0.7102272727272727 0.9074074074074074 0.011363636363636364 0.164021164021164
1 0.6347402597402597 0.8359788359788359 0.07305194805194805 0.018518518518518517
1 0.6038961038961039 0.8756613756613757 0.011363636363636364 0.19576719576719576
1 0.5162337662337663 0.9761904761904762 0.1590909090909091 0.023809523809523808
1 0.42938311688311687 0.9470899470899471 0.01461038961038961 0.047619047619047616
1 0.4301948051948052 0.791005291005291 0.016233766233766232 0.05026455026455026
1 0.4050324675324675 0.716931216931217 0.045454545454545456 0.018518518518518517
1 0.3887987012987013 0.6362433862433863 0.012987012987012988 0.18253968253968253
1 0.40584415584415584 0.5555555555555556 0.045454545454545456 0.021164021164021163
1 0.515422077922078 0.5608465608465608 0.1590909090909091 0.026455026455026454
1 0.6038961038961039 0.6706349206349206 0.011363636363636364 0.082010582010582
1 0.5162337662337663 0.7129629629629629 0.1590909090909091 0.026455026455026454
1 0.6931818181818182 0.5621693121693122 0.17694805194805194 0.023809523809523808
1 0.7808441558441559 0.6349206349206349 0.011363636363636364 0.1402116402116402
1 0.8709415584415584 0.5621693121693122 0.16396103896103897 0.026455026455026454
1 0.9586038961038961 0.593915343915344 0.016233766233766232 0.05555555555555555
1 0.9586038961038961 0.7354497354497355 0.016233766233766232 0.05555555555555555
1 0.8717532467532467 0.7671957671957672 0.16396103896103897 0.023809523809523808
1 0.9594155844155844 0.7976190476190477 0.016233766233766232 0.06349206349206349
1 0.6030844155844156 0.36772486772486773 0.016233766233766232 0.20634920634920634
0 0.6972402597402597 0.25793650793650796 0.5551948051948052 0.4603174603174603
0 0.6737012987012987 0.7632275132275133 0.6022727272727273 0.46825396825396826