1 0.3941692307692307 0.8188 0.012046153846153866 0.07902500000000004
1 0.47675384615384614 0.77625 0.1531230769230769 0.0247999999999999
1 0.5825230769230769 0.774375 0.04187692307692312 0.019850000000000135
1 0.5983538461538461 0.8477 0.01216923076923072 0.17242500000000008
1 0.5820461538461538 0.92235 0.043815384615384645 0.01914999999999992
1 0.47663076923076925 0.9194 0.15141538461538456 0.027450000000000044
1 0.3088461538461538 0.9191750000000001 0.16856923076923075 0.02822499999999991
1 0.2260923076923077 0.851125 0.011800000000000024 0.13422499999999984
1 0.14100000000000001 0.91975 0.1571384615384615 0.0258250000000001
1 0.05666153846153846 0.8865500000000001 0.016923076923076923 0.056699999999999875
1 0.05703076923076923 0.752825 0.016184615384615377 0.04914999999999992
1 0.13918461538461538 0.72205 0.15567692307692307 0.022024999999999864
1 0.05726153846153846 0.69755 0.015938461538461537 0.05132499999999993
1 0.05818461538461538 0.56195 0.017046153846153843 0.06257500000000008
1 0.14046153846153847 0.5286 0.15530769230769234 0.02792500000000004
1 0.22615384615384615 0.60005 0.011923076923076923 0.14235
1 0.24075384615384618 0.6602750000000001 0.044061538461538444 0.021875
1 0.31012307692307695 0.5293249999999999 0.16893846153846154 0.025799999999999983
1 0.2930307692307692 0.59315 0.012784615384615387 0.159375
1 0.36460000000000004 0.6595 0.06973846153846155 0.02032499999999999
1 0.47693846153846153 0.528725 0.15201538461538452 0.02582499999999996
1 0.5586769230769231 0.557025 0.01533846153846158 0.04917500000000004
1 0.5580615384615385 0.6978749999999999 0.016307692307692342 0.04247500000000002
1 0.05747692307692308 0.077725 0.014753846153846159 0.05397499999999999
1 0.14061538461538461 0.0472 0.15484615384615388 0.020075000000000003
1 0.22623076923076924 0.11865000000000002 0.011430769230769241 0.13875
1 0.24113846153846155 0.17989999999999998 0.04123076923076925 0.014774999999999991
1 0.3102153846153846 0.04745 0.16675384615384614 0.02205
1 0.29326153846153846 0.11227499999999999 0.011353846153846147 0.154125
1 0.36478461538461543 0.18 0.06876923076923079 0.01719999999999999
1 0.39386153846153843 0.14282499999999998 0.010753846153846168 0.18625
1 0.4773076923076923 0.04735 0.15107692307692314 0.022550000000000004
1 0.5593846153846154 0.074425 0.013692307692307658 0.045200000000000004
1 0.5581846153846154 0.2225 0.01579999999999997 0.04789999999999999
1 0.5822923076923077 0.292425 0.04370769230769226 0.017550000000000024
1 0.5976769230769231 0.369175 0.011738461538461531 0.17252499999999998
1 0.5813538461538461 0.4445 0.04318461538461546 0.020374999999999942
1 0.47783076923076917 0.440525 0.15069230769230776 0.024525000000000005
1 0.3941846153846154 0.3361 0.011153846153846153 0.07802499999999998
1 0.4770923076923077 0.29664999999999997 0.15129230769230775 0.025549999999999996
1 0.30924615384615384 0.438925 0.1681076923076923 0.023675000000000068
1 0.22592307692307692 0.3701 0.01093846153846156 0.13200000000000003
1 0.14052307692307692 0.4391 0.15610769230769228 0.025024999999999978
1 0.05773846153846154 0.4086 0.015769230769230768 0.053199999999999935
1 0.05740000000000001 0.27449999999999997 0.015138461538461543 0.05149999999999998
1 0.14035384615384616 0.2445 0.15580000000000002 0.023275000000000004
1 0.056984615384615384 0.21614999999999998 0.015553846153846152 0.059200000000000016
1 0.3943538461538461 0.623125 0.016061538461538502 0.1944
0 0.30553846153846154 0.72565 0.5260307692307693 0.4351749999999999
0 0.3278 0.24855000000000005 0.570123076923077 0.4416