1 0.369281045751634 0.8470744680851063 0.013071895424836602 0.0851063829787234
1 0.45751633986928103 0.8018617021276596 0.16339869281045752 0.026595744680851064
1 0.5694444444444444 0.800531914893617 0.04411764705882353 0.02127659574468085
1 0.5866013071895425 0.8776595744680851 0.013071895424836602 0.18351063829787234
1 0.5694444444444444 0.9574468085106383 0.0457516339869281 0.02127659574468085
1 0.45751633986928103 0.9547872340425532 0.16013071895424835 0.02925531914893617
1 0.2785947712418301 0.9534574468085106 0.17973856209150327 0.02925531914893617
1 0.19117647058823528 0.8816489361702128 0.013071895424836602 0.14361702127659576
1 0.10049019607843138 0.9547872340425532 0.16666666666666666 0.026595744680851064
1 0.011437908496732025 0.9188829787234043 0.017973856209150325 0.061170212765957445
1 0.011437908496732025 0.776595744680851 0.017973856209150325 0.05319148936170213
1 0.0988562091503268 0.7446808510638298 0.1650326797385621 0.023936170212765957
1 0.011437908496732025 0.7180851063829787 0.016339869281045753 0.05585106382978723
1 0.013071895424836602 0.574468085106383 0.017973856209150325 0.06648936170212766
1 0.10049019607843138 0.538563829787234 0.1650326797385621 0.02925531914893617
1 0.19117647058823528 0.6143617021276596 0.013071895424836602 0.15159574468085107
1 0.20669934640522875 0.6781914893617021 0.04738562091503268 0.023936170212765957
1 0.28022875816993464 0.538563829787234 0.17973856209150327 0.026595744680851064
1 0.2622549019607843 0.6077127659574468 0.013071895424836602 0.1702127659574468
1 0.3382352941176471 0.6781914893617021 0.07352941176470588 0.02127659574468085
1 0.45751633986928103 0.538563829787234 0.16176470588235295 0.026595744680851064
1 0.5441176470588235 0.5691489361702128 0.016339869281045753 0.05319148936170213
1 0.5433006535947712 0.7180851063829787 0.017973856209150325 0.04521276595744681
1 0.012254901960784314 0.05851063829787234 0.016339869281045753 0.05851063829787234
1 0.10049019607843138 0.026595744680851064 0.1650326797385621 0.02127659574468085
1 0.19117647058823528 0.1023936170212766 0.011437908496732025 0.14893617021276595
1 0.20669934640522875 0.1675531914893617 0.04411764705882353 0.015957446808510637
1 0.28022875816993464 0.026595744680851064 0.17647058823529413 0.023936170212765957
1 0.2622549019607843 0.09574468085106383 0.011437908496732025 0.16489361702127658
1 0.3382352941176471 0.1675531914893617 0.07352941176470588 0.018617021276595744
1 0.369281045751634 0.1276595744680851 0.011437908496732025 0.19680851063829788
1 0.45751633986928103 0.026595744680851064 0.16013071895424835 0.023936170212765957
1 0.5449346405228758 0.05585106382978723 0.014705882352941176 0.047872340425531915
1 0.5441176470588235 0.2127659574468085 0.016339869281045753 0.05053191489361702
1 0.5694444444444444 0.2872340425531915 0.0457516339869281 0.018617021276595744
1 0.5857843137254902 0.3683510638297872 0.013071895424836602 0.18351063829787234
1 0.5686274509803921 0.449468085106383 0.0457516339869281 0.02127659574468085
1 0.4583333333333333 0.4441489361702128 0.16013071895424835 0.026595744680851064
1 0.369281045751634 0.3337765957446808 0.011437908496732025 0.08244680851063829
1 0.45751633986928103 0.2912234042553192 0.16013071895424835 0.026595744680851064
1 0.27941176470588236 0.4428191489361702 0.1781045751633987 0.023936170212765957
1 0.19117647058823528 0.3696808510638298 0.011437908496732025 0.14095744680851063
1 0.10049019607843138 0.4428191489361702 0.1650326797385621 0.026595744680851064
1 0.012254901960784314 0.4109042553191489 0.016339869281045753 0.05585106382978723
1 0.012254901960784314 0.26861702127659576 0.016339869281045753 0.05585106382978723
1 0.09967320261437909 0.23670212765957446 0.1650326797385621 0.023936170212765957
1 0.011437908496732025 0.20611702127659576 0.016339869281045753 0.06382978723404255
1 0.3700980392156863 0.6382978723404256 0.016339869281045753 0.2074468085106383
0 0.2769607843137255 0.7473404255319149 0.553921568627451 0.4627659574468085
0 0.3006535947712418 0.2393617021276596 0.6013071895424836 0.46808510638297873