1 0.2213840155945419 0.03134375 0.2693372319688108 0.01732291666666667
1 0.5249707602339181 0.031489583333333335 0.09068226120857696 0.018197916666666668
1 0.7358674463937622 0.03227083333333334 0.22093567251461996 0.018000000000000006
1 0.6900779727095516 0.09972916666666665 0.0263742690058479 0.1309270833333333
1 0.7266666666666666 0.15782291666666665 0.06376218323586752 0.013208333333333341
1 0.8531189083820663 0.1330625 0.037037037037037035 0.08706250000000001
1 0.5803313840155945 0.128125 0.21768031189083817 0.012312499999999994
1 0.46553606237816764 0.058708333333333335 0.021676413255360634 0.027458333333333324
1 0.46571150097465885 0.19145833333333334 0.024210526315789505 0.1661041666666667
1 0.8533918128654971 0.25977083333333334 0.036335282651072096 0.032552083333333336
1 0.8545224171539961 0.3642083333333333 0.0374853801169591 0.1463958333333333
1 0.8543469785575049 0.48876041666666664 0.030214424951267055 0.017854166666666654
1 0.8548148148148148 0.5741354166666667 0.03116959064327487 0.11747916666666663
1 0.5680896686159844 0.6228125 0.20497076023391808 0.016812500000000105
1 0.46980506822612084 0.5942604166666666 0.03212475633528269 0.15983333333333338
1 0.46606237816764134 0.37078125 0.02729044834307992 0.057156250000000006
1 0.6570955165692007 0.35537500000000005 0.381130604288499 0.01502083333333329
1 0.07744639376218324 0.08153125 0.034424951267056525 0.07466666666666667
1 0.07888888888888888 0.23139583333333333 0.031559454191033134 0.08696875000000001
1 0.22471734892787523 0.2843958333333333 0.2730019493177388 0.016677083333333325
1 0.15742690058479533 0.31667708333333333 0.03656920077972708 0.06052083333333336
1 0.1575438596491228 0.41540625000000003 0.03682261208576995 0.04031250000000005
1 0.15777777777777777 0.49391666666666667 0.028693957115009744 0.024093749999999994
1 0.10541910331384015 0.49966666666666665 0.15060428849902538 0.017197916666666656
1 0.07865497076023392 0.5949479166666667 0.03538011695906432 0.15795833333333337
1 0.1472514619883041 0.6872395833333333 0.1267056530214425 0.019906249999999896
1 0.331812865497076 0.6864375 0.0683625730994152 0.018239583333333323
1 0.3205847953216374 0.63125 0.03442495126705658 0.1010104166666667
0 0.5028654970760235 0.3589583333333334 0.9042495126705653 0.68803125