1 0.21862745098039216 0.9716981132075472 0.27058823529411763 0.01781970649895178
1 0.5245098039215687 0.9716981132075472 0.09215686274509804 0.01781970649895178
1 0.7362745098039216 0.9706498951781971 0.22156862745098038 0.01781970649895178
1 0.6901960784313725 0.9030398322851153 0.027450980392156862 0.1320754716981132
1 0.7274509803921568 0.8443396226415094 0.06470588235294118 0.013626834381551363
1 0.8539215686274509 0.8694968553459119 0.03725490196078431 0.0880503144654088
1 0.5794117647058824 0.8742138364779874 0.2196078431372549 0.012578616352201259
1 0.4647058823529412 0.9439203354297694 0.021568627450980392 0.027253668763102725
1 0.4647058823529412 0.810272536687631 0.023529411764705882 0.16666666666666666
1 0.8549019607843137 0.7416142557651991 0.03725490196078431 0.03249475890985325
1 0.8558823529411764 0.6367924528301887 0.03725490196078431 0.14779874213836477
1 0.8558823529411764 0.5115303983228512 0.03137254901960784 0.01781970649895178
1 0.8558823529411764 0.42557651991614254 0.03137254901960784 0.11844863731656184
1 0.5676470588235294 0.37631027253668764 0.20588235294117646 0.016771488469601678
1 0.46862745098039216 0.4051362683438155 0.03137254901960784 0.16037735849056603
1 0.4647058823529412 0.629979035639413 0.027450980392156862 0.057651991614255764
1 0.6568627450980392 0.6457023060796646 0.3843137254901961 0.014675052410901468
1 0.07352941176470588 0.9208595387840671 0.03529411764705882 0.07547169811320754
1 0.07549019607843137 0.7704402515723271 0.03137254901960784 0.0870020964360587
1 0.22254901960784312 0.7169811320754716 0.27450980392156865 0.016771488469601678
1 0.15490196078431373 0.6844863731656184 0.03725490196078431 0.06079664570230608
1 0.15490196078431373 0.5849056603773585 0.03725490196078431 0.040880503144654086
1 0.15490196078431373 0.5062893081761006 0.029411764705882353 0.02410901467505241
1 0.10196078431372549 0.500524109014675 0.15098039215686274 0.01781970649895178
1 0.07549019607843137 0.40461215932914046 0.03529411764705882 0.15932914046121593
1 0.14411764705882352 0.3113207547169811 0.12745098039215685 0.019916142557651992
1 0.32941176470588235 0.31236897274633124 0.06862745098039216 0.018867924528301886
1 0.31862745098039214 0.36792452830188677 0.03529411764705882 0.10167714884696016
0 0.5019607843137255 0.6420335429769392 0.9098039215686274 0.6928721174004193