1 0.32872340425531915 0.0632118451025057 0.027659574468085105 0.1264236902050114
1 0.2872340425531915 0.11902050113895217 0.07021276595744681 0.014806378132118452
1 0.15 0.09168564920273349 0.04042553191489362 0.09567198177676538
1 0.4478723404255319 0.08656036446469248 0.23829787234042554 0.01366742596810934
1 0.573404255319149 0.012528473804100227 0.023404255319148935 0.025056947608200455
1 0.5723404255319149 0.1560364464692483 0.02553191489361702 0.18109339407744876
1 0.14893617021276595 0.2306378132118451 0.04042553191489362 0.03530751708428246
1 0.1478723404255319 0.3445330296127563 0.04042553191489362 0.16059225512528474
1 0.1478723404255319 0.4806378132118451 0.03404255319148936 0.0193621867881549
1 0.1478723404255319 0.5740318906605922 0.03404255319148936 0.12870159453302962
1 0.46063829787234045 0.6275626423690205 0.22340425531914893 0.018223234624145785
1 0.5680851063829787 0.5962414578587699 0.03404255319148936 0.17425968109339407
1 0.5723404255319149 0.35193621867881547 0.029787234042553193 0.06264236902050115
1 0.3638297872340426 0.3348519362186788 0.41702127659574467 0.015945330296127564
1 0.9893617021276596 0.038154897494305236 0.02127659574468085 0.07630979498861047
1 0.9893617021276596 0.19874715261958997 0.02127659574468085 0.09453302961275627
1 0.8351063829787234 0.25740318906605925 0.2978723404255319 0.018223234624145785
1 0.9085106382978724 0.29271070615034167 0.04042553191489362 0.06605922551252848
1 0.9085106382978724 0.4009111617312073 0.04042553191489362 0.04441913439635535
1 0.9085106382978724 0.4863325740318907 0.031914893617021274 0.02619589977220957
1 0.9425531914893617 0.4920273348519362 0.1148936170212766 0.018223234624145785
1 0.9882978723404255 0.5962414578587699 0.023404255319148935 0.17198177676537585
1 0.9202127659574468 0.6981776765375854 0.13829787234042554 0.02164009111617312
1 0.7191489361702128 0.6970387243735763 0.07446808510638298 0.02050113895216401
1 0.7308510638297873 0.6366742596810934 0.03829787234042553 0.11047835990888383
0 0.5202127659574468 0.3570615034168565 0.9595744680851064 0.714123006833713