1 0.9327731092436975 0.2821739130434783 0.13445378151260504 0.014782608695652174
1 0.8214285714285714 0.7439130434782608 0.35714285714285715 0.014782608695652174
1 0.6183473389355743 0.6260869565217392 0.025210084033613446 0.21565217391304348
1 0.32212885154061627 0.7447826086956522 0.5896358543417367 0.014782608695652174
1 0.0063025210084033615 0.7226086956521739 0.012605042016806723 0.02434782608695652
1 0.0056022408963585435 0.6026086956521739 0.011204481792717087 0.04
1 0.012605042016806723 0.3334782608695652 0.025210084033613446 0.07043478260869565
1 0.0063025210084033615 0.4926086956521739 0.012605042016806723 0.026956521739130435
1 0.19117647058823528 0.47739130434782606 0.35014005602240894 0.017391304347826087
1 0.3914565826330532 0.4934782608695652 0.025210084033613446 0.03130434782608696
1 0.46008403361344535 0.3917391304347826 0.15826330532212884 0.01565217391304348
1 0.5714285714285714 0.5013043478260869 0.08823529411764706 0.014782608695652174
1 0.5497198879551821 0.4043478260869565 0.06022408963585434 0.014782608695652174
1 0.530812324929972 0.34391304347826085 0.022408963585434174 0.13478260869565217
1 0.3907563025210084 0.31173913043478263 0.022408963585434174 0.04173913043478261
1 0.6225490196078431 0.2826086956521739 0.43137254901960786 0.01565217391304348
1 0.8109243697478992 0.4043478260869565 0.07983193277310924 0.01217391304347826
1 0.6750700280112045 0.34304347826086956 0.022408963585434174 0.13652173913043478
1 0.8725490196078431 0.5021739130434782 0.2549019607843137 0.01652173913043478
1 0.19327731092436976 0.28347826086956524 0.36554621848739494 0.01565217391304348
1 0.8389355742296919 0.35695652173913045 0.023809523809523808 0.13304347826086957
0 0.5 0.5152173913043478 1 0.4930434782608696