1 0.8471810089020771 0.7541512915129152 0.3056379821958457 0.015682656826568265
1 0.6683976261127597 0.6291512915129152 0.026706231454005934 0.22878228782287824
1 0.3545994065281899 0.7550738007380073 0.6246290801186943 0.015682656826568265
1 0.01483679525222552 0.7320110701107011 0.025222551928783383 0.025830258302583026
1 0.014094955489614243 0.6042435424354243 0.02373887240356083 0.042435424354243544
1 0.021513353115727003 0.3187269372693727 0.03857566765578635 0.07472324723247233
1 0.01483679525222552 0.4875461254612546 0.02373887240356083 0.02859778597785978
1 0.2158753709198813 0.4714022140221402 0.37091988130563797 0.01845018450184502
1 0.4280415430267062 0.4884686346863469 0.026706231454005934 0.033210332103321034
1 0.5007418397626113 0.3805350553505535 0.16765578635014836 0.016605166051660517
1 0.6186943620178041 0.49677121771217714 0.09347181008902077 0.015682656826568265
1 0.5956973293768546 0.39391143911439114 0.06379821958456973 0.015682656826568265
1 0.5756676557863502 0.3297970479704797 0.02373887240356083 0.1429889298892989
1 0.42729970326409494 0.29566420664206644 0.02373887240356083 0.04428044280442804
1 0.6728486646884273 0.26476014760147604 0.456973293768546 0.016605166051660517
1 0.8724035608308606 0.39391143911439114 0.08456973293768547 0.012915129151291513
1 0.728486646884273 0.32887453874538747 0.02373887240356083 0.1448339483394834
1 0.9013353115727003 0.4976937269372694 0.19732937685459942 0.017527675276752766
1 0.21810089020771514 0.2656826568265683 0.38724035608308605 0.016605166051660517
1 0.9020771513353115 0.34363468634686345 0.025222551928783383 0.1411439114391144
0 0.5 0.5115313653136532 1 0.5230627306273062