1 0.15104311543810847 0.1698703543647364 0.023421418636995834 0.20925669835782199
1 0.33251738525730185 0.05030250648228177 0.3333101529902643 0.01624027657735522
1 0.7027260083449235 0.049420916162489205 0.34634214186369955 0.013941227312013832
1 0.8905702364394994 0.10485738980121002 0.02223922114047289 0.07783059636992222
1 0.6271070931849791 0.09995678478824546 0.02268428372739909 0.11666378565254966
1 0.7913351877607789 0.1512618841832325 0.1643810848400557 0.014788245462402778
1 0.8902781641168289 0.2815816767502161 0.023421418636995713 0.25995678478824547
1 0.7009874826147426 0.427199654278306 0.3444784422809459 0.015168539325842657
1 0.8907232267037551 0.6102160760587727 0.024311543810848425 0.36407087294727747
1 0.8560083449235049 0.8080985306828004 0.03913769123783046 0.014537597234226393
1 0.663240611961057 0.8085133967156439 0.06358831710709323 0.01370786516853924
1 0.8901668984700973 0.8842350907519446 0.02208623087621712 0.15004321521175445
1 0.8100556328233657 0.9757216940363008 0.13191933240611947 0.015358686257562646
1 0.4971488178025035 0.9716421780466725 0.059582753824756654 0.023094209161624718
1 0.30265646731571627 0.9716335350043216 0.2766342141863699 0.024736387208297225
1 0.15785813630041726 0.8835350043215212 0.03468706536856745 0.15034572169403623
1 0.233240611961057 0.8042610198789973 0.11250347705146034 0.022152117545376066
1 0.48777468706536853 0.8082022471910113 0.04258692628650905 0.014140017286084616
1 0.46308762169680107 0.6909766637856526 0.027746870653685737 0.21640449438202256
1 0.4886509040333797 0.5675626620570441 0.04956884561891514 0.015652549697493433
1 0.3264394993045897 0.5249265341400173 0.024603616133518774 0.09767502160760587
1 0.5013908205841446 0.45631806395851343 0.023379694019471414 0.05464995678478826
1 0.34616133518776077 0.4698962834917891 0.023212795549374166 0.03757130509939501
1 0.2498191933240612 0.4812791702679343 0.21553546592489572 0.01349178910976655
1 0.19789986091794157 0.5676318063958513 0.06700973574408903 0.01387208297320653
1 0.15165507649513213 0.42495246326707004 0.025479833101529892 0.2662834917891098
1 0.3462447844228094 0.30864304235090756 0.01954102920723228 0.048876404494381985
1 0.24842837273991655 0.39224719101123595 0.21831710709318503 0.013846153846153831
1 0.503643949930459 0.2507173725151253 0.026773296244784424 0.19583405358686262
1 0.6121696801112656 0.1514779602420052 0.05401947148817807 0.013889369057908378
1 0.15265646731571628 0.689533275713051 0.025020862308762184 0.22544511668107167
1 0.2706815020862309 0.2911322385479689 0.2125591098748262 0.014364736387208301
0 0.5238386648122392 0.5133362143474502 0.7889847009735743 0.9569576490924806