1 0.07307065217391305 0.10010050251256282 0.022051630434782615 0.06227386934673366
1 0.19824728260869565 0.06292713567839196 0.23436141304347827 0.020816582914572855
1 0.3222554347826087 0.22045226130653264 0.021644021739130444 0.3037562814070352
1 0.4289809782608696 0.3778391959798995 0.2028532608695652 0.022160804020100486
1 0.6166304347826087 0.2196859296482412 0.0215081521739131 0.30272613065326637
1 0.3860326086956522 0.06300251256281407 0.11544836956521742 0.020841708542713572
1 0.5812228260869565 0.06268844221105528 0.055570652173913014 0.022499999999999996
1 0.6783967391304347 0.06261306532663317 0.10862771739130433 0.020201005025125625
1 0.8968342391304348 0.06223618090452261 0.10794836956521746 0.020967336683417083
1 0.9576902173913043 0.12922110552763819 0.022051630434782633 0.12051507537688441
1 0.957554347826087 0.33145728643216077 0.02260869565217405 0.07835427135678392
1 0.8261956521739131 0.3782412060301507 0.2467391304347825 0.02048994974874365
1 0.9578532608695652 0.39679648241206034 0.021508152173912946 0.02624371859296481
1 0.9582472826086956 0.4755527638190955 0.022336956521739205 0.05451005025125626
1 0.8567798913043478 0.47548994974874376 0.18831521739130422 0.012311557788944667
1 0.7595244565217392 0.5102763819095477 0.014470108695652297 0.14613065326633173
1 0.8844972826086956 0.5727261306532663 0.13123641304347816 0.021733668341708486
1 0.9578396739130435 0.5539824120603015 0.02480978260869564 0.027085427135678325
1 0.957554347826087 0.6180653266331658 0.02426630434782595 0.07952261306532657
1 0.9582472826086956 0.799711055276382 0.023165760869565157 0.07875628140703525
1 0.907241847826087 0.8446482412060302 0.08657608695652177 0.021017587939698514
1 0.7121739130434782 0.8450879396984925 0.08437499999999995 0.021130653266331578
1 0.6620652173913043 0.7613442211055276 0.023301630434782578 0.15399497487437178
1 0.6622010869565217 0.6260050251256282 0.021372282608695677 0.09276381909547743
1 0.47475543478260873 0.6795351758793969 0.1328940217391305 0.02214824120603029
1 0.2728804347826087 0.6794346733668343 0.08419836956521735 0.021005025125628175
1 0.32251358695652177 0.6985175879396984 0.022146739130434797 0.025402010050251292
1 0.4348505434782609 0.8457286432160804 0.21336956521739125 0.020615577889447338
1 0.12224184782608695 0.6799874371859296 0.08461956521739131 0.020841708542713465
1 0.07322010869565218 0.6453768844221106 0.02076086956521739 0.05663316582914571
1 0.07327445652173913 0.522964824120603 0.021413043478260875 0.06461055276381904
1 0.16449728260869564 0.4967964824120603 0.16692934782608698 0.011243718592964882
1 0.17786684782608694 0.3810050251256281 0.0332608695652174 0.012587939698492439
1 0.1869157608695652 0.43948492462311556 0.014429347826086963 0.11120603015075374
1 0.07395380434782609 0.4180653266331658 0.021684782608695642 0.06736180904522614
1 0.07354619565217392 0.30165829145728645 0.021413043478260875 0.13983668341708538
1 0.3220788043478261 0.5819723618090452 0.0237364130434783 0.1831658291457286
0 0.514266304347826 0.4542462311557788 0.9260054347826087 0.8168969849246231