1 0.9387464387464387 0.06398416886543536 0.022792022792022793 0.06596306068601583
1 0.8076923076923077 0.025065963060686015 0.245014245014245 0.022427440633245383
1 0.6780626780626781 0.19063324538258575 0.022792022792022793 0.31926121372031663
1 0.5662393162393162 0.3562005277044855 0.21225071225071226 0.023746701846965697
1 0.36894586894586895 0.18997361477572558 0.022792022792022793 0.3179419525065963
1 0.6111111111111112 0.025065963060686015 0.12108262108262108 0.022427440633245383
1 0.405982905982906 0.025065963060686015 0.0584045584045584 0.023746701846965697
1 0.3041310541310541 0.025065963060686015 0.11396011396011396 0.021108179419525065
1 0.0754985754985755 0.024406332453825858 0.11253561253561253 0.022427440633245383
1 0.011396011396011397 0.09498680738786279 0.022792022792022793 0.1266490765171504
1 0.012108262108262107 0.30672823218997364 0.024216524216524215 0.08311345646437995
1 0.14957264957264957 0.3562005277044855 0.25925925925925924 0.021108179419525065
1 0.011396011396011397 0.3759894459102902 0.022792022792022793 0.027704485488126648
1 0.011396011396011397 0.4577836411609499 0.022792022792022793 0.05804749340369393
1 0.11752136752136752 0.45844327176781 0.198005698005698 0.013192612137203167
1 0.21937321937321938 0.4947229551451187 0.01566951566951567 0.15303430079155672
1 0.08831908831908832 0.5606860158311345 0.13817663817663817 0.022427440633245383
1 0.01282051282051282 0.5402374670184696 0.02564102564102564 0.027704485488126648
1 0.01282051282051282 0.6075197889182058 0.02564102564102564 0.08311345646437995
1 0.012108262108262107 0.7981530343007915 0.024216524216524215 0.08179419525065963
1 0.06481481481481481 0.8463060686015831 0.09116809116809117 0.022427440633245383
1 0.2692307692307692 0.8463060686015831 0.08831908831908832 0.022427440633245383
1 0.3212250712250712 0.758575197889182 0.024216524216524215 0.16226912928759896
1 0.3212250712250712 0.616754617414248 0.022792022792022793 0.09762532981530343
1 0.5178062678062678 0.6728232189973615 0.1396011396011396 0.023746701846965697
1 0.7293447293447294 0.6728232189973615 0.08831908831908832 0.022427440633245383
1 0.6773504273504274 0.6926121372031663 0.022792022792022793 0.026385224274406333
1 0.5598290598290598 0.8469656992084432 0.22364672364672364 0.021108179419525065
1 0.8874643874643875 0.6734828496042217 0.08831908831908832 0.022427440633245383
1 0.9387464387464387 0.6365435356200527 0.021367521367521368 0.059366754617414245
1 0.9387464387464387 0.508575197889182 0.022792022792022793 0.06728232189973615
1 0.8433048433048433 0.4808707124010554 0.1752136752136752 0.011873350923482849
1 0.8290598290598291 0.35949868073878627 0.03418803418803419 0.013192612137203167
1 0.8198005698005698 0.420844327176781 0.01566951566951567 0.11741424802110818
1 0.938034188034188 0.39841688654353563 0.022792022792022793 0.0712401055408971
1 0.9387464387464387 0.2757255936675462 0.022792022792022793 0.14643799472295516
1 0.6780626780626781 0.5699208443271768 0.024216524216524215 0.19261213720316622
0 0.48148148148148145 0.43535620052770446 0.9629629629629629 0.8575197889182058