1 0.9378531073446328 0.8988250652741514 0.022598870056497175 0.06527415143603134
1 0.807909604519774 0.9373368146214099 0.24293785310734464 0.022193211488250653
1 0.6793785310734464 0.7734986945169713 0.022598870056497175 0.31592689295039167
1 0.568502824858757 0.6096605744125326 0.21045197740112995 0.02349869451697128
1 0.3728813559322034 0.7741514360313316 0.022598870056497175 0.31462140992167104
1 0.6129943502824858 0.9373368146214099 0.12005649717514125 0.022193211488250653
1 0.4096045197740113 0.9373368146214099 0.05790960451977401 0.02349869451697128
1 0.3086158192090395 0.9373368146214099 0.11299435028248588 0.020887728459530026
1 0.08192090395480225 0.9379895561357703 0.1115819209039548 0.022193211488250653
1 0.018361581920903956 0.8681462140992167 0.022598870056497175 0.12532637075718014
1 0.018361581920903956 0.6579634464751958 0.02401129943502825 0.08093994778067885
1 0.1553672316384181 0.6096605744125326 0.2570621468926554 0.020887728459530026
1 0.018361581920903956 0.5900783289817232 0.022598870056497175 0.02741514360313316
1 0.01765536723163842 0.508485639686684 0.022598870056497175 0.05613577023498695
1 0.12358757062146893 0.508485639686684 0.1963276836158192 0.013054830287206266
1 0.2245762711864407 0.4725848563968668 0.015536723163841809 0.1514360313315927
1 0.09463276836158192 0.4073107049608355 0.1370056497175141 0.022193211488250653
1 0.018361581920903956 0.42689295039164493 0.025423728813559324 0.028720626631853787
1 0.018361581920903956 0.360313315926893 0.025423728813559324 0.08224543080939947
1 0.01765536723163842 0.1716710182767624 0.02401129943502825 0.08224543080939947
1 0.0713276836158192 0.12467362924281984 0.0903954802259887 0.022193211488250653
1 0.2740112994350282 0.12467362924281984 0.08757062146892655 0.022193211488250653
1 0.3255649717514124 0.21148825065274152 0.02401129943502825 0.16057441253263707
1 0.3255649717514124 0.3518276762402089 0.022598870056497175 0.09660574412532637
1 0.5204802259887006 0.2963446475195822 0.1384180790960452 0.02349869451697128
1 0.730225988700565 0.2963446475195822 0.08757062146892655 0.022193211488250653
1 0.6786723163841808 0.27676240208877284 0.022598870056497175 0.02610966057441253
1 0.5621468926553672 0.12402088772845953 0.22175141242937854 0.020887728459530026
1 0.8870056497175142 0.29569190600522194 0.08757062146892655 0.022193211488250653
1 0.9378531073446328 0.3322454308093995 0.0211864406779661 0.0587467362924282
1 0.9378531073446328 0.45887728459530025 0.022598870056497175 0.06657963446475196
1 0.8432203389830508 0.48629242819843344 0.17372881355932204 0.01174934725848564
1 0.8290960451977402 0.606396866840731 0.03389830508474576 0.013054830287206266
1 0.8199152542372882 0.5456919060052219 0.015536723163841809 0.11618798955613577
1 0.9371468926553672 0.5678851174934726 0.022598870056497175 0.07049608355091384
1 0.9378531073446328 0.6892950391644909 0.022598870056497175 0.14490861618798956
1 0.6793785310734464 0.3981723237597911 0.02401129943502825 0.1906005221932115
0 0.4809322033898305 0.5313315926892951 0.961864406779661 0.8485639686684073