1 0.6567798913043478 0.1188599348534202 0.3278668478260869 0.011872964169381094
1 0.8427717391304348 0.23574104234527687 0.020217391304347975 0.22250814332247557
1 0.8420788043478261 0.4879234527687296 0.018845108695652025 0.24599348534201948
1 0.4884782608695652 0.20581433224755702 0.013328804347826012 0.16430781758957652
1 0.6743478260869564 0.3624918566775244 0.3189130434782608 0.007524429967426718
1 0.18408967391304348 0.11958469055374592 0.1 0.012744299674267082
1 0.4180570652173913 0.11844462540716612 0.08762228260869566 0.011384364820846921
1 0.11464673913043477 0.20393322475570033 0.021711956521739118 0.16146579804560257
1 0.1138179347826087 0.4002524429967427 0.02154891304347824 0.19638436482084692
1 0.24570652173913043 0.5106433224755701 0.23953804347826088 0.006245928338762274
1 0.21214673913043477 0.3627035830618892 0.17914402173913047 0.00583876221498368
1 0.3847826086956522 0.41070032573289905 0.009877717391304323 0.1026384364820847
1 0.2976766304347826 0.29938110749185665 0.21551630434782607 0.005936482084690524
1 0.2948641304347826 0.33048045602605863 0.011902173913043466 0.058444625407166106
1 0.11460597826086956 0.5866205211726384 0.023125000000000014 0.1452931596091206
1 0.3838858695652174 0.6117100977198696 0.010774456521739062 0.10828175895765474
1 0.19866847826086956 0.6743322475570033 0.15085597826086958 0.006677524429967463
1 0.11471467391304349 0.7493973941368078 0.023342391304347836 0.1471172638436483
1 0.2479483695652174 0.8280293159609121 0.23459239130434778 0.013021172638436489
1 0.5193614130434783 0.8279315960912053 0.26557065217391307 0.012752442996742644
1 0.6735869565217392 0.6974104234527687 0.020434782608695603 0.02296416938110753
1 0.6029347826086956 0.6260179153094463 0.07779891304347825 0.00899837133550485
1 0.8069972826086957 0.6264087947882736 0.056073369565217364 0.007451140065146654
1 0.4875407608695652 0.5104560260586319 0.012323369565217459 0.19986156351791537
0 0.4826766304347826 0.47396579804560257 0.7810326086956524 0.7364739413680781