1 0.6540055248618785 0.11423841059602649 0.3328729281767956 0.012417218543046357
1 0.8432320441988951 0.23302980132450332 0.020718232044198894 0.2259933774834437
1 0.8425414364640884 0.48923841059602646 0.019337016574585635 0.25
1 0.48273480662983426 0.20240066225165562 0.013812154696132596 0.1672185430463576
1 0.6719613259668509 0.3617549668874172 0.324585635359116 0.0074503311258278145
1 0.17334254143646408 0.11506622516556292 0.10220994475138122 0.013245033112582781
1 0.41091160220994477 0.11382450331125828 0.08839779005524862 0.011589403973509934
1 0.10290055248618785 0.2007450331125828 0.022099447513812154 0.16390728476821192
1 0.10220994475138122 0.40024834437086093 0.022099447513812154 0.19950331125827814
1 0.2361878453038674 0.5124172185430463 0.2430939226519337 0.006622516556291391
1 0.20165745856353592 0.3621688741721854 0.18232044198895028 0.005794701986754967
1 0.3770718232044199 0.4110099337748344 0.009668508287292817 0.10430463576158941
1 0.2886740331491713 0.29759933774834435 0.21961325966850828 0.005794701986754967
1 0.28591160220994477 0.3294701986754967 0.012430939226519336 0.059602649006622516
1 0.10290055248618785 0.589817880794702 0.023480662983425413 0.14735099337748345
1 0.3763812154696133 0.6150662251655629 0.011049723756906077 0.11009933774834436
1 0.1878453038674033 0.6788079470198676 0.15331491712707182 0.006622516556291391
1 0.10290055248618785 0.7553807947019867 0.023480662983425413 0.1498344370860927
1 0.23825966850828728 0.8352649006622517 0.23895027624309392 0.013245033112582781
1 0.5138121546961326 0.8348509933774835 0.26933701657458564 0.013245033112582781
1 0.6712707182320442 0.7024006622516556 0.020718232044198894 0.023178807947019868
1 0.5994475138121547 0.6299668874172185 0.0787292817679558 0.009105960264900662
1 0.8066298342541437 0.6299668874172185 0.05662983425414365 0.0074503311258278145
1 0.48204419889502764 0.5124172185430463 0.012430939226519336 0.20281456953642385
0 0.47651933701657456 0.47516556291390727 0.7941988950276243 0.7483443708609272