1 0.8763661202185792 0.29221311475409834 0.24726775956284153 0.012295081967213115
1 0.5163934426229508 0.29262295081967216 0.412568306010929 0.011475409836065573
1 0.9255464480874317 0.5057377049180328 0.1489071038251366 0.00819672131147541
1 0.726775956284153 0.39385245901639343 0.012295081967213115 0.19262295081967212
1 0.9282786885245902 0.7311475409836066 0.14344262295081966 0.013114754098360656
1 0.6632513661202186 0.7319672131147541 0.3292349726775956 0.013114754098360656
1 0.4781420765027322 0.6524590163934426 0.01092896174863388 0.14426229508196722
1 0.7260928961748634 0.6729508196721311 0.009562841530054645 0.10819672131147541
1 0.6454918032786885 0.5688524590163935 0.1721311475409836 0.005737704918032787
1 0.8326502732240437 0.6213114754098361 0.009562841530054645 0.130327868852459
1 0.7800546448087432 0.6229508196721312 0.09836065573770492 0.007377049180327869
1 0.35040983606557374 0.7315573770491803 0.24316939890710382 0.013934426229508197
1 0.3087431693989071 0.5692622950819672 0.18169398907103826 0.006557377049180328
1 0.20355191256830601 0.6811475409836065 0.01092896174863388 0.09098360655737706
1 0.10040983606557377 0.7315573770491803 0.20081967213114754 0.013934426229508197
1 0.1646174863387978 0.3942622950819672 0.03825136612021858 0.012295081967213115
1 0.28415300546448086 0.43688524590163935 0.015027322404371584 0.04672131147540984
1 0.28415300546448086 0.3139344262295082 0.012295081967213115 0.03360655737704918
1 0.4781420765027322 0.5065573770491804 0.33469945355191255 0.007377049180327869
0 0.5 0.5094262295081967 1 0.4713114754098361