1 0.09497206703910614 0.15072463768115943 0.02653631284916201 0.08985507246376812
1 0.0935754189944134 0.35942028985507246 0.025139664804469275 0.09855072463768116
1 0.0935754189944134 0.4384057971014493 0.025139664804469275 0.02463768115942029
1 0.09427374301675978 0.532608695652174 0.02653631284916201 0.07101449275362319
1 0.09427374301675978 0.6297101449275362 0.025139664804469275 0.02753623188405797
1 0.09427374301675978 0.7057971014492753 0.027932960893854747 0.09855072463768116
1 0.0935754189944134 0.9268115942028986 0.025139664804469275 0.11304347826086956
1 0.1361731843575419 0.9884057971014493 0.0712290502793296 0.02318840579710145
1 0.30935754189944137 0.9884057971014493 0.05446927374301676 0.02318840579710145
1 0.3812849162011173 0.9884057971014493 0.061452513966480445 0.02318840579710145
1 0.5139664804469274 0.9891304347826086 0.055865921787709494 0.021739130434782608
1 0.5488826815642458 0.8681159420289855 0.029329608938547486 0.2391304347826087
1 0.5893854748603352 0.9884057971014493 0.06983240223463687 0.02318840579710145
1 0.7758379888268156 0.9884057971014493 0.0824022346368715 0.02318840579710145
1 0.8240223463687151 0.9760869565217392 0.025139664804469275 0.04782608695652174
1 0.8233240223463687 0.8007246376811594 0.027932960893854747 0.0782608695652174
1 0.6871508379888268 0.6739130434782609 0.2611731843575419 0.02753623188405797
1 0.5488826815642458 0.5355072463768116 0.02653631284916201 0.2608695652173913
1 0.6878491620111732 0.4007246376811594 0.2639664804469274 0.028985507246376812
1 0.8233240223463687 0.5731884057971014 0.025139664804469275 0.18695652173913044
1 0.8240223463687151 0.26159420289855073 0.027932960893854747 0.07681159420289856
1 0.7751396648044693 0.09927536231884058 0.08379888268156424 0.02753623188405797
1 0.5914804469273743 0.09855072463768116 0.07262569832402235 0.02753623188405797
1 0.5488826815642458 0.21231884057971015 0.027932960893854747 0.21304347826086956
1 0.5139664804469274 0.09782608695652174 0.061452513966480445 0.030434782608695653
1 0.3819832402234637 0.09710144927536232 0.061452513966480445 0.028985507246376812
1 0.34497206703910616 0.2572463768115942 0.030726256983240222 0.30434782608695654
1 0.4175977653631285 0.30144927536231886 0.1340782122905028 0.02753623188405797
1 0.3121508379888268 0.09782608695652174 0.05726256983240224 0.028985507246376812
1 0.13687150837988826 0.09927536231884058 0.07262569832402235 0.028985507246376812
1 0.34497206703910616 0.8188405797101449 0.02653631284916201 0.3289855072463768
1 0.4175977653631285 0.7630434782608696 0.138268156424581 0.02753623188405797
1 0.18505586592178772 0.5311594202898551 0.16899441340782123 0.02753623188405797
1 0.2562849162011173 0.631159420289855 0.02653631284916201 0.06231884057971015
1 0.17597765363128492 0.6492753623188405 0.15083798882681565 0.02753623188405797
1 0.17527932960893855 0.41594202898550725 0.15083798882681565 0.02608695652173913
1 0.2562849162011173 0.43478260869565216 0.02653631284916201 0.06376811594202898
0 0.45600558659217877 0.5369565217391304 0.7779329608938548 0.9260869565217391