1 0.09517045454545454 0.8451327433628318 0.026988636363636364 0.09144542772861357
1 0.09375 0.6327433628318584 0.02556818181818182 0.10029498525073746
1 0.09375 0.5523598820058997 0.02556818181818182 0.025073746312684365
1 0.09446022727272728 0.4564896755162242 0.026988636363636364 0.07227138643067847
1 0.09446022727272728 0.35766961651917406 0.02556818181818182 0.028023598820058997
1 0.09446022727272728 0.28023598820059 0.028409090909090908 0.10029498525073746
1 0.09375 0.05604719764011799 0.02556818181818182 0.11209439528023599
1 0.5561079545454546 0.11799410029498525 0.029829545454545456 0.2359882005899705
1 0.8352272727272727 0.014749262536873156 0.02556818181818182 0.029498525073746312
1 0.8359375 0.1836283185840708 0.028409090909090908 0.07964601769911504
1 0.6974431818181818 0.31268436578171094 0.265625 0.028023598820058997
1 0.5568181818181818 0.45353982300884954 0.026988636363636364 0.26548672566371684
1 0.6981534090909091 0.5907079646017699 0.2684659090909091 0.029498525073746312
1 0.8359375 0.41519174041297935 0.02556818181818182 0.1902654867256637
1 0.8366477272727273 0.7323008849557522 0.028409090909090908 0.07817109144542773
1 0.7869318181818182 0.8974926253687315 0.08522727272727272 0.028023598820058997
1 0.6001420454545454 0.8982300884955752 0.07386363636363637 0.028023598820058997
1 0.5568181818181818 0.782448377581121 0.028409090909090908 0.2168141592920354
1 0.5213068181818182 0.8989675516224189 0.0625 0.030973451327433628
1 0.38707386363636365 0.8997050147492626 0.0625 0.029498525073746312
1 0.3494318181818182 0.7367256637168141 0.03125 0.30973451327433627
1 0.42329545454545453 0.6917404129793511 0.13636363636363635 0.028023598820058997
1 0.31605113636363635 0.8989675516224189 0.05823863636363636 0.029498525073746312
1 0.1377840909090909 0.8974926253687315 0.07386363636363637 0.029498525073746312
1 0.3487215909090909 0.16592920353982302 0.026988636363636364 0.33185840707964603
1 0.42329545454545453 0.221976401179941 0.140625 0.028023598820058997
1 0.18678977272727273 0.4579646017699115 0.171875 0.028023598820058997
1 0.25923295454545453 0.3561946902654867 0.026988636363636364 0.06342182890855458
1 0.17755681818181818 0.33775811209439527 0.1534090909090909 0.028023598820058997
1 0.1768465909090909 0.5752212389380531 0.1534090909090909 0.02654867256637168
1 0.25923295454545453 0.556047197640118 0.026988636363636364 0.06489675516224189
0 0.46235795454545453 0.4616519174041298 0.7911931818181818 0.9233038348082596