1 0.16338775510204082 0.08163841807909604 0.08395918367346938 0.026271186440677958
1 0.3592244897959183 0.08036723163841808 0.09287074829931971 0.02543785310734464
1 0.43323809523809526 0.0803672316384181 0.02359183673469392 0.02542372881355933
1 0.522 0.08149717514124294 0.06612244897959187 0.026850282485875704
1 0.6126258503401361 0.08149717514124294 0.025931972789115573 0.02598870056497176
1 0.6844353741496599 0.08100282485875707 0.09219047619047625 0.02755649717514125
1 0.8921360544217688 0.0806497175141243 0.10672108843537423 0.025141242937853102
1 0.9518231292517008 0.12451977401129943 0.026068027210884467 0.07187853107344631
1 0.9519591836734694 0.2993502824858757 0.02469387755102053 0.0557909604519774
1 0.951687074829932 0.3724858757062147 0.02414965986394558 0.061920903954802306
1 0.952639455782313 0.506228813559322 0.024421768707483055 0.05682203389830511
1 0.8368571428571429 0.5411016949152543 0.22416326530612243 0.029152542372881337
1 0.9516190476190477 0.5829237288135592 0.025659863945578096 0.07090395480225996
1 0.9523673469387756 0.771412429378531 0.026340136054421634 0.08300847457627115
1 0.941047619047619 0.8190536723163842 0.05062585034013611 0.025338983050847533
1 0.7736054421768708 0.8188135593220339 0.07297959183673483 0.028276836158192063
1 0.654625850340136 0.6807485875706215 0.026285714285714353 0.2634887005649717
1 0.524639455782313 0.5412994350282486 0.24526530612244896 0.027528248587570633
1 0.3979183673469388 0.6812570621468926 0.026625850340136124 0.2670480225988701
1 0.5601632653061225 0.8184604519774011 0.17598639455782317 0.025974576271186583
1 0.2674829931972789 0.8193785310734464 0.07202721088435374 0.02865819209039543
1 0.11478911564625852 0.7701129943502825 0.025768707482993196 0.08536723163841815
1 0.11410884353741498 0.5841242937853107 0.02646258503401359 0.07275423728813558
1 0.22104761904761905 0.541045197740113 0.2003945578231293 0.028079096045197732
1 0.11385034013605443 0.5057062146892656 0.02799999999999998 0.06159604519774013
1 0.1132517006802721 0.3723587570621469 0.026802721088435358 0.061765536723163865
1 0.2633877551020408 0.3344209039548023 0.285061224489796 0.030536723163841813
1 0.3046938775510204 0.40834745762711866 0.02560544217687074 0.13587570621468928
1 0.11351020408163266 0.3012288135593221 0.02730612244897958 0.05771186440677968
1 0.1148843537414966 0.1240819209039548 0.026965986394557814 0.07343220338983052
1 0.7906122448979592 0.33440677966101695 0.3089115646258503 0.02694915254237286
1 0.7377687074829932 0.40817796610169493 0.026244897959183625 0.13974576271186445
1 0.5201360544217687 0.17279661016949152 0.0257414965986394 0.1705508474576271
1 0.614108843537415 0.24498587570621466 0.05821768707482988 0.026158192090395455
1 0.6314829931972789 0.16368644067796612 0.026081632653061168 0.15265536723163844
1 0.4125442176870749 0.16283898305084746 0.025088435374149735 0.15299435028248584
1 0.42993197278911566 0.24507062146892655 0.05986394557823129 0.0273587570621469
0 0.5317278911564626 0.4480225988700566 0.8804081632653061 0.786454802259887