1 0.1265130568356375 0.9170116618075802 0.0954531490015361 0.02873177842565603
1 0.32691244239631334 0.9158163265306123 0.09341013824884793 0.027653061224489836
1 0.38024577572964663 0.8141982507288629 0.028771121351766498 0.1885860058309037
1 0.4964823348694316 0.7348396501457727 0.020092165898617575 0.030860058309037923
1 0.07296466973886329 0.7709766763848396 0.03219662058371737 0.2786734693877551
1 0.22723502304147467 0.624868804664723 0.2955145929339478 0.029591836734693813
1 0.07262672811059909 0.491399416909621 0.02877112135176652 0.25294460641399413
1 0.17904761904761904 0.36142857142857143 0.20050691244239627 0.03301749271137023
1 0.07285714285714286 0.21540816326530612 0.02832565284178187 0.276997084548105
1 0.2279109062980031 0.07081632653061225 0.2927803379416283 0.030408163265306123
1 0.38024577572964663 0.24077259475218657 0.030138248847926232 0.22883381924198246
1 0.49328725038402454 0.1415597667638484 0.0712596006144393 0.025218658892128296
1 0.5029953917050691 0.06947521865889213 0.23728110599078345 0.03059766763848396
1 0.625284178187404 0.23934402332361515 0.043394777265745005 0.2285714285714286
1 0.5467281105990783 0.3641690962099125 0.1520890937019969 0.020539358600583094
1 0.8312749615975422 0.3615743440233236 0.20050691244239627 0.02963556851311951
1 0.7821812596006145 0.07090379008746356 0.29003072196620594 0.03083090379008747
1 0.9351920122887863 0.12988338192419824 0.02877112135176654 0.10457725947521868
1 0.9352995391705069 0.3028571428571428 0.03036866359447002 0.10465014577259478
1 0.9357603686635944 0.3910349854227405 0.029923195084485436 0.044344023323615145
1 0.9352995391705069 0.4999562682215744 0.03036866359447002 0.11134110787172011
1 0.7402764976958526 0.526734693877551 0.0267127496159754 0.18182215743440236
1 0.8357296466973886 0.49386297376093297 0.18749615975422418 0.023760932944606347
1 0.746205837173579 0.6256268221574344 0.21946236559139776 0.03241982507288631
1 0.9363287250384024 0.6001603498542274 0.031059907834101425 0.03998542274052471
1 0.9357603686635944 0.6955539358600583 0.03129032258064499 0.1293586005830904
1 0.6298463901689708 0.8142565597667639 0.02923195084485403 0.1951166180758017
1 0.6845468509984639 0.916530612244898 0.09614439324116748 0.03046647230320713
1 0.8819815668202764 0.916530612244898 0.09225806451612895 0.033075801749271216
1 0.9347311827956989 0.8685131195335276 0.033348694316436306 0.08397959183673455
0 0.5051305683563747 0.49049562682215747 0.9097235023041474 0.8930612244897957