1 0.9448051948051948 0.8823076923076923 0.032467532467532464 0.09538461538461539
1 0.9431818181818182 0.6815384615384615 0.030844155844155844 0.09384615384615384
1 0.8303571428571429 0.6284615384615385 0.20941558441558442 0.02923076923076923
1 0.7418831168831169 0.5123076923076924 0.03409090909090909 0.02
1 0.7824675324675324 0.9361538461538461 0.31006493506493504 0.03230769230769231
1 0.6193181818181818 0.7815384615384615 0.032467532467532464 0.2953846153846154
1 0.4707792207792208 0.9361538461538461 0.2824675324675325 0.02923076923076923
1 0.3262987012987013 0.83 0.037337662337662336 0.20153846153846153
1 0.16396103896103897 0.9361538461538461 0.30844155844155846 0.027692307692307693
1 0.00974025974025974 0.7807692307692308 0.01948051948051948 0.29384615384615387
1 0.19155844155844157 0.6284615384615385 0.25487012987012986 0.03076923076923077
1 0.08116883116883117 0.5153846153846153 0.027597402597402596 0.07076923076923076
1 0.008928571428571428 0.5046153846153846 0.017857142857142856 0.23692307692307693
1 0.18993506493506493 0.3830769230769231 0.25487012987012986 0.043076923076923075
1 0.32954545454545453 0.46153846153846156 0.022727272727272728 0.1523076923076923
1 0.3262987012987013 0.17692307692307693 0.032467532467532464 0.20153846153846153
1 0.00974025974025974 0.22538461538461538 0.01948051948051948 0.2907692307692308
1 0.06818181818181818 0.07230769230769231 0.11688311688311688 0.02923076923076923
1 0.26136363636363635 0.07230769230769231 0.11688311688311688 0.03076923076923077
1 0.3587662337662338 0.07230769230769231 0.048701298701298704 0.02923076923076923
1 0.4805194805194805 0.07230769230769231 0.12337662337662338 0.03076923076923077
1 0.510551948051948 0.2676923076923077 0.20292207792207792 0.026153846153846153
1 0.474025974025974 0.1723076923076923 0.025974025974025976 0.18769230769230769
1 0.6201298701298701 0.26153846153846155 0.03571428571428571 0.22
1 0.5917207792207793 0.07153846153846154 0.04383116883116883 0.03076923076923077
1 0.698051948051948 0.07230769230769231 0.1444805194805195 0.03076923076923077
1 0.8303571428571429 0.37846153846153846 0.21753246753246752 0.02923076923076923
1 0.9439935064935064 0.32384615384615384 0.03409090909090909 0.09692307692307692
1 0.9439935064935064 0.12615384615384614 0.037337662337662336 0.09230769230769231
1 0.8912337662337663 0.07307692307692308 0.09415584415584416 0.033846153846153845
0 0.4837662337662338 0.5030769230769231 0.9675324675324676 0.9107692307692308