1 0.8796583850931677 0.9277286135693216 0.09627329192546584 0.029498525073746312
1 0.6770186335403726 0.9262536873156342 0.09472049689440994 0.028023598820058997
1 0.6234472049689441 0.8237463126843658 0.029503105590062112 0.1902654867256637
1 0.5062111801242236 0.7433628318584071 0.020186335403726708 0.030973451327433628
1 0.9340062111801242 0.7802359882005899 0.03260869565217391 0.28171091445427726
1 0.7779503105590062 0.6320058997050148 0.2981366459627329 0.029498525073746312
1 0.9340062111801242 0.4970501474926254 0.029503105590062112 0.25663716814159293
1 0.8268633540372671 0.36578171091445427 0.20341614906832298 0.03392330383480826
1 0.9340062111801242 0.2182890855457227 0.027950310559006212 0.28023598820059
1 0.7771739130434783 0.0715339233038348 0.296583850931677 0.030973451327433628
1 0.6234472049689441 0.24336283185840707 0.031055900621118012 0.23156342182890854
1 0.5093167701863354 0.1430678466076696 0.07142857142857142 0.025073746312684365
1 0.49922360248447206 0.0700589970501475 0.2391304347826087 0.030973451327433628
1 0.37577639751552794 0.24188790560471976 0.043478260869565216 0.23156342182890854
1 0.4549689440993789 0.3687315634218289 0.15372670807453417 0.02064896755162242
1 0.16770186335403728 0.36578171091445427 0.20341614906832298 0.029498525073746312
1 0.21739130434782608 0.0715339233038348 0.29347826086956524 0.030973451327433628
1 0.062111801242236024 0.13126843657817108 0.029503105590062112 0.10619469026548672
1 0.062111801242236024 0.30678466076696165 0.031055900621118012 0.10619469026548672
1 0.062111801242236024 0.3952802359882006 0.029503105590062112 0.04424778761061947
1 0.062111801242236024 0.5058997050147492 0.031055900621118012 0.11209439528023599
1 0.2593167701863354 0.5331858407079646 0.026397515527950312 0.18436578171091444
1 0.16304347826086957 0.5 0.18944099378881987 0.02359882005899705
1 0.2531055900621118 0.6327433628318584 0.2220496894409938 0.032448377581120944
1 0.06133540372670807 0.6069321533923304 0.031055900621118012 0.03982300884955752
1 0.062111801242236024 0.7035398230088495 0.031055900621118012 0.13126843657817108
1 0.37111801242236025 0.8237463126843658 0.029503105590062112 0.1976401179941003
1 0.3159937888198758 0.9269911504424779 0.09782608695652174 0.030973451327433628
1 0.11645962732919254 0.9269911504424779 0.09316770186335403 0.03392330383480826
1 0.06288819875776397 0.8790560471976401 0.034161490683229816 0.0855457227138643
0 0.4968944099378882 0.4963126843657817 0.9192546583850931 0.9041297935103245