1 0.3623756019261637 0.12162534435261707 0.32174959871589087 0.01924242424242424
1 0.6471749598715891 0.1218732782369146 0.21558587479935803 0.0197382920110193
1 0.7602407704654895 0.15800275482093662 0.021123595505617928 0.05425619834710746
1 0.7598073836276084 0.29831955922865017 0.02199036918138049 0.05852617079889808
1 0.7602407704654895 0.34917355371900827 0.021123595505617928 0.015261707988980733
1 0.6864847512038523 0.32827823691460056 0.13579454253611561 0.01272727272727274
1 0.6082664526484751 0.38630853994490355 0.011589085072231184 0.08252066115702475
1 0.6502728731942216 0.41939393939393943 0.10497592295345101 0.017878787878787904
1 0.7602728731942214 0.5064049586776859 0.021396468699839553 0.23779614325068868
1 0.6086035313001605 0.5510192837465565 0.021621187800963126 0.14931129476584018
1 0.759967897271268 0.6602617079889808 0.021428571428571463 0.03957300275482096
1 0.6092455858747994 0.6690771349862259 0.022295345104333845 0.05573002754820942
1 0.6090369181380417 0.7730716253443526 0.020995184590690275 0.01769972451790621
1 0.5756661316211877 0.7911570247933885 0.05414125200642057 0.017341597796143138
1 0.39765650080256826 0.7907162534435261 0.0551685393258427 0.01721763085399449
1 0.36304975922953453 0.6834297520661157 0.01897271268057784 0.19512396694214873
1 0.4550561797752809 0.5835399449035812 0.1708507223113965 0.010619834710743853
1 0.36781701444622794 0.5478236914600552 0.012889245585874756 0.047258953168044
1 0.29221508828250403 0.7196005509641873 0.025906902086677345 0.01731404958677677
1 0.1886677367576244 0.6263085399449037 0.020337078651685374 0.16464187327823696
1 0.2730337078651685 0.5301790633608816 0.059069020866773694 0.009848484848484816
1 0.29780096308186194 0.47223140495867766 0.009518459069020878 0.10768595041322307
1 0.2541573033707865 0.41588154269972455 0.11929373996789726 0.009614325068870548
1 0.18847512038523276 0.43133608815426994 0.019213483146067415 0.1908677685950413
1 0.20200642054574638 0.32608815426997245 0.013322632423756038 0.017107438016528947
1 0.3025682182985554 0.32581267217630855 0.10881219903691818 0.01628099173553718
1 0.4187640449438202 0.3287603305785124 0.09404494382022477 0.010853994490358121
1 0.5293418940609952 0.32925619834710745 0.017287319422150855 0.00966942148760328
1 0.5382022471910113 0.230633608815427 0.01091492776886028 0.20630853994490356
1 0.18865168539325844 0.19899449035812672 0.020385232744783287 0.14228650137741047
1 0.2724398073836276 0.261198347107438 0.049983948635634004 0.01717630853994494
1 0.2903370786516854 0.16852617079889806 0.011011235955056202 0.08275482093663909
1 0.3676725521669342 0.3998347107438016 0.012792937399679016 0.1135537190082645
0 0.47430176565008025 0.4554407713498622 0.6101284109149278 0.6986639118457301