1 0.6515151515151515 0.9053468208092486 0.3367003367003367 0.02023121387283237
1 0.35353535353535354 0.9053468208092486 0.2255892255892256 0.02023121387283237
1 0.23484848484848486 0.8677745664739884 0.021885521885521887 0.05635838150289017
1 0.23484848484848486 0.7203757225433526 0.02356902356902357 0.06069364161849711
1 0.23484848484848486 0.666907514450867 0.021885521885521887 0.015895953757225433
1 0.3122895622895623 0.6885838150289018 0.14309764309764308 0.01300578034682081
1 0.3939393939393939 0.6278901734104047 0.011784511784511785 0.08670520231213873
1 0.3501683501683502 0.5932080924855492 0.10942760942760943 0.01878612716763006
1 0.23484848484848486 0.5021676300578035 0.021885521885521887 0.25
1 0.3939393939393939 0.4552023121387283 0.021885521885521887 0.15606936416184972
1 0.23484848484848486 0.3403179190751445 0.021885521885521887 0.04190751445086705
1 0.3930976430976431 0.3309248554913295 0.02356902356902357 0.057803468208092484
1 0.3930976430976431 0.22254335260115607 0.021885521885521887 0.01878612716763006
1 0.42845117845117847 0.20303468208092484 0.05723905723905724 0.01878612716763006
1 0.6153198653198653 0.203757225433526 0.05723905723905724 0.017341040462427744
1 0.6515151515151515 0.31647398843930635 0.020202020202020204 0.20520231213872833
1 0.5547138047138047 0.42124277456647397 0.17845117845117844 0.011560693641618497
1 0.6464646464646465 0.4588150289017341 0.013468013468013467 0.049132947976878616
1 0.7255892255892256 0.2781791907514451 0.026936026936026935 0.01878612716763006
1 0.8341750841750841 0.3764450867052023 0.021885521885521887 0.17341040462427745
1 0.7457912457912458 0.476878612716763 0.06228956228956229 0.010115606936416185
1 0.7196969696969697 0.5375722543352601 0.010101010101010102 0.11271676300578035
1 0.7651515151515151 0.596820809248555 0.12457912457912458 0.010115606936416185
1 0.8341750841750841 0.5809248554913294 0.020202020202020204 0.20086705202312138
1 0.8198653198653199 0.6914739884393064 0.013468013468013467 0.017341040462427744
1 0.7146464646464646 0.6914739884393064 0.11447811447811448 0.017341040462427744
1 0.5925925925925926 0.6885838150289018 0.09932659932659933 0.011560693641618497
1 0.4764309764309764 0.6878612716763006 0.018518518518518517 0.010115606936416185
1 0.4671717171717172 0.7911849710982659 0.011784511784511785 0.21676300578034682
1 0.8341750841750841 0.8244219653179191 0.021885521885521887 0.14884393063583815
1 0.7466329966329966 0.759393063583815 0.05218855218855219 0.017341040462427744
1 0.7272727272727273 0.8562138728323699 0.011784511784511785 0.08670520231213873
1 0.6464646464646465 0.6134393063583815 0.013468013468013467 0.11849710982658959
0 0.5345117845117845 0.555635838150289 0.6397306397306397 0.7326589595375722