1 0.648936170212766 0.07850609756097561 0.3546099290780142 0.021341463414634148
1 0.3351063829787234 0.07850609756097561 0.2375886524822695 0.021341463414634148
1 0.21010638297872342 0.11814024390243902 0.02304964539007092 0.05945121951219512
1 0.21010638297872342 0.2736280487804878 0.024822695035460994 0.06402439024390244
1 0.21010638297872342 0.33003048780487804 0.02304964539007092 0.01676829268292683
1 0.2916666666666667 0.3071646341463415 0.15070921985815602 0.013719512195121951
1 0.3776595744680851 0.3711890243902439 0.012411347517730497 0.09146341463414634
1 0.33156028368794327 0.40777439024390244 0.11524822695035461 0.019817073170731708
1 0.21010638297872342 0.5038109756097561 0.02304964539007092 0.26371951219512196
1 0.3776595744680851 0.5533536585365854 0.02304964539007092 0.16463414634146342
1 0.21010638297872342 0.6745426829268293 0.02304964539007092 0.04420731707317073
1 0.37677304964539005 0.6844512195121951 0.024822695035460994 0.06097560975609756
1 0.37677304964539005 0.7987804878048781 0.02304964539007092 0.019817073170731708
1 0.41400709219858156 0.819359756097561 0.06028368794326241 0.019817073170731708
1 0.6108156028368794 0.8185975609756098 0.06028368794326241 0.018292682926829267
1 0.648936170212766 0.6996951219512195 0.02127659574468085 0.21646341463414634
1 0.5469858156028369 0.5891768292682927 0.1879432624113475 0.012195121951219513
1 0.6436170212765957 0.5495426829268293 0.014184397163120567 0.051829268292682924
1 0.7269503546099291 0.7400914634146342 0.028368794326241134 0.019817073170731708
1 0.8413120567375887 0.6364329268292683 0.02304964539007092 0.18292682926829268
1 0.74822695035461 0.5304878048780488 0.06560283687943262 0.010670731707317074
1 0.7207446808510638 0.46646341463414637 0.010638297872340425 0.11890243902439024
1 0.7686170212765957 0.40396341463414637 0.13120567375886524 0.010670731707317074
1 0.8413120567375887 0.42073170731707316 0.02127659574468085 0.21189024390243902
1 0.8262411347517731 0.3041158536585366 0.014184397163120567 0.018292682926829267
1 0.7154255319148937 0.3041158536585366 0.12056737588652482 0.018292682926829267
1 0.5868794326241135 0.3071646341463415 0.10460992907801418 0.012195121951219513
1 0.4645390070921986 0.3079268292682927 0.01950354609929078 0.010670731707317074
1 0.45478723404255317 0.1989329268292683 0.012411347517730497 0.22865853658536586
1 0.8413120567375887 0.1638719512195122 0.02304964539007092 0.15701219512195122
1 0.749113475177305 0.23246951219512196 0.0549645390070922 0.018292682926829267
1 0.7287234042553191 0.13033536585365854 0.012411347517730497 0.09146341463414634
1 0.6436170212765957 0.3864329268292683 0.014184397163120567 0.125
0 0.525709219858156 0.44740853658536583 0.6737588652482269 0.7728658536585366