1 0.9891304347826086 0.756578947368421 0.021739130434782608 0.03289473684210526
1 0.9891304347826086 0.6620065789473685 0.021739130434782608 0.03782894736842105
1 0.9891304347826086 0.5731907894736842 0.021739130434782608 0.03782894736842105
1 0.9891304347826086 0.5016447368421053 0.021739130434782608 0.07236842105263158
1 0.9901185770750988 0.421875 0.019762845849802372 0.054276315789473686
1 0.9891304347826086 0.2845394736842105 0.021739130434782608 0.06907894736842106
1 0.9357707509881423 0.24424342105263158 0.09288537549407115 0.02138157894736842
1 0.7549407114624506 0.24588815789473684 0.08498023715415019 0.02138157894736842
1 0.6610671936758893 0.24424342105263158 0.06719367588932806 0.023026315789473683
1 0.6966403162055336 0.34786184210526316 0.019762845849802372 0.20230263157894737
1 0.5503952569169961 0.46463815789473684 0.1422924901185771 0.018092105263157895
1 0.46936758893280633 0.3527960526315789 0.019762845849802372 0.20888157894736842
1 0.5098814229249012 0.2450657894736842 0.05731225296442688 0.019736842105263157
1 0.44664031620553357 0.24424342105263158 0.039525691699604744 0.02138157894736842
1 0.38636363636363635 0.2450657894736842 0.041501976284584984 0.019736842105263157
1 0.3942687747035573 0.38898026315789475 0.04940711462450593 0.018092105263157895
1 0.366600790513834 0.3248355263157895 0.017786561264822136 0.14638157894736842
1 0.2440711462450593 0.46381578947368424 0.21541501976284586 0.014802631578947368
1 0.1324110671936759 0.3519736842105263 0.023715415019762844 0.1924342105263158
1 0.17094861660079053 0.2450657894736842 0.0691699604743083 0.019736842105263157
1 0.3211462450592885 0.2450657894736842 0.05533596837944664 0.02138157894736842
1 0.06324110671936758 0.2450657894736842 0.12648221343873517 0.019736842105263157
1 0.1324110671936759 0.6274671052631579 0.02766798418972332 0.046052631578947366
1 0.13339920948616601 0.5616776315789473 0.02766798418972332 0.06085526315789474
1 0.13438735177865613 0.7508223684210527 0.02766798418972332 0.049342105263157895
1 0.1808300395256917 0.78125 0.07312252964426877 0.024671052631578948
1 0.3191699604743083 0.7796052631578947 0.0691699604743083 0.023026315789473683
1 0.44762845849802374 0.7804276315789473 0.041501976284584984 0.02138157894736842
1 0.38636363636363635 0.78125 0.037549407114624504 0.019736842105263157
1 0.366600790513834 0.6883223684210527 0.017786561264822136 0.17434210526315788
1 0.36561264822134387 0.5575657894736842 0.019762845849802372 0.07236842105263158
1 0.4683794466403162 0.6883223684210527 0.017786561264822136 0.17434210526315788
1 0.4407114624505929 0.6529605263157895 0.0533596837944664 0.014802631578947368
1 0.4673913043478261 0.5567434210526315 0.017786561264822136 0.07236842105263158
1 0.4980237154150198 0.7804276315789473 0.03359683794466403 0.023026315789473683
1 0.6254940711462451 0.78125 0.045454545454545456 0.023026315789473683
1 0.7213438735177866 0.7129934210526315 0.019762845849802372 0.12171052631578948
1 0.7480237154150198 0.78125 0.04940711462450593 0.02138157894736842
1 0.9110671936758893 0.78125 0.14031620553359683 0.024671052631578948
1 0.8913043478260869 0.7105263157894737 0.019762845849802372 0.13322368421052633
1 0.8586956521739131 0.5945723684210527 0.24308300395256918 0.014802631578947368
1 0.892292490118577 0.5345394736842105 0.015810276679841896 0.12006578947368421
1 0.9169960474308301 0.46381578947368424 0.04743083003952569 0.014802631578947368
1 0.8231225296442688 0.4654605263157895 0.11857707509881422 0.014802631578947368
1 0.7747035573122529 0.5041118421052632 0.017786561264822136 0.08388157894736842
0 0.5 0.5098684210526315 1 0.5756578947368421