1 0.21958646616541352 0.10247261345852895 0.03785714285714283 0.023474178403755867
1 0.3280451127819549 0.10225352112676057 0.04246240601503755 0.023912363067292646
1 0.42907894736842106 0.10225352112676057 0.04281954887218051 0.023912363067292646
1 0.5115413533834586 0.10284820031298904 0.0824624060150376 0.024209702660406885
1 0.6026691729323308 0.10167449139280126 0.061936090225564 0.020093896713615028
1 0.7594360902255639 0.10137715179968701 0.079266917293233 0.023928012519561802
1 0.8049999999999999 0.14794992175273866 0.02389097744360909 0.07286384976525823
1 0.8034962406015037 0.29114241001564944 0.024060150375939764 0.06757433489827858
1 0.8049999999999999 0.3656025039123631 0.02706766917293229 0.05386541471048516
1 0.6870676691729323 0.33735524256651017 0.23073308270676693 0.01593114241001566
1 0.5538345864661653 0.45273865414710485 0.020526315789473608 0.11323943661971833
1 0.6814097744360902 0.5172613458528951 0.23851503759398493 0.01511737089201873
1 0.8041917293233083 0.48499217527386546 0.023364661654135244 0.04604068857589978
1 0.8054323308270677 0.5356025039123631 0.023703007518797017 0.031486697965571214
1 0.8045488721804511 0.5828012519561816 0.023007518796992497 0.033082942097026585
1 0.64 0.5767605633802817 0.020883458646616566 0.03866979655712056
1 0.7133458646616542 0.5986541471048513 0.16650375939849632 0.014366197183098513
1 0.5549812030075187 0.6955242566510172 0.01644736842105263 0.17012519561815342
1 0.6823684210526315 0.7838654147104851 0.22030075187969933 0.018215962441314532
1 0.804906015037594 0.7534428794992175 0.02265037593984954 0.05547730829420977
1 0.804812030075188 0.6345070422535211 0.023533834586466133 0.04455399061032868
1 0.8040225563909774 0.8454929577464788 0.023007518796992497 0.11560250391236299
1 0.6530075187969925 0.9072143974960877 0.16154135338345874 0.02162754303599364
1 0.3673308270676692 0.7838810641627543 0.05308270676691731 0.022456964006259815
1 0.4425375939849624 0.7829264475743349 0.06971804511278201 0.021424100156494607
1 0.22631578947368422 0.7824882629107981 0.05556390977443609 0.02231611893583723
1 0.19163533834586466 0.7456651017214397 0.02759398496240603 0.05738654147104845
1 0.1937593984962406 0.636510172143975 0.026541353383458654 0.054741784037558715
1 0.19285714285714284 0.5344757433489827 0.024774436090225577 0.032738654147104786
1 0.1918045112781955 0.5828012519561816 0.022650375939849646 0.03042253521126769
1 0.2978007518796993 0.5985758998435055 0.19853383458646617 0.014225352112676106
1 0.4471240601503759 0.5995931142410016 0.0821052631578947 0.016275430359937365
1 0.29832706766917294 0.5176838810641627 0.19853383458646617 0.014194053208137793
1 0.33795112781954884 0.5395774647887325 0.016635338345864704 0.042942097026604155
1 0.44855263157894737 0.5184976525821596 0.08280075187969922 0.014053208137715208
1 0.19268796992481205 0.49464788732394366 0.026541353383458654 0.0273552425665102
1 0.19206766917293233 0.39328638497652585 0.02637218045112782 0.035852895148669794
1 0.26947368421052637 0.31779342723004694 0.13872180451127822 0.015696400625978046
1 0.19171052631578947 0.2964319248826291 0.024586466165413556 0.03837245696400623
1 0.1919736842105263 0.16710485133020345 0.028308270676691734 0.11117370892018782
1 0.2727631578947369 0.1827073552425665 0.15270676691729326 0.015101721439749617
1 0.40466165413533833 0.20860719874804384 0.01627819548872185 0.1924256651017214
1 0.4738533834586466 0.18261345852895147 0.1376691729323308 0.013161189358372452
1 0.5543609022556392 0.162660406885759 0.016278195488721746 0.0377621283255086
1 0.5529511278195489 0.2368701095461659 0.01768796992481197 0.09336463223787164
1 0.5080075187969925 0.2753051643192488 0.0955451127819549 0.014694835680751153
0 0.5021052631578947 0.5048513302034429 0.6587593984962407 0.8399687010954616