1 0.9864864864864865 0.729903536977492 0.02702702702702703 0.03215434083601286
1 0.9864864864864865 0.637459807073955 0.02702702702702703 0.03697749196141479
1 0.9864864864864865 0.5506430868167203 0.02702702702702703 0.03697749196141479
1 0.9864864864864865 0.4807073954983923 0.02702702702702703 0.0707395498392283
1 0.9874517374517374 0.40273311897106107 0.025096525096525095 0.05305466237942122
1 0.9864864864864865 0.2684887459807074 0.02702702702702703 0.06752411575562701
1 0.9314671814671814 0.22909967845659163 0.09073359073359073 0.02090032154340836
1 0.7548262548262549 0.23070739549839228 0.08301158301158301 0.02090032154340836
1 0.6631274131274131 0.22909967845659163 0.06563706563706563 0.022508038585209004
1 0.6978764478764479 0.33038585209003213 0.019305019305019305 0.1977491961414791
1 0.555019305019305 0.4445337620578778 0.138996138996139 0.017684887459807074
1 0.47586872586872586 0.33520900321543406 0.019305019305019305 0.20418006430868169
1 0.5154440154440154 0.22990353697749197 0.055984555984555984 0.01929260450160772
1 0.45366795366795365 0.22909967845659163 0.03861003861003861 0.02090032154340836
1 0.3947876447876448 0.22990353697749197 0.04054054054054054 0.01929260450160772
1 0.4025096525096525 0.37057877813504825 0.04826254826254826 0.017684887459807074
1 0.3754826254826255 0.30787781350482313 0.017374517374517374 0.14308681672025725
1 0.2557915057915058 0.4437299035369775 0.21042471042471042 0.014469453376205787
1 0.14671814671814673 0.33440514469453375 0.023166023166023165 0.18810289389067525
1 0.18436293436293436 0.22990353697749197 0.06756756756756757 0.01929260450160772
1 0.3310810810810811 0.22990353697749197 0.05405405405405406 0.02090032154340836
1 0.07046332046332046 0.22990353697749197 0.14092664092664092 0.01929260450160772
1 0.003861003861003861 0.35852090032154343 0.007722007722007722 0.1382636655948553
1 0.14671814671814673 0.6036977491961415 0.02702702702702703 0.04501607717041801
1 0.1476833976833977 0.5393890675241158 0.02702702702702703 0.0594855305466238
1 0.14864864864864866 0.7242765273311897 0.02702702702702703 0.04823151125401929
1 0.19401544401544402 0.7540192926045016 0.07142857142857142 0.024115755627009645
1 0.32915057915057916 0.752411575562701 0.06756756756756757 0.022508038585209004
1 0.4546332046332046 0.7532154340836013 0.04054054054054054 0.02090032154340836
1 0.3947876447876448 0.7540192926045016 0.03667953667953668 0.01929260450160772
1 0.3754826254826255 0.6631832797427653 0.017374517374517374 0.17041800643086816
1 0.3745173745173745 0.5353697749196141 0.019305019305019305 0.0707395498392283
1 0.4749034749034749 0.6631832797427653 0.017374517374517374 0.17041800643086816
1 0.44787644787644787 0.6286173633440515 0.052123552123552123 0.014469453376205787
1 0.47393822393822393 0.5345659163987139 0.017374517374517374 0.0707395498392283
1 0.5038610038610039 0.7532154340836013 0.032818532818532815 0.022508038585209004
1 0.6283783783783784 0.7540192926045016 0.0444015444015444 0.022508038585209004
1 0.722007722007722 0.6872990353697749 0.019305019305019305 0.1189710610932476
1 0.7480694980694981 0.7540192926045016 0.04826254826254826 0.02090032154340836
1 0.9073359073359073 0.7540192926045016 0.13706563706563707 0.024115755627009645
1 0.888030888030888 0.684887459807074 0.019305019305019305 0.1302250803858521
1 0.8561776061776062 0.5715434083601286 0.23745173745173745 0.014469453376205787
1 0.888996138996139 0.5128617363344051 0.015444015444015444 0.11736334405144695
1 0.9131274131274131 0.4437299035369775 0.04633204633204633 0.014469453376205787
1 0.8214285714285714 0.4453376205787781 0.11583011583011583 0.014469453376205787
1 0.7741312741312741 0.48311897106109325 0.017374517374517374 0.0819935691318328
0 0.5 0.4887459807073955 1 0.5627009646302251