1 0.03170028818443804 0.10405405405405406 0.03025936599423631 0.10675675675675676
1 0.032420749279538905 0.3168918918918919 0.02881844380403458 0.10270270270270271
1 0.032420749279538905 0.3952702702702703 0.027377521613832854 0.02702702702702703
1 0.032420749279538905 0.602027027027027 0.03025936599423631 0.10675675675675676
1 0.19668587896253603 0.5432432432432432 0.31412103746397696 0.02702702702702703
1 0.36095100864553314 0.4939189189189189 0.018731988472622477 0.08648648648648649
1 0.19380403458213258 0.37432432432432433 0.31556195965417866 0.02702702702702703
1 0.030979827089337175 0.8189189189189189 0.02881844380403458 0.10270270270270271
1 0.08573487031700289 0.8756756756756757 0.09654178674351585 0.02702702702702703
1 0.30187319884726227 0.875 0.09654178674351585 0.024324324324324326
1 0.3573487031700288 0.754054054054054 0.027377521613832854 0.23648648648648649
1 0.43804034582132567 0.8770270270270271 0.14985590778097982 0.025675675675675677
1 0.473342939481268 0.7425675675675676 0.07492795389048991 0.02027027027027027
1 0.5 0.8081081081081081 0.018731988472622477 0.12972972972972974
1 0.6051873198847262 0.7986486486486486 0.03025936599423631 0.14189189189189189
1 0.7168587896253602 0.8756756756756757 0.2132564841498559 0.02702702702702703
1 0.8285302593659942 0.6621621621621622 0.02881844380403458 0.22972972972972974
1 0.6059077809798271 0.5195945945945946 0.02881844380403458 0.03648648648648649
1 0.6059077809798271 0.5939189189189189 0.027377521613832854 0.09324324324324325
1 0.7175792507204611 0.6277027027027027 0.20605187319884727 0.031081081081081083
1 0.6051873198847262 0.4006756756756757 0.027377521613832854 0.03513513513513514
1 0.6066282420749279 0.21013513513513513 0.02881844380403458 0.31891891891891894
1 0.829250720461095 0.20810810810810812 0.027377521613832854 0.31891891891891894
1 0.7175792507204611 0.04527027027027027 0.207492795389049 0.024324324324324326
1 0.5828530259365994 0.04594594594594595 0.03025936599423631 0.02702702702702703
1 0.48487031700288186 0.0445945945945946 0.07780979827089338 0.022972972972972974
1 0.4488472622478386 0.20202702702702702 0.17146974063400577 0.02027027027027027
1 0.3573487031700288 0.20067567567567568 0.025936599423631124 0.17162162162162162
1 0.4812680115273775 0.12432432432432433 0.021613832853025938 0.15135135135135136
1 0.3840057636887608 0.04527027027027027 0.03890489913544669 0.022972972972972974
1 0.30331412103746397 0.04527027027027027 0.09654178674351585 0.02702702702702703
1 0.08429394812680115 0.04594594594594595 0.09798270893371758 0.024324324324324326
0 0.430835734870317 0.46216216216216216 0.8443804034582133 0.8621621621621621