1 0.10838315217391303 0.10072611464968152 0.10739130434782608 0.027210191082802565
1 0.3223777173913044 0.10156687898089173 0.10263586956521742 0.025528662420382157
1 0.4014402173913043 0.10110828025477707 0.02654891304347821 0.024611464968152856
1 0.6096875 0.10119745222929936 0.10778532608695658 0.027019108280254788
1 0.5503396739130435 0.2465732484076433 0.02714673913043481 0.27765605095541407
1 0.5008967391304349 0.39187261146496816 0.08638586956521745 0.016509554140127433
1 0.38013586956521733 0.24421656050955412 0.02675271739130442 0.2788152866242038
1 0.8277309782608696 0.1001656050955414 0.10283967391304355 0.02496815286624203
1 0.8847010869565217 0.1483057324840764 0.027744565217391402 0.0855796178343949
1 0.8839130434782608 0.3395668789808917 0.02377717391304348 0.08577070063694268
1 0.762445652173913 0.38833121019108274 0.2373777173913044 0.023910828025477684
1 0.8856929347826087 0.4596815286624204 0.026154891304347828 0.13206369426751588
1 0.7507608695652174 0.49105732484076436 0.020203804347825937 0.06662420382165599
1 0.8163451086956522 0.5148407643312102 0.12998641304347835 0.01608917197452229
1 0.8072282608695652 0.6075414012738853 0.14266304347826086 0.02650955414012732
1 0.8846059782608696 0.70628025477707 0.02754076086956519 0.18830573248407637
1 0.6697146739130435 0.8048280254777069 0.23142663043478268 0.025388535031847216
1 0.5264673913043478 0.6079745222929936 0.03645380434782614 0.02513375796178346
1 0.6011548913043478 0.6080636942675159 0.09312499999999994 0.024203821656050957
1 0.6349456521739131 0.7071337579617835 0.031114130434782578 0.18222929936305726
1 0.406875 0.6077070063694268 0.03533967391304347 0.024560509554140093
1 0.21557065217391308 0.6086369426751592 0.32050271739130437 0.025184713375796156
1 0.21336956521739128 0.8054267515923567 0.32005434782608694 0.023579617834394894
1 0.04938858695652174 0.7069044585987261 0.02502717391304348 0.18333757961783442
1 0.050380434782608695 0.5878726114649682 0.026997282608695657 0.026866242038216602
1 0.048627717391304344 0.5014140127388536 0.02349184782608696 0.06884076433121014
1 0.2073369565217391 0.46931210191082806 0.020855978260869597 0.15157961783439491
1 0.20569293478260867 0.38881528662420384 0.17297554347826088 0.022687898089171904
1 0.12929347826086957 0.4981273885350318 0.1519021739130435 0.019044585987261206
1 0.04938858695652174 0.41231847133757965 0.023709239130434788 0.03388535031847137
1 0.04983695652173913 0.340484076433121 0.02721467391304348 0.0853375796178344
1 0.05005434782608696 0.14689171974522294 0.02502717391304348 0.0871464968152866
0 0.46519021739130434 0.45408917197452225 0.8760190217391305 0.7457707006369426