1 0.07240437158469945 0.1294871794871795 0.028688524590163935 0.10128205128205128
1 0.07308743169398907 0.3314102564102564 0.0273224043715847 0.09743589743589744
1 0.07308743169398907 0.40576923076923077 0.025956284153005466 0.02564102564102564
1 0.07308743169398907 0.6019230769230769 0.028688524590163935 0.10128205128205128
1 0.22882513661202186 0.5461538461538461 0.2978142076502732 0.02564102564102564
1 0.38456284153005466 0.49935897435897436 0.017759562841530054 0.08205128205128205
1 0.2260928961748634 0.3858974358974359 0.29918032786885246 0.02564102564102564
1 0.07172131147540983 0.8076923076923077 0.0273224043715847 0.09743589743589744
1 0.12363387978142076 0.8615384615384616 0.09153005464480875 0.02564102564102564
1 0.328551912568306 0.860897435897436 0.09153005464480875 0.023076923076923078
1 0.38114754098360654 0.7461538461538462 0.025956284153005466 0.22435897435897437
1 0.4576502732240437 0.8628205128205129 0.14207650273224043 0.02435897435897436
1 0.491120218579235 0.7352564102564103 0.07103825136612021 0.019230769230769232
1 0.5163934426229508 0.7974358974358975 0.017759562841530054 0.12307692307692308
1 0.6161202185792349 0.7884615384615384 0.028688524590163935 0.1346153846153846
1 0.7219945355191257 0.8615384615384616 0.20218579234972678 0.02564102564102564
1 0.8278688524590164 0.658974358974359 0.0273224043715847 0.21794871794871795
1 0.6168032786885246 0.5237179487179487 0.0273224043715847 0.03461538461538462
1 0.6168032786885246 0.5942307692307692 0.025956284153005466 0.08846153846153847
1 0.7226775956284153 0.6262820512820513 0.1953551912568306 0.029487179487179487
1 0.6161202185792349 0.4108974358974359 0.025956284153005466 0.03333333333333333
1 0.6174863387978142 0.23012820512820512 0.0273224043715847 0.30256410256410254
1 0.828551912568306 0.2282051282051282 0.025956284153005466 0.30256410256410254
1 0.7226775956284153 0.07371794871794872 0.19672131147540983 0.023076923076923078
1 0.5949453551912568 0.07435897435897436 0.028688524590163935 0.02564102564102564
1 0.5020491803278688 0.07307692307692308 0.07377049180327869 0.021794871794871794
1 0.46789617486338797 0.22243589743589742 0.16256830601092895 0.019230769230769232
1 0.38114754098360654 0.22115384615384615 0.02459016393442623 0.16282051282051282
1 0.49863387978142076 0.14871794871794872 0.020491803278688523 0.14358974358974358
1 0.4064207650273224 0.07371794871794872 0.036885245901639344 0.021794871794871794
1 0.32991803278688525 0.07371794871794872 0.09153005464480875 0.02564102564102564
1 0.12226775956284153 0.07435897435897436 0.09289617486338798 0.023076923076923078
0 0.45150273224043713 0.46602564102564104 0.7991803278688525 0.8269230769230769