1 0.28448275862068967 0.18893678160919541 0.125 0.02586206896551724
1 0.35237068965517243 0.3311781609195402 0.028017241379310345 0.2600574712643678
1 0.11853448275862069 0.47270114942528735 0.23706896551724138 0.022988505747126436
1 0.07112068965517242 0.576867816091954 0.028017241379310345 0.20114942528735633
1 0.04310344827586207 0.6652298850574713 0.08620689655172414 0.022988505747126436
1 0.1648706896551724 0.5517241379310345 0.1810344827586207 0.020114942528735632
1 0.25754310344827586 0.6645114942528736 0.21767241379310345 0.02442528735632184
1 0.35237068965517243 0.6091954022988506 0.03017241379310345 0.13505747126436782
1 0.5517241379310345 0.7758620689655172 0.36853448275862066 0.02442528735632184
1 0.7510775862068966 0.6752873563218391 0.03017241379310345 0.17959770114942528
1 0.8782327586206896 0.7737068965517241 0.2435344827586207 0.02442528735632184
1 0.9515086206896551 0.40445402298850575 0.09698275862068965 0.02442528735632184
1 0.9881465517241379 0.2514367816091954 0.023706896551724137 0.16954022988505746
1 0.6939655172413793 0.1896551724137931 0.09482758620689655 0.02586206896551724
1 0.7478448275862069 0.17672413793103448 0.04310344827586207 0.020114942528735632
1 0.7467672413793104 0.33045977011494254 0.03879310344827586 0.26436781609195403
1 0.7510775862068966 0.5021551724137931 0.034482758620689655 0.05316091954022988
1 0.6023706896551724 0.47413793103448276 0.27370689655172414 0.01867816091954023
1 0.4019396551724138 0.1896551724137931 0.07543103448275862 0.02586206896551724
0 0.5 0.48204022988505746 1 0.6307471264367817