1 0.39125 0.08365853658536586 0.2972115384615385 0.022182284980744545
1 0.70525 0.08403080872913991 0.2897499999999999 0.02372272143774069
1 0.8657692307692307 0.1251219512195122 0.03194230769230772 0.07091142490372274
1 0.8663846153846153 0.32473684210526316 0.0339615384615384 0.0741720154043646
1 0.6760961538461538 0.36491655969191267 0.3486346153846153 0.017163029525032097
1 0.4853653846153846 0.22033376123234916 0.031096153846153822 0.15214377406931962
1 0.347 0.19790757381258023 0.2685192307692308 0.017124518613607156
1 0.22871153846153847 0.1703594351732991 0.03126923076923075 0.07313222079589216
1 0.3802884615384615 0.25382541720154045 0.026730769230769186 0.10741976893453146
1 0.2300576923076923 0.30867779204107826 0.03194230769230772 0.12948652118100126
1 0.30403846153846154 0.36508344030808726 0.17990384615384616 0.017573812580231135
1 0.08067307692307693 0.4840693196405648 0.032403846153846144 0.21915275994865216
1 0.21534615384615385 0.6029910141206676 0.24032692307692308 0.01840821566110402
1 0.08221153846153846 0.7420282413350449 0.032403846153846144 0.27053915275994866
1 0.11582692307692308 0.8846726572528882 0.03615384615384615 0.022618741976893314
1 0.32834615384615384 0.8836456996148909 0.07642307692307694 0.024672657252888353
1 0.5436923076923077 0.8833632862644416 0.04042307692307689 0.025121951219512113
1 0.5770384615384615 0.7858023106546855 0.033096153846153914 0.18368421052631567
1 0.8180000000000001 0.7477535301668806 0.2953076923076922 0.02092426187419763
1 0.9503461538461538 0.6725802310654686 0.02678846153846144 0.16989730423620023
1 0.8649615384615384 0.5684210526315789 0.03513461538461535 0.05585365853658535
1 0.9178461538461538 0.601566110397946 0.09380769230769226 0.02512195121951226
1 0.6765 0.600423620025674 0.35409615384615384 0.022849807445442818
1 0.44717307692307695 0.6029268292682927 0.07044230769230768 0.021026957637997428
1 0.4846923076923077 0.514390243902439 0.024384615384615397 0.16290115532734273
1 0.8650384615384615 0.3949935815147625 0.03530769230769233 0.04478818998716301
0 0.5130576923076924 0.4820410783055199 0.9216153846153846 0.8274967907573811