1 0.6162551440329218 0.023287671232876714 0.31893004115226337 0.023287671232876714
1 0.2808641975308642 0.023972602739726026 0.31069958847736623 0.024657534246575342
1 0.10905349794238683 0.06780821917808219 0.03497942386831276 0.07534246575342465
1 0.10802469135802469 0.2808219178082192 0.037037037037037035 0.07945205479452055
1 0.3117283950617284 0.323972602739726 0.3724279835390947 0.01780821917808219
1 0.5154320987654321 0.16917808219178082 0.03292181069958848 0.16301369863013698
1 0.6635802469135802 0.14520547945205478 0.2880658436213992 0.01780821917808219
1 0.7901234567901234 0.11575342465753424 0.03292181069958848 0.07808219178082192
1 0.6275720164609053 0.2047945205479452 0.02880658436213992 0.11506849315068493
1 0.7890946502057613 0.2636986301369863 0.03497942386831276 0.13835616438356163
1 0.7098765432098766 0.323972602739726 0.1934156378600823 0.019178082191780823
1 0.948559670781893 0.4506849315068493 0.03497942386831276 0.23424657534246576
1 0.8045267489711934 0.5773972602739726 0.257201646090535 0.019178082191780823
1 0.9465020576131687 0.726027397260274 0.03497942386831276 0.28904109589041094
1 0.911522633744856 0.8780821917808219 0.03909465020576132 0.024657534246575342
1 0.684156378600823 0.8773972602739726 0.0823045267489712 0.026027397260273973
1 0.4537037037037037 0.8767123287671232 0.043209876543209874 0.0273972602739726
1 0.4176954732510288 0.7726027397260274 0.03497942386831276 0.1958904109589041
1 0.15946502057613168 0.7321917808219178 0.3168724279835391 0.021917808219178082
1 0.018518518518518517 0.6520547945205479 0.02880658436213992 0.18082191780821918
1 0.10905349794238683 0.541095890410959 0.037037037037037035 0.06027397260273973
1 0.05246913580246913 0.576027397260274 0.10082304526748971 0.0273972602739726
1 0.31069958847736623 0.5746575342465754 0.3786008230452675 0.024657534246575342
1 0.5565843621399177 0.5773972602739726 0.07613168724279835 0.021917808219178082
1 0.5164609053497943 0.4828767123287671 0.026748971193415638 0.17397260273972603
1 0.10905349794238683 0.35547945205479453 0.037037037037037035 0.04794520547945205
0 0.4897119341563786 0.44794520547945205 0.9794238683127572 0.8821917808219178