1 0.7584269662921348 0.22442244224422442 0.018258426966292134 0.1782178217821782
1 0.7331460674157303 0.12953795379537955 0.04073033707865169 0.0231023102310231
1 0.6095505617977528 0.12871287128712872 0.07724719101123595 0.0231023102310231
1 0.5625 0.23102310231023102 0.011235955056179775 0.19471947194719472
1 0.5273876404494382 0.22937293729372937 0.08286516853932584 0.01485148514851485
1 0.5014044943820225 0.31600660066006603 0.1348314606741573 0.013201320132013201
1 0.44030898876404495 0.3069306930693069 0.009831460674157303 0.0429042904290429
1 0.44030898876404495 0.19389438943894388 0.011235955056179775 0.11386138613861387
1 0.5140449438202247 0.12871287128712872 0.09691011235955056 0.0231023102310231
1 0.43679775280898875 0.06765676567656766 0.019662921348314606 0.11551155115511551
1 0.37570224719101125 0.12953795379537955 0.042134831460674156 0.0231023102310231
1 0.34129213483146065 0.009075907590759076 0.1853932584269663 0.018151815181518153
1 0.2443820224719101 0.06683168316831684 0.019662921348314606 0.1188118811881188
1 0.2710674157303371 0.12871287128712872 0.04353932584269663 0.02145214521452145
1 0.24508426966292135 0.22524752475247525 0.018258426966292134 0.1782178217821782
1 0.19241573033707865 0.2887788778877888 0.12078651685393259 0.024752475247524754
1 0.14185393258426968 0.38696369636963696 0.016853932584269662 0.22277227722772278
1 0.20997191011235955 0.44471947194719474 0.019662921348314606 0.036303630363036306
1 0.21980337078651685 0.38283828382838286 0.042134831460674156 0.02145214521452145
1 0.37008426966292135 0.4661716171617162 0.011235955056179775 0.0627062706270627
1 0.34058988764044945 0.38696369636963696 0.18258426966292135 0.01485148514851485
1 0.21910112359550563 0.4991749174917492 0.28792134831460675 0.019801980198019802
1 0.1446629213483146 0.5594059405940595 0.012640449438202247 0.11716171617161716
1 0.1151685393258427 0.6097359735973598 0.07162921348314606 0.01485148514851485
1 0.042134831460674156 0.5882838283828383 0.019662921348314606 0.16336633663366337
1 0.20575842696629212 0.6749174917491749 0.3188202247191011 0.0231023102310231
1 0.3672752808988764 0.8044554455445545 0.018258426966292134 0.11551155115511551
1 0.5140449438202247 0.8663366336633663 0.28651685393258425 0.02145214521452145
1 0.8096910112359551 0.8655115511551155 0.2893258426966292 0.0231023102310231
1 0.9445224719101124 0.6823432343234324 0.019662921348314606 0.38943894389438943
1 0.9044943820224719 0.4991749174917492 0.0997191011235955 0.024752475247524754
1 0.7542134831460674 0.4991749174917492 0.18117977528089887 0.0231023102310231
1 0.6566011235955056 0.46204620462046203 0.014044943820224719 0.06930693069306931
1 0.7591292134831461 0.46534653465346537 0.018258426966292134 0.0924092409240924
1 0.6622191011235955 0.38613861386138615 0.18398876404494383 0.01485148514851485
1 0.6566011235955056 0.613036303630363 0.014044943820224719 0.11716171617161716
1 0.6587078651685393 0.7896039603960396 0.018258426966292134 0.06435643564356436
1 0.7570224719101124 0.6749174917491749 0.18398876404494383 0.026402640264026403
1 0.8518258426966292 0.6097359735973598 0.019662921348314606 0.0429042904290429
1 0.14185393258426968 0.8292079207920792 0.1853932584269663 0.024752475247524754
1 0.042837078651685394 0.75 0.019662921348314606 0.14686468646864687
0 0.4964887640449438 0.44554455445544555 0.9424157303370787 0.8910891089108911