1 0.23502994011976047 0.1631578947368421 0.16167664670658682 0.02280701754385965
1 0.14895209580838323 0.19473684210526315 0.020958083832335328 0.05087719298245614
1 0.14820359281437126 0.34912280701754383 0.020958083832335328 0.09649122807017543
1 0.2410179640718563 0.40789473684210525 0.17664670658682635 0.014035087719298246
1 0.23952095808383234 0.4517543859649123 0.01347305389221557 0.10350877192982456
1 0.3181137724550898 0.4842105263157895 0.011976047904191617 0.16842105263157894
1 0.30988023952095806 0.5605263157894737 0.038922155688622756 0.012280701754385965
1 0.20733532934131738 0.5605263157894737 0.10329341317365269 0.014035087719298246
1 0.14820359281437126 0.46842105263157896 0.020958083832335328 0.12105263157894737
1 0.10853293413173652 0.5640350877192982 0.07035928143712575 0.02280701754385965
1 0.14895209580838323 0.6412280701754386 0.020958083832335328 0.05263157894736842
1 0.1092814371257485 0.8035087719298246 0.0718562874251497 0.02456140350877193
1 0.14820359281437126 0.7719298245614035 0.019461077844311378 0.054385964912280704
1 0.23577844311377247 0.8043859649122806 0.16167664670658682 0.02280701754385965
1 0.2934131736526946 0.8701754385964913 0.02245508982035928 0.15087719298245614
1 0.38248502994011974 0.9333333333333333 0.20209580838323354 0.021052631578947368
1 0.43488023952095806 0.8482456140350877 0.03293413173652695 0.02456140350877193
1 0.3787425149700599 0.8359649122807018 0.019461077844311378 0.05263157894736842
1 0.45434131736526945 0.6482456140350877 0.05688622754491018 0.014035087719298246
1 0.38248502994011974 0.6850877192982456 0.01347305389221557 0.22807017543859648
1 0.48353293413173654 0.8280701754385965 0.017964071856287425 0.34385964912280703
1 0.5389221556886228 0.9298245614035088 0.1062874251497006 0.015789473684210527
1 0.5845808383233533 0.9605263157894737 0.01347305389221557 0.07894736842105263
1 0.6437125748502994 0.8271929824561404 0.020958083832335328 0.3456140350877193
1 0.7612275449101796 0.6517543859649123 0.10479041916167664 0.02280701754385965
1 0.8173652694610778 0.46842105263157896 0.019461077844311378 0.35789473684210527
1 0.8158682634730539 0.1394736842105263 0.020958083832335328 0.2789473684210526
1 0.4842814371257485 0.021052631578947368 0.02245508982035928 0.042105263157894736
1 0.4842814371257485 0.16842105263157894 0.020958083832335328 0.22631578947368422
1 0.4505988023952096 0.29035087719298247 0.06287425149700598 0.017543859649122806
1 0.4535928143712575 0.16228070175438597 0.08383233532934131 0.02280701754385965
1 0.38173652694610777 0.2833333333333333 0.01347305389221557 0.22982456140350876
1 0.5875748502994012 0.29035087719298247 0.1062874251497006 0.017543859649122806
1 0.7477544910179641 0.28771929824561404 0.058383233532934134 0.02280701754385965
1 0.6437125748502994 0.1649122807017544 0.023952095808383235 0.22982456140350876
1 0.5845808383233533 0.04649122807017544 0.038922155688622756 0.02456140350877193
1 0.7836826347305389 0.9087719298245615 0.02245508982035928 0.1824561403508772
0 0.4565868263473054 0.5 0.7664670658682635 1