1 0.2379863945578231 0.22805422647527912 0.0176462585034014 0.17188197767145133
1 0.26234013605442175 0.13606060606060608 0.03895238095238095 0.022169059011164283
1 0.38214965986394556 0.1358213716108453 0.07527891156462586 0.023110047846889966
1 0.4277414965986394 0.2346730462519936 0.011265306122448943 0.18799043062200957
1 0.461578231292517 0.23293460925039874 0.08013605442176867 0.014704944178628433
1 0.48708843537414964 0.3162519936204147 0.1299455782312925 0.012934609250398747
1 0.5463265306122449 0.30757575757575756 0.009836734693877575 0.041244019138756
1 0.5462312925170069 0.19840510366826158 0.011469387755101973 0.11046251993620414
1 0.4745578231292517 0.13583732057416267 0.09333333333333337 0.022408293460925058
1 0.5498775510204083 0.07628389154704944 0.018367346938775512 0.11095693779904305
1 0.6085714285714285 0.13637958532695377 0.04118367346938773 0.02279106858054225
1 0.6432789115646258 0.01762360446570973 0.17938775510204086 0.022169059011164272
1 0.7360136054421769 0.07604465709728866 0.019074829931972764 0.11547049441786285
1 0.7103537414965987 0.13547049441786282 0.041999999999999926 0.020893141945773516
1 0.7356326530612246 0.22853269537480062 0.01714285714285702 0.1721371610845295
1 0.7862312925170067 0.2902870813397129 0.11712925170068016 0.023859649122806983
1 0.8355646258503401 0.3851355661881978 0.016843537414966137 0.21496012759170657
1 0.7695646258503401 0.44108452950558213 0.019074829931972764 0.034944178628389104
1 0.7596190476190476 0.3811642743221691 0.04017687074829928 0.02146730462519933
1 0.6144489795918368 0.4617384370015949 0.011564625850340135 0.061323763955342975
1 0.6425578231292517 0.38483253588516747 0.17731972789115644 0.013811802232854904
1 0.7608707482993198 0.4939074960127592 0.2794421768707482 0.019362041467304605
1 0.8325578231292516 0.5515311004784689 0.012585034013605442 0.11317384370015955
1 0.8609115646258503 0.6008133971291866 0.06989115646258488 0.014114832535885203
1 0.9317687074829932 0.5793620414673046 0.018666666666666703 0.15744816586921853
1 0.7732244897959184 0.6631259968102073 0.30876190476190485 0.022424242424242336
1 0.6168843537414966 0.7885007974481658 0.01825850340136049 0.11192982456140362
1 0.4745170068027211 0.8483732057416267 0.27742857142857136 0.02076555023923442
1 0.1884081632653061 0.8479585326953747 0.2808163265306123 0.02207336523125984
1 0.0580952380952381 0.6704784688995216 0.019374149659863938 0.3771132376395535
1 0.09658503401360544 0.49333333333333335 0.09597278911564625 0.023843700159489705
1 0.24183673469387756 0.493859649122807 0.1758503401360544 0.022775119617224837
1 0.33643537414965985 0.45781499202551834 0.013088435374149667 0.06701754385964909
1 0.2376326530612245 0.46114832535885164 0.017551020408163233 0.08937799043062195
1 0.3309795918367347 0.3843700159489633 0.17866666666666667 0.014322169059011193
1 0.33695238095238095 0.6033652312599681 0.013020408163265296 0.11301435406698566
1 0.3347210884353742 0.7746251993620414 0.018312925170068 0.06151515151515159
1 0.239156462585034 0.6637639553429027 0.17797278911564626 0.024896331738437024
1 0.1477278911564626 0.6002392344497608 0.018721088435374136 0.04094098883572561
1 0.8354149659863945 0.8127113237639553 0.18019047619047626 0.023875598086124356
1 0.9311836734693877 0.7358851674641148 0.018884353741496746 0.1420893141945774
0 0.4922721088435374 0.4362519936204146 0.9124625850340136 0.8724880382775119