1 0.8639705882352942 0.4609704641350211 0.27205882352941174 0.014767932489451477
1 0.7261029411764706 0.3291139240506329 0.03308823529411765 0.1518987341772152
1 0.5073529411764706 0.2510548523206751 0.4227941176470588 0.016877637130801686
1 0.2867647058823529 0.35337552742616035 0.03308823529411765 0.20042194092827004
1 0.14338235294117646 0.25 0.2867647058823529 0.0189873417721519
1 0.12683823529411764 0.520042194092827 0.10661764705882353 0.02109704641350211
1 0.6617647058823529 0.5253164556962026 0.16176470588235295 0.0189873417721519
1 0.49080882352941174 0.5854430379746836 0.03308823529411765 0.10970464135021098
1 0.5220588235294118 0.6413502109704642 0.051470588235294115 0.0189873417721519
1 0.7058823529411765 0.6424050632911392 0.07352941176470588 0.0189873417721519
1 0.7242647058823529 0.5843881856540084 0.03676470588235294 0.1350210970464135
1 0.8658088235294118 0.6877637130801688 0.26838235294117646 0.016877637130801686
1 0.8639705882352942 0.2521097046413502 0.27205882352941174 0.0189873417721519
0 0.5 0.4694092827004219 1 0.46624472573839665