1 0.21675862068965518 0.12192460317460319 0.10882758620689656 0.01613095238095237
1 0.26079310344827583 0.13583333333333333 0.022379310344827617 0.048472222222222236
1 0.3887931034482759 0.12261904761904761 0.05872413793103449 0.018888888888888896
1 0.4576896551724138 0.12228174603174603 0.06589655172413798 0.017500000000000016
1 0.4197586206896552 0.24160714285714285 0.02355172413793108 0.23755952380952378
1 0.204 0.36232142857142857 0.2486206896551724 0.01708333333333336
1 0.07589655172413794 0.4798611111111112 0.029137931034482745 0.22871031746031747
1 0.24313793103448278 0.5987698412698412 0.3281034482758621 0.018472222222222116
1 0.07637931034482758 0.6849801587301587 0.030551724137931034 0.17089285714285712
1 0.1316896551724138 0.7715873015873016 0.10086206896551723 0.020198412698412598
1 0.4646896551724138 0.7704960317460318 0.10544827586206891 0.018690476190476108
1 0.5162068965517241 0.6850595238095237 0.035137931034482754 0.05787698412698405
1 0.5243448275862069 0.3968055555555556 0.0322413793103449 0.08646825396825393
1 0.622448275862069 0.48884920634920637 0.17982758620689648 0.017777777777777736
1 0.7142068965517242 0.4722222222222222 0.030275862068965424 0.027281746031746032
1 0.715103448275862 0.37333333333333335 0.031206896551724178 0.03906746031746031
1 0.6198275862068966 0.3632539682539683 0.2199655172413794 0.019146825396825353
1 0.7889655172413793 0.24222222222222226 0.027965517241379356 0.23400793650793653
1 0.6818620689655173 0.1976388888888889 0.24220689655172417 0.01738095238095236
1 0.633 0.12444444444444444 0.14724137931034478 0.01906746031746033
1 0.07693103448275862 0.24347222222222217 0.030655172413793105 0.2341269841269841
1 0.17468965517241378 0.20057539682539682 0.22448275862068964 0.013353174603174582
0 0.4353448275862069 0.4458134920634921 0.7620344827586207 0.6737301587301588