1 0.8973880597014925 0.44957081545064376 0.20522388059701493 0.015021459227467811
1 0.792910447761194 0.315450643776824 0.033582089552238806 0.15450643776824036
1 0.5708955223880597 0.23605150214592274 0.4291044776119403 0.017167381974248927
1 0.34701492537313433 0.34012875536480686 0.033582089552238806 0.20386266094420602
1 0.1865671641791045 0.23605150214592274 0.3208955223880597 0.019313304721030045
1 0.022388059701492536 0.2703862660944206 0.03731343283582089 0.06223175965665236
1 0.024253731343283583 0.47854077253218885 0.033582089552238806 0.06652360515021459
1 0.18470149253731344 0.509656652360515 0.10820895522388059 0.02145922746781116
1 0.7276119402985075 0.5150214592274678 0.16417910447761194 0.019313304721030045
1 0.5541044776119403 0.5761802575107297 0.033582089552238806 0.11158798283261803
1 0.585820895522388 0.6330472103004292 0.05223880597014925 0.019313304721030045
1 0.7723880597014925 0.6341201716738197 0.07462686567164178 0.019313304721030045
1 0.7910447761194029 0.575107296137339 0.03731343283582089 0.13733905579399142
1 0.8992537313432836 0.6802575107296137 0.20149253731343283 0.017167381974248927
1 0.8973880597014925 0.2371244635193133 0.20522388059701493 0.019313304721030045
0 0.5 0.4581545064377682 1 0.4742489270386266