1 0.9798507462686568 0.13819095477386933 0.04029850746268657 0.01507537688442211
1 0.9567164179104478 0.1721105527638191 0.014925373134328358 0.04648241206030151
1 0.9567164179104478 0.31155778894472363 0.014925373134328358 0.04522613065326633
1 0.9791044776119403 0.39321608040201006 0.041791044776119404 0.01256281407035176
1 0.8014925373134328 0.3944723618090452 0.28955223880597014 0.01507537688442211
1 0.9559701492537314 0.41457286432160806 0.019402985074626865 0.038944723618090454
1 0.9574626865671642 0.5402010050251256 0.014925373134328358 0.022613065326633167
1 0.6082089552238806 0.5402010050251256 0.6940298507462687 0.01507537688442211
1 0.664179104477612 0.539572864321608 0.016417910447761194 0.19095477386934673
1 0.908955223880597 0.13944723618090452 0.06865671641791045 0.013819095477386936
1 0.6985074626865672 0.13881909547738694 0.1253731343283582 0.01256281407035176
1 0.664179104477612 0.2305276381909548 0.014925373134328358 0.18090452261306533
1 0.6425373134328358 0.2851758793969849 0.041791044776119404 0.011306532663316583
1 0.5783582089552238 0.13881909547738694 0.03134328358208955 0.01256281407035176
1 0.5597014925373134 0.24183417085427136 0.020895522388059702 0.18592964824120603
1 0.5067164179104477 0.13881909547738694 0.08507462686567165 0.013819095477386936
1 0.3111940298507463 0.13944723618090452 0.0791044776119403 0.013819095477386936
1 0.26865671641791045 0.2638190954773869 0.013432835820895522 0.22989949748743718
1 0.3761194029850746 0.34610552763819097 0.20746268656716418 0.011306532663316583
1 0.21194029850746268 0.13944723618090452 0.08955223880597014 0.01507537688442211
1 0.026865671641791045 0.13756281407035176 0.05373134328358209 0.013819095477386936
1 0.04626865671641791 0.3687185929648241 0.09253731343283582 0.013819095477386936
1 0.12835820895522387 0.6224874371859297 0.25671641791044775 0.011306532663316583
1 0.26940298507462684 0.6118090452261307 0.014925373134328358 0.017587939698492462
1 0.8283582089552238 0.6865577889447236 0.34328358208955223 0.011306532663316583
1 0.6656716417910448 0.8391959798994975 0.01791044776119403 0.16331658291457288
1 0.641044776119403 0.7952261306532663 0.04477611940298507 0.016331658291457288
1 0.5619402985074626 0.8329145728643216 0.016417910447761194 0.17587939698492464
1 0.2701492537313433 0.8121859296482412 0.014925373134328358 0.21733668341708542
1 0.3761194029850746 0.7355527638190955 0.21194029850746268 0.01256281407035176
1 0.1664179104477612 0.7116834170854272 0.04477611940298507 0.01507537688442211
1 0.15223880597014924 0.6664572864321608 0.013432835820895522 0.08668341708542714
1 0.04626865671641791 0.7097989949748744 0.09253731343283582 0.01507537688442211
1 0.26940298507462684 0.46733668341708545 0.016417910447761194 0.02135678391959799
1 0.12835820895522387 0.457286432160804 0.25671641791044775 0.017587939698492462
1 0.16716417910447762 0.3693467336683417 0.04477611940298507 0.013819095477386936
1 0.15 0.41331658291457285 0.022388059701492536 0.08542713567839195
1 0.9559701492537314 0.7701005025125628 0.01791044776119403 0.04522613065326633
1 0.9574626865671642 0.9026381909547738 0.016417910447761194 0.0364321608040201
0 0.5 0.5232412060301508 1 0.7952261306532663