1 0.08653532608695652 0.08716571428571428 0.015760869565217384 0.07459428571428572
1 0.12217391304347826 0.12688 0.050040760869565236 0.011314285714285721
1 0.27297554347826086 0.12702857142857144 0.049347826086956516 0.011611428571428568
1 0.22460597826086956 0.055291428571428575 0.26927989130434776 0.012571428571428572
1 0.3619972826086957 0.08738285714285714 0.013709239130434826 0.07588571428571429
1 0.3625951086956522 0.246 0.015937500000000025 0.22188571428571427
1 0.3847010869565217 0.12757714285714286 0.0414673913043478 0.01444571428571427
1 0.520679347826087 0.12613714285714286 0.024510869565217343 0.01156571428571429
1 0.5204211956521739 0.3937942857142857 0.016793478260869583 0.5313028571428571
1 0.5199048913043478 0.3509257142857143 0.20597826086956525 0.012297142857142847
1 0.08668478260869565 0.16318857142857143 0.014388586956521744 0.05298285714285716
1 0.08633152173913042 0.32462857142857143 0.013709239130434777 0.09633142857142857
1 0.18557065217391305 0.3510857142857143 0.19574728260869564 0.011508571428571486
1 0.24461956521739128 0.3671885714285715 0.012336956521739108 0.031599999999999975
1 0.08600543478260869 0.4168 0.01425271739130435 0.02445714285714283
1 0.1976358695652174 0.43113142857142855 0.20058423913043477 0.015622857142857096
1 0.08627717391304347 0.4716914285714286 0.014864130434782605 0.06507428571428578
1 0.08691576086956522 0.6213942857142858 0.014605978260869566 0.060605714285714256
1 0.22131793478260867 0.6534857142857142 0.2483695652173913 0.010800000000000053
1 0.3102038043478261 0.5716 0.01288043478260872 0.15902857142857146
1 0.0866983695652174 0.6970285714285714 0.016304347826086956 0.0685371428571429
1 0.08585597826086956 0.8514857142857142 0.01521739130434782 0.06730285714285726
1 0.08620923913043478 0.9343199999999999 0.015312500000000005 0.07589714285714295
1 0.12052989130434781 0.8953028571428572 0.046630434782608685 0.011897142857142952
1 0.26290760869565216 0.8948 0.03735054347826088 0.012319999999999968
1 0.2151630434782609 0.9672114285714285 0.2572146739130435 0.012525714285714327
1 0.3361141304347826 0.8812114285714285 0.014823369565217426 0.18459428571428568
1 0.3786548913043478 0.8946971428571429 0.0838858695652174 0.010582857142857132
1 0.43050271739130436 0.9343771428571429 0.015434782608695671 0.07730285714285726
1 0.4501358695652174 0.9670857142857143 0.037866847826086965 0.01424000000000004
1 0.5949864130434783 0.9664114285714286 0.046114130434782526 0.011360000000000063
1 0.6103260869565217 0.9348799999999999 0.014239130434782633 0.0778057142857142
1 0.6618478260869566 0.8947771428571428 0.0829891304347826 0.011257142857142754
1 0.6103260869565217 0.7740571428571428 0.012826086956521814 0.2230971428571429
1 0.5980027173913044 0.6530514285714285 0.019048913043478236 0.011839999999999885
1 0.6790760869565218 0.20358857142857142 0.012812499999999932 0.30651428571428574
1 0.8547282608695653 0.35062857142857146 0.19728260869565223 0.013371428571428623
1 0.7961413043478262 0.3686285714285714 0.017309782608695666 0.0342514285714286
1 0.9539130434782609 0.32437714285714286 0.013084239130434931 0.09570285714285716
1 0.9537228260869566 0.4169257142857143 0.012540760869565242 0.022571428571428572
1 0.8420244565217392 0.4301028571428571 0.19968750000000005 0.012457142857142832
1 0.9539945652173912 0.4730285714285714 0.013899456521739155 0.06531428571428569
1 0.9537228260869566 0.62088 0.014171195652174 0.06038857142857133
1 0.8204891304347826 0.6529257142857142 0.24576086956521723 0.010982857142857029
1 0.7319565217391305 0.5716800000000001 0.013899456521739155 0.16184000000000007
1 0.9542663043478261 0.6966514285714286 0.015774456521738995 0.06857142857142857
1 0.7055570652173913 0.7319657142857143 0.01641304347826077 0.03407999999999993
1 0.6567934782608695 0.7429257142857142 0.09311141304347823 0.010582857142857132
1 0.7046875 0.8817257142857142 0.0165760869565218 0.18463999999999994
1 0.8295923913043479 0.9666399999999999 0.2502853260869566 0.013725714285714275
1 0.9537092391304347 0.9349371428571429 0.0165760869565218 0.07922285714285707
1 0.7776766304347826 0.8950285714285714 0.03661684782608702 0.012937142857142784
1 0.9223097826086957 0.8938971428571428 0.04466032608695637 0.011474285714285673
1 0.9538722826086956 0.8522285714285714 0.014986413043478223 0.06990857142857151
1 0.4416440217391305 0.6530171428571429 0.022663043478260803 0.01221714285714292
1 0.43088315217391304 0.7747885714285715 0.018804347826087 0.22487999999999997
1 0.3358152173913043 0.7313828571428572 0.01495923913043477 0.034
1 0.38294836956521744 0.7445257142857143 0.09290760869565216 0.016845714285714297
1 0.7686820652173914 0.12726857142857143 0.04845108695652185 0.013451428571428583
1 0.9187364130434783 0.1268 0.05122282608695659 0.012514285714285702
1 0.9539673913043478 0.1624342857142857 0.01849184782608682 0.05392000000000001
1 0.9535054347826086 0.08801142857142857 0.01645380434782595 0.07865142857142857
1 0.8156521739130436 0.05540571428571428 0.27218749999999997 0.016239999999999994
0 0.5212228260869566 0.5131542857142857 0.8975679347826085 0.9406399999999999