1 0.025280898876404494 0.8702830188679245 0.05056179775280899 0.014150943396226415
1 0.05337078651685393 0.839622641509434 0.014044943820224719 0.04363207547169811
1 0.05337078651685393 0.7087264150943396 0.014044943820224719 0.04245283018867924
1 0.025280898876404494 0.6308962264150944 0.05056179775280899 0.01179245283018868
1 0.199438202247191 0.6308962264150944 0.27247191011235955 0.014150943396226415
1 0.05407303370786517 0.6120283018867925 0.018258426966292134 0.036556603773584904
1 0.05266853932584269 0.49410377358490565 0.014044943820224719 0.02122641509433962
1 0.3813202247191011 0.49410377358490565 0.6530898876404494 0.014150943396226415
1 0.32865168539325845 0.4946933962264151 0.01544943820224719 0.1792452830188679
1 0.09831460674157304 0.8702830188679245 0.06460674157303371 0.012971698113207548
1 0.29634831460674155 0.870872641509434 0.11797752808988764 0.01179245283018868
1 0.32865168539325845 0.7847877358490566 0.014044943820224719 0.16981132075471697
1 0.34901685393258425 0.7334905660377359 0.03932584269662921 0.01061320754716981
1 0.40941011235955055 0.870872641509434 0.02949438202247191 0.01179245283018868
1 0.42696629213483145 0.7741745283018868 0.019662921348314606 0.17452830188679244
1 0.4768258426966292 0.870872641509434 0.0800561797752809 0.012971698113207548
1 0.660814606741573 0.8702830188679245 0.07443820224719101 0.012971698113207548
1 0.7008426966292135 0.7535377358490566 0.012640449438202247 0.21580188679245282
1 0.5997191011235955 0.6762971698113207 0.1952247191011236 0.01061320754716981
1 0.7542134831460674 0.8702830188679245 0.08426966292134831 0.014150943396226415
1 0.9438202247191011 0.8714622641509434 0.08286516853932584 0.012971698113207548
1 0.9950842696629213 0.8408018867924528 0.009831460674157303 0.04009433962264151
1 0.9943820224719101 0.7175707547169812 0.011235955056179775 0.031839622641509434
1 0.9332865168539326 0.6538915094339622 0.13342696629213482 0.012971698113207548
1 0.9950842696629213 0.6167452830188679 0.009831460674157303 0.07311320754716981
1 0.9950842696629213 0.37087264150943394 0.009831460674157303 0.07193396226415094
1 0.8490168539325843 0.41627358490566035 0.273876404494382 0.01061320754716981
1 0.7001404494382022 0.4268867924528302 0.014044943820224719 0.01650943396226415
1 0.1678370786516854 0.3555424528301887 0.3356741573033708 0.01061320754716981
1 0.32865168539325845 0.20400943396226415 0.016853932584269662 0.17099056603773585
1 0.35042134831460675 0.25471698113207547 0.042134831460674156 0.015330188679245283
1 0.29634831460674155 0.1179245283018868 0.11797752808988764 0.01179245283018868
1 0.4101123595505618 0.1179245283018868 0.028089887640449437 0.01061320754716981
1 0.4262640449438202 0.21521226415094338 0.01544943820224719 0.1733490566037736
1 0.4789325842696629 0.1179245283018868 0.0800561797752809 0.01179245283018868
1 0.660814606741573 0.1179245283018868 0.07443820224719101 0.01179245283018868
1 0.7001404494382022 0.23349056603773585 0.014044943820224719 0.2134433962264151
1 0.5997191011235955 0.3107311320754717 0.199438202247191 0.01179245283018868
1 0.7535112359550562 0.11733490566037735 0.08426966292134831 0.014150943396226415
1 0.7970505617977528 0.3331367924528302 0.042134831460674156 0.014150943396226415
1 0.8103932584269663 0.3755896226415094 0.012640449438202247 0.08136792452830188
1 0.9332865168539326 0.33372641509433965 0.13342696629213482 0.014150943396226415
1 0.9943820224719101 0.2706367924528302 0.011235955056179775 0.031839622641509434
1 0.9943820224719101 0.14445754716981132 0.011235955056179775 0.03891509433962264
1 0.9445224719101124 0.1179245283018868 0.08567415730337079 0.012971698113207548
1 0.7001404494382022 0.5625 0.01544943820224719 0.020047169811320754
1 0.8497191011235955 0.5719339622641509 0.27668539325842695 0.01650943396226415
1 0.7963483146067416 0.6544811320754716 0.042134831460674156 0.012971698113207548
1 0.8125 0.6132075471698113 0.021067415730337078 0.08018867924528301
1 0.05407303370786517 0.27889150943396224 0.016853932584269662 0.04245283018867924
1 0.05337078651685393 0.14858490566037735 0.01544943820224719 0.04481132075471698
1 0.09691011235955056 0.1179245283018868 0.06601123595505617 0.01650943396226415
1 0.026685393258426966 0.1179245283018868 0.05337078651685393 0.014150943396226415
0 0.5 0.49410377358490565 1 0.7783018867924528