1 0.8718836565096952 0.757847533632287 0.0221606648199446 0.2600896860986547
1 0.8497229916897507 0.8946188340807175 0.03462603878116344 0.033632286995515695
1 0.7569252077562327 0.8957399103139013 0.07063711911357341 0.033632286995515695
1 0.7534626038781164 0.8262331838565022 0.013850415512465374 0.1726457399103139
1 0.7292243767313019 0.7544843049327354 0.1883656509695291 0.03139013452914798
1 0.646814404432133 0.702914798206278 0.0221606648199446 0.23318385650224216
1 0.6655124653739612 0.8968609865470852 0.03185595567867036 0.03587443946188341
1 0.6253462603878116 0.8946188340807175 0.027700831024930747 0.03811659192825112
1 0.48753462603878117 0.8957399103139013 0.045706371191135735 0.03811659192825112
1 0.3497229916897507 0.8957399103139013 0.030470914127423823 0.03811659192825112
1 0.2984764542936288 0.8957399103139013 0.05678670360110803 0.03587443946188341
1 0.3296398891966759 0.7130044843049327 0.024930747922437674 0.35874439461883406
1 0.44944598337950137 0.57847533632287 0.2631578947368421 0.04484304932735426
1 0.1329639889196676 0.8957399103139013 0.04709141274238227 0.03587443946188341
1 0.10526315789473684 0.8217488789237668 0.0221606648199446 0.1367713004484305
1 0.10526315789473684 0.5067264573991032 0.023545706371191136 0.13228699551569506
1 0.10457063711911357 0.3901345291479821 0.0221606648199446 0.07399103139013453
1 0.21814404432132964 0.43385650224215244 0.21606648199445982 0.033632286995515695
1 0.3296398891966759 0.24663677130044842 0.0221606648199446 0.2040358744394619
1 0.3448753462603878 0.3060538116591928 0.05263157894736842 0.033632286995515695
1 0.21745152354570638 0.1412556053811659 0.2146814404432133 0.03811659192825112
1 0.10457063711911357 0.18385650224215247 0.023545706371191136 0.07399103139013453
1 0.6232686980609419 0.3071748878923767 0.037396121883656507 0.03811659192825112
1 0.7596952908587258 0.3071748878923767 0.21606648199445982 0.03139013452914798
1 0.871191135734072 0.27802690582959644 0.0221606648199446 0.04484304932735426
1 0.871191135734072 0.16928251121076232 0.0221606648199446 0.04708520179372197
1 0.7915512465373962 0.1367713004484305 0.15373961218836565 0.03139013452914798
1 0.8718836565096952 0.38004484304932734 0.0221606648199446 0.13452914798206278
1 0.6461218836565097 0.48878923766816146 0.02077562326869806 0.16367713004484305
0 0.48753462603878117 0.515695067264574 0.8005540166204986 0.8094170403587444