1 0.13412244897959183 0.24902869757174392 0.021850340136054424 0.256644591611479
1 0.15610884353741497 0.11432671081677705 0.034285714285714274 0.033024282560706386
1 0.24674829931972792 0.11421633554083886 0.06872108843537414 0.03415011037527593
1 0.2500680272108844 0.1816777041942605 0.013959183673469376 0.17041942604856516
1 0.2744761904761905 0.25280353200883 0.18473469387755098 0.02997792494481239
1 0.3550884353741497 0.3036423841059603 0.02239455782312926 0.22993377483443705
1 0.337047619047619 0.112560706401766 0.03111564625850337 0.0362251655629139
1 0.37610884353741497 0.11470198675496689 0.027102040816326476 0.03646799116997792
1 0.5113469387755102 0.11357615894039735 0.04453061224489798 0.03690949227373068
1 0.6466394557823129 0.11346578366445915 0.029727891156462617 0.03801324503311258
1 0.6975238095238094 0.11346578366445915 0.05517006802721082 0.03532008830022075
1 0.6668979591836734 0.29342163355408385 0.024612244897959226 0.3521854304635762
1 0.5490204081632652 0.4265562913907285 0.25843537414965995 0.0437086092715232
1 0.8600272108843537 0.11320088300220751 0.04665306122448975 0.034922737306843255
1 0.8871156462585034 0.1863355408388521 0.021129251700680234 0.13392935982339957
1 0.8874013605442177 0.49624724061810155 0.023102040816326556 0.1309271523178808
1 0.8874557823129251 0.611766004415011 0.021129251700680234 0.07192052980132459
1 0.7764625850340137 0.5685651214128036 0.21195918367346933 0.033841059602649035
1 0.6668843537414967 0.7523841059602648 0.021360544217687138 0.2002428256070641
1 0.6516870748299319 0.6938631346578367 0.051278911564625926 0.03379690949227361
1 0.7765306122448979 0.8567549668874173 0.2108843537414966 0.038013245033112646
1 0.8875102040816327 0.8148123620309051 0.023333333333333456 0.07322295805739505
1 0.37804081632653064 0.693598233995585 0.03721088435374153 0.03657836644591623
1 0.24436734693877554 0.6929359823399558 0.21180952380952386 0.029823399558498876
1 0.13457142857142856 0.7222075055187639 0.022068027210884352 0.0437969094922738
1 0.13457142857142856 0.829205298013245 0.022068027210884352 0.04637969094922735
1 0.21302040816326528 0.8614569536423842 0.15047619047619049 0.030022075055187687
1 0.13368707482993197 0.6210375275938189 0.022435374149659876 0.1325827814569537
1 0.3559455782312925 0.5143487858719646 0.02069387755102042 0.16068432671081676
0 0.5118231292517007 0.4877262693156733 0.7863129251700681 0.7978807947019866