1 0.04621212121212121 0.24876847290640394 0.024242424242424242 0.2857142857142857
1 0.07045454545454545 0.09852216748768473 0.03787878787878788 0.03694581280788178
1 0.17196969696969697 0.09729064039408868 0.07727272727272727 0.03694581280788178
1 0.17575757575757575 0.17364532019704434 0.015151515151515152 0.1896551724137931
1 0.20227272727272727 0.2524630541871921 0.20606060606060606 0.034482758620689655
1 0.2924242424242424 0.3091133004926108 0.024242424242424242 0.2561576354679803
1 0.271969696969697 0.0960591133004926 0.03484848484848485 0.03940886699507389
1 0.3159090909090909 0.09852216748768473 0.030303030303030304 0.04187192118226601
1 0.4666666666666667 0.09729064039408868 0.05 0.04187192118226601
1 0.6174242424242424 0.09729064039408868 0.03333333333333333 0.04187192118226601
1 0.6734848484848485 0.09729064039408868 0.06212121212121212 0.03940886699507389
1 0.6393939393939394 0.29802955665024633 0.02727272727272727 0.39408866995073893
1 0.5083333333333333 0.4458128078817734 0.2878787878787879 0.04926108374384237
1 0.8545454545454545 0.09729064039408868 0.051515151515151514 0.03940886699507389
1 0.8848484848484849 0.17857142857142858 0.024242424242424242 0.15024630541871922
1 0.8848484848484849 0.5246305418719212 0.025757575757575757 0.14532019704433496
1 0.8856060606060606 0.6527093596059114 0.024242424242424242 0.0812807881773399
1 0.7613636363636364 0.604679802955665 0.23636363636363636 0.03694581280788178
1 0.6393939393939394 0.8103448275862069 0.024242424242424242 0.22413793103448276
1 0.6227272727272727 0.7450738916256158 0.05757575757575758 0.03694581280788178
1 0.7621212121212121 0.9261083743842364 0.23484848484848486 0.04187192118226601
1 0.8856060606060606 0.8793103448275862 0.025757575757575757 0.0812807881773399
1 0.3181818181818182 0.7438423645320197 0.04090909090909091 0.04187192118226601
1 0.16893939393939394 0.7438423645320197 0.23636363636363636 0.034482758620689655
1 0.04696969696969697 0.7758620689655172 0.024242424242424242 0.04926108374384237
1 0.04696969696969697 0.895320197044335 0.024242424242424242 0.05172413793103448
1 0.1340909090909091 0.9310344827586207 0.16818181818181818 0.034482758620689655
1 0.04621212121212121 0.6637931034482759 0.024242424242424242 0.1477832512315271
1 0.29318181818181815 0.5443349753694581 0.022727272727272728 0.17980295566502463
0 0.4666666666666667 0.5147783251231527 0.8757575757575757 0.8891625615763546