1 0.15071942446043166 0.07609642301710731 0.053633093525179844 0.01877138413685849
1 0.11865107913669065 0.11542768273716951 0.024046762589928064 0.07451010886469672
1 0.32386690647482014 0.07587869362363919 0.06338129496402879 0.01833592534992225
1 0.3583273381294964 0.20534992223950232 0.024442446043165422 0.25381026438569204
1 0.4749460431654676 0.28153965785381024 0.10232014388489206 0.02297045101088644
1 0.6895863309352518 0.2810575427682737 0.3078776978417265 0.021990668740279915
1 0.898794964028777 0.25612752721617416 0.023830935251798562 0.04197511664074652
1 0.8999280575539569 0.3134836702954899 0.02363309352517983 0.055956454121306405
1 0.7235791366906474 0.2059564541213064 0.02147482014388499 0.17136858475894245
1 0.8651978417266187 0.07542768273716952 0.0565107913669064 0.017884914463452566
1 0.8997482014388489 0.14670295489891136 0.02485611510791376 0.08161741835147743
1 0.8124280575539568 0.1774339035769829 0.20032374100719424 0.020497667185069995
1 0.7565287769784173 0.07611197511664074 0.05588129496402887 0.017729393468118203
1 0.6752697841726618 0.07584758942457233 0.08999999999999994 0.01771384136858476
1 0.4056654676258993 0.07561430793157076 0.08789568345323742 0.017807153965785385
1 0.5320503597122302 0.41091757387247285 0.02406474820143884 0.14587869362363917
1 0.6117805755395683 0.4874339035769829 0.151726618705036 0.020995334370139968
1 0.7951978417266187 0.48671850699844477 0.1996043165467626 0.018180404354587953
1 0.8985971223021583 0.46497667185069985 0.02379496402877701 0.045209953343701474
1 0.8991906474820144 0.5600777604976672 0.025017985611510734 0.05133748055987557
1 0.6928057553956835 0.6127371695178849 0.026654676258992895 0.15665629860031108
1 0.7962769784172662 0.6944945567651633 0.19929856115107905 0.021850699844478932
1 0.8986510791366906 0.6733281493001555 0.023920863309352437 0.03454121306376366
1 0.6921402877697841 0.7566251944012442 0.023651079136690605 0.11785381026438566
1 0.4472841726618705 0.8738724727838257 0.02419064748201437 0.16189735614307926
1 0.28428057553956837 0.9547278382581649 0.16803956834532374 0.021010886469673393
1 0.11714028776978416 0.9274650077760498 0.022967625899280582 0.04760497667185055
1 0.11852517985611512 0.8316018662519441 0.022032374100719423 0.0458164852255055
1 0.264136690647482 0.8042923794712286 0.1801258992805755 0.022597200622083938
1 0.3580755395683453 0.6714152410575428 0.023884892086330885 0.2552410575427682
1 0.11807553956834534 0.7631259720062209 0.025755395683453225 0.07550544323483672
1 0.11798561151079136 0.5284447900466563 0.024676258992805754 0.07430793157076201
1 0.23868705035971224 0.4880870917573872 0.2297661870503597 0.02205287713841361
1 0.2525719424460432 0.467760497667185 0.022032374100719423 0.06108864696734055
1 0.11767985611510792 0.46755832037325035 0.024046762589928064 0.03573872472783829
1 0.11838129496402877 0.412954898911353 0.024514388489208627 0.03679626749611197
1 0.23861510791366905 0.3920217729393468 0.23055755395683453 0.023110419906687423
1 0.11852517985611512 0.35051321928460344 0.025755395683453225 0.07612752721617416
0 0.5073021582733813 0.5159564541213063 0.8202877697841727 0.9170139968895799