1 0.14909090909090908 0.06918238993710692 0.05454545454545454 0.018867924528301886
1 0.11636363636363636 0.10849056603773585 0.023636363636363636 0.07547169811320754
1 0.3236363636363636 0.06918238993710692 0.06363636363636363 0.018867924528301886
1 0.35818181818181816 0.19968553459119498 0.025454545454545455 0.2562893081761006
1 0.4763636363636364 0.27672955974842767 0.10363636363636364 0.02358490566037736
1 0.6936363636363636 0.2759433962264151 0.3109090909090909 0.0220125786163522
1 0.9045454545454545 0.2507861635220126 0.023636363636363636 0.04245283018867924
1 0.9063636363636364 0.3089622641509434 0.023636363636363636 0.05660377358490566
1 0.7281818181818182 0.20047169811320756 0.02181818181818182 0.17295597484276728
1 0.8709090909090909 0.06839622641509434 0.056363636363636366 0.018867924528301886
1 0.9063636363636364 0.14072327044025157 0.025454545454545455 0.08176100628930817
1 0.8172727272727273 0.17138364779874213 0.2018181818181818 0.020440251572327043
1 0.7609090909090909 0.06918238993710692 0.056363636363636366 0.01729559748427673
1 0.6790909090909091 0.06918238993710692 0.09090909090909091 0.01729559748427673
1 0.40636363636363637 0.06839622641509434 0.0890909090909091 0.01729559748427673
1 0.5345454545454545 0.40723270440251574 0.023636363636363636 0.14779874213836477
1 0.6145454545454545 0.485062893081761 0.15272727272727274 0.0220125786163522
1 0.8 0.48427672955974843 0.2018181818181818 0.018867924528301886
1 0.9045454545454545 0.46226415094339623 0.023636363636363636 0.04559748427672956
1 0.9054545454545454 0.5581761006289309 0.025454545454545455 0.05188679245283019
1 0.6963636363636364 0.6116352201257862 0.02727272727272727 0.15880503144654087
1 0.8009090909090909 0.6941823899371069 0.2018181818181818 0.0220125786163522
1 0.9045454545454545 0.6729559748427673 0.023636363636363636 0.03459119496855346
1 0.6963636363636364 0.7570754716981132 0.023636363636363636 0.11949685534591195
1 0.4481818181818182 0.8757861635220126 0.023636363636363636 0.16352201257861634
1 0.28363636363636363 0.9575471698113207 0.1690909090909091 0.0220125786163522
1 0.11454545454545455 0.9300314465408805 0.023636363636363636 0.04874213836477988
1 0.11636363636363636 0.8325471698113207 0.02181818181818182 0.04559748427672956
1 0.2636363636363636 0.8050314465408805 0.18181818181818182 0.02358490566037736
1 0.35818181818181816 0.6705974842767296 0.023636363636363636 0.2578616352201258
1 0.11545454545454545 0.7633647798742138 0.025454545454545455 0.0770440251572327
1 0.11545454545454545 0.5267295597484277 0.025454545454545455 0.07547169811320754
1 0.23727272727272727 0.4858490566037736 0.23272727272727273 0.0220125786163522
1 0.25181818181818183 0.46540880503144655 0.02181818181818182 0.06132075471698113
1 0.11545454545454545 0.46462264150943394 0.023636363636363636 0.036163522012578615
1 0.11636363636363636 0.40959119496855345 0.025454545454545455 0.03773584905660377
1 0.23727272727272727 0.38836477987421386 0.23272727272727273 0.02358490566037736
1 0.11636363636363636 0.3466981132075472 0.025454545454545455 0.0770440251572327
0 0.509090909090909 0.5141509433962265 0.8290909090909091 0.9276729559748428