1 0.8585657370517928 0.06013745704467354 0.05976095617529881 0.020618556701030927
1 0.8944223107569721 0.10309278350515463 0.025896414342629483 0.08247422680412371
1 0.6673306772908366 0.06013745704467354 0.0697211155378486 0.020618556701030927
1 0.6294820717131474 0.2027491408934708 0.027888446215139442 0.2800687285223368
1 0.5 0.2869415807560137 0.11354581673306773 0.02577319587628866
1 0.26195219123505975 0.2860824742268041 0.34063745019920316 0.024054982817869417
1 0.030876494023904383 0.25859106529209624 0.025896414342629483 0.04639175257731959
1 0.02888446215139442 0.32216494845360827 0.025896414342629483 0.061855670103092786
1 0.2241035856573705 0.2036082474226804 0.02390438247011952 0.18900343642611683
1 0.06772908366533864 0.059278350515463915 0.061752988047808766 0.020618556701030927
1 0.02888446215139442 0.13831615120274915 0.027888446215139442 0.08934707903780069
1 0.12649402390438247 0.1718213058419244 0.22111553784860558 0.022336769759450172
1 0.18824701195219123 0.06013745704467354 0.061752988047808766 0.018900343642611683
1 0.2778884462151394 0.06013745704467354 0.099601593625498 0.018900343642611683
1 0.5766932270916335 0.059278350515463915 0.09760956175298804 0.018900343642611683
1 0.4362549800796813 0.42955326460481097 0.025896414342629483 0.16151202749140894
1 0.34860557768924305 0.5146048109965635 0.16733067729083664 0.024054982817869417
1 0.1454183266932271 0.5137457044673539 0.22111553784860558 0.020618556701030927
1 0.030876494023904383 0.4896907216494845 0.025896414342629483 0.04982817869415808
1 0.029880478087649404 0.5945017182130584 0.027888446215139442 0.05670103092783505
1 0.2589641434262948 0.6529209621993127 0.029880478087649404 0.17353951890034364
1 0.14442231075697212 0.743127147766323 0.22111553784860558 0.024054982817869417
1 0.030876494023904383 0.7199312714776632 0.025896414342629483 0.037800687285223365
1 0.2589641434262948 0.8118556701030928 0.025896414342629483 0.13058419243986255
1 0.5318725099601593 0.9252577319587629 0.027888446215139442 0.14948453608247422
1 0.897410358565737 0.9871134020618557 0.025896414342629483 0.02577319587628866
1 0.8944223107569721 0.8943298969072165 0.02390438247011952 0.04982817869415808
1 0.7330677290836654 0.8642611683848798 0.199203187250996 0.02577319587628866
1 0.6294820717131474 0.7173539518900344 0.025896414342629483 0.281786941580756
1 0.8954183266932271 0.8187285223367697 0.027888446215139442 0.08419243986254296
1 0.8954183266932271 0.5601374570446735 0.027888446215139442 0.08247422680412371
1 0.7619521912350598 0.5154639175257731 0.2549800796812749 0.024054982817869417
1 0.7460159362549801 0.49312714776632305 0.02390438247011952 0.06701030927835051
1 0.8954183266932271 0.49226804123711343 0.025896414342629483 0.03951890034364261
1 0.8944223107569721 0.4321305841924399 0.027888446215139442 0.041237113402061855
1 0.7619521912350598 0.40893470790378006 0.2549800796812749 0.02577319587628866
1 0.8944223107569721 0.3634020618556701 0.027888446215139442 0.08419243986254296
0 0.4641434262948207 0.5189003436426117 0.9083665338645418 0.9621993127147767