1 0.048833819241982504 0.22286821705426357 0.013119533527696793 0.17571059431524547
1 0.10131195335276968 0.12661498708010335 0.07580174927113703 0.0103359173126615
1 0.22011661807580174 0.12661498708010335 0.08163265306122448 0.0103359173126615
1 0.08381924198250729 0.3772609819121447 0.04664723032069971 0.0103359173126615
1 0.048833819241982504 0.39147286821705424 0.01020408163265306 0.020671834625323
1 0.048833819241982504 0.46963824289405687 0.01020408163265306 0.06459948320413436
1 0.048833819241982504 0.5872093023255814 0.008746355685131196 0.06459948320413436
1 0.04956268221574344 0.6640826873385013 0.01020408163265306 0.020671834625323
1 0.048833819241982504 0.7215762273901809 0.008746355685131196 0.06459948320413436
1 0.09985422740524781 0.9295865633074936 0.07580174927113703 0.00904392764857881
1 0.21865889212827988 0.9295865633074936 0.08454810495626822 0.00904392764857881
1 0.26457725947521865 0.8036175710594315 0.01020408163265306 0.22868217054263565
1 0.3739067055393586 0.6776485788113695 0.19096209912536444 0.0103359173126615
1 0.48250728862973763 0.6149870801033591 0.011661807580174927 0.1020671834625323
1 0.5787172011661808 0.5684754521963824 0.18658892128279883 0.011627906976744186
1 0.7470845481049563 0.582687338501292 0.014577259475218658 0.03875968992248062
1 0.8556851311953353 0.6059431524547804 0.1924198250728863 0.0103359173126615
1 0.9839650145772595 0.6046511627906976 0.03206997084548105 0.0103359173126615
1 0.9839650145772595 0.4496124031007752 0.03206997084548105 0.0103359173126615
1 0.8549562682215743 0.4496124031007752 0.19096209912536444 0.0103359173126615
1 0.7463556851311953 0.4728682170542636 0.013119533527696793 0.037467700258397935
1 0.7478134110787172 0.30684754521963825 0.011661807580174927 0.15374677002583978
1 0.8556851311953353 0.2351421188630491 0.20845481049562684 0.0103359173126615
1 0.9642857142857143 0.29780361757105944 0.013119533527696793 0.1925064599483204
1 0.9650145772594753 0.15310077519379844 0.008746355685131196 0.029715762273901807
1 0.8002915451895044 0.12726098191214472 0.07725947521865889 0.0103359173126615
1 0.749271137026239 0.15439276485788114 0.011661807580174927 0.037467700258397935
1 0.7368804664723032 0.12596899224806202 0.01749271137026239 0.0103359173126615
1 0.6647230320699709 0.12661498708010335 0.04664723032069971 0.0103359173126615
1 0.6676384839650146 0.20219638242894056 0.011661807580174927 0.14728682170542637
1 0.575801749271137 0.12661498708010335 0.05102040816326531 0.0103359173126615
1 0.576530612244898 0.19702842377260982 0.014577259475218658 0.1343669250645995
1 0.5451895043731778 0.268733850129199 0.13702623906705538 0.00904392764857881
1 0.48250728862973763 0.28875968992248063 0.011661807580174927 0.03359173126614987
1 0.4839650145772595 0.17829457364341086 0.013119533527696793 0.082687338501292
1 0.49854227405247814 0.12467700258397933 0.023323615160349854 0.00904392764857881
1 0.4329446064139942 0.12596899224806202 0.07434402332361516 0.011627906976744186
1 0.28717201166180756 0.12661498708010335 0.014577259475218658 0.0103359173126615
1 0.2653061224489796 0.25193798449612403 0.01020408163265306 0.23255813953488372
1 0.3739067055393586 0.3772609819121447 0.18950437317784258 0.00904392764857881
1 0.48250728862973763 0.4405684754521964 0.01020408163265306 0.10335917312661498
1 0.5794460641399417 0.4870801033591731 0.18513119533527697 0.0103359173126615
1 0.17201166180758018 0.37790697674418605 0.03206997084548105 0.0103359173126615
1 0.16107871720116618 0.4631782945736434 0.01020408163265306 0.16020671834625322
1 0.10495626822157435 0.45930232558139533 0.10349854227405247 0.0103359173126615
1 0.11005830903790087 0.5962532299741602 0.11370262390670553 0.0103359173126615
1 0.12536443148688048 0.6776485788113695 0.1282798833819242 0.012919896640826873
1 0.16107871720116618 0.6085271317829457 0.01020408163265306 0.03875968992248062
1 0.4314868804664723 0.9295865633074936 0.07580174927113703 0.007751937984496124
1 0.48250728862973763 0.8766149870801033 0.01020408163265306 0.082687338501292
1 0.48250728862973763 0.7713178294573644 0.011661807580174927 0.04392764857881137
1 0.5481049562682215 0.7868217054263565 0.12099125364431487 0.00904392764857881
1 0.5736151603498543 0.8546511627906976 0.01020408163265306 0.1434108527131783
1 0.49927113702623904 0.9295865633074936 0.023323615160349854 0.0103359173126615
1 0.5743440233236151 0.9302325581395349 0.052478134110787174 0.00904392764857881
1 0.6618075801749271 0.9302325581395349 0.04664723032069971 0.011627906976744186
1 0.6669096209912536 0.8546511627906976 0.013119533527696793 0.1434108527131783
1 0.7354227405247813 0.9289405684754521 0.016034985422740525 0.0103359173126615
1 0.7478134110787172 0.898578811369509 0.01020408163265306 0.040051679586563305
1 0.7478134110787172 0.7512919896640827 0.016034985422740525 0.16020671834625322
1 0.8556851311953353 0.8204134366925064 0.21574344023323616 0.014211886304909561
1 0.7973760932944607 0.9289405684754521 0.08017492711370262 0.012919896640826873
1 0.9467930029154519 0.9295865633074936 0.018950437317784258 0.011627906976744186
1 0.9642857142857143 0.7571059431524548 0.014577259475218658 0.19121447028423771
1 0.9635568513119533 0.9043927648578811 0.013119533527696793 0.03359173126614987
0 0.5043731778425656 0.5277777777777778 0.9533527696793003 0.8307493540051679