1 0.07332402234636871 0.7877475247524752 0.012569832402234637 0.16831683168316833
1 0.12360335195530726 0.879950495049505 0.07262569832402235 0.009900990099009901
1 0.23743016759776536 0.879950495049505 0.0782122905027933 0.009900990099009901
1 0.10684357541899442 0.6398514851485149 0.0446927374301676 0.009900990099009901
1 0.07332402234636871 0.6262376237623762 0.009776536312849162 0.019801980198019802
1 0.07332402234636871 0.5513613861386139 0.009776536312849162 0.06188118811881188
1 0.07332402234636871 0.43873762376237624 0.008379888268156424 0.06188118811881188
1 0.07402234636871509 0.3650990099009901 0.009776536312849162 0.019801980198019802
1 0.07332402234636871 0.3100247524752475 0.008379888268156424 0.06188118811881188
1 0.12220670391061453 0.11076732673267327 0.07262569832402235 0.008663366336633664
1 0.2360335195530726 0.11076732673267327 0.08100558659217877 0.008663366336633664
1 0.28002793296089384 0.23143564356435645 0.009776536312849162 0.21905940594059406
1 0.38477653631284914 0.3521039603960396 0.1829608938547486 0.009900990099009901
1 0.4888268156424581 0.4121287128712871 0.0111731843575419 0.09777227722772278
1 0.5810055865921788 0.4566831683168317 0.1787709497206704 0.011138613861386138
1 0.74231843575419 0.4430693069306931 0.013966480446927373 0.03712871287128713
1 0.8463687150837989 0.4207920792079208 0.18435754189944134 0.009900990099009901
1 0.9769553072625698 0.4207920792079208 0.046089385474860335 0.009900990099009901
1 0.9769553072625698 0.5705445544554455 0.046089385474860335 0.009900990099009901
1 0.8456703910614525 0.5705445544554455 0.1829608938547486 0.009900990099009901
1 0.7416201117318436 0.5482673267326733 0.012569832402234637 0.03589108910891089
1 0.7430167597765364 0.7073019801980198 0.0111731843575419 0.14603960396039603
1 0.8463687150837989 0.775990099009901 0.19972067039106145 0.009900990099009901
1 0.9504189944134078 0.7159653465346535 0.012569832402234637 0.1844059405940594
1 0.9511173184357542 0.8545792079207921 0.008379888268156424 0.028465346534653466
1 0.7932960893854749 0.8793316831683168 0.07402234636871509 0.009900990099009901
1 0.744413407821229 0.8533415841584159 0.0111731843575419 0.03589108910891089
1 0.7325418994413407 0.880569306930693 0.01675977653631285 0.009900990099009901
1 0.6634078212290503 0.879950495049505 0.0446927374301676 0.009900990099009901
1 0.6662011173184358 0.807549504950495 0.0111731843575419 0.14108910891089108
1 0.5782122905027933 0.879950495049505 0.04888268156424581 0.009900990099009901
1 0.5789106145251397 0.8125 0.013966480446927373 0.12871287128712872
1 0.5488826815642458 0.7438118811881188 0.13128491620111732 0.008663366336633664
1 0.4888268156424581 0.7246287128712872 0.0111731843575419 0.03217821782178218
1 0.49022346368715086 0.8304455445544554 0.012569832402234637 0.07920792079207921
1 0.5041899441340782 0.8818069306930693 0.0223463687150838 0.008663366336633664
1 0.441340782122905 0.880569306930693 0.0712290502793296 0.011138613861386138
1 0.3016759776536313 0.879950495049505 0.013966480446927373 0.009900990099009901
1 0.2807262569832402 0.7599009900990099 0.009776536312849162 0.22277227722772278
1 0.38477653631284914 0.6398514851485149 0.18156424581005587 0.008663366336633664
1 0.4888268156424581 0.5792079207920792 0.009776536312849162 0.09900990099009901
1 0.5817039106145251 0.5346534653465347 0.17737430167597765 0.009900990099009901
1 0.19134078212290503 0.6392326732673267 0.030726256983240222 0.009900990099009901
1 0.1808659217877095 0.557549504950495 0.009776536312849162 0.15346534653465346
1 0.1270949720670391 0.5612623762376238 0.09916201117318436 0.009900990099009901
1 0.1319832402234637 0.43007425742574257 0.10893854748603352 0.009900990099009901
1 0.14664804469273743 0.3521039603960396 0.12290502793296089 0.012376237623762377
1 0.1808659217877095 0.4183168316831683 0.009776536312849162 0.03712871287128713
1 0.4399441340782123 0.11076732673267327 0.07262569832402235 0.007425742574257425
1 0.4888268156424581 0.16150990099009901 0.009776536312849162 0.07920792079207921
1 0.4888268156424581 0.2623762376237624 0.0111731843575419 0.04207920792079208
1 0.5516759776536313 0.24752475247524752 0.11592178770949721 0.008663366336633664
1 0.5761173184357542 0.18254950495049505 0.009776536312849162 0.1373762376237624
1 0.5048882681564246 0.11076732673267327 0.0223463687150838 0.009900990099009901
1 0.5768156424581006 0.11014851485148515 0.05027932960893855 0.008663366336633664
1 0.6606145251396648 0.11014851485148515 0.0446927374301676 0.011138613861386138
1 0.6655027932960894 0.18254950495049505 0.012569832402234637 0.1373762376237624
1 0.7311452513966481 0.11138613861386139 0.015363128491620111 0.009900990099009901
1 0.7430167597765364 0.14047029702970298 0.009776536312849162 0.038366336633663366
1 0.7430167597765364 0.28155940594059403 0.015363128491620111 0.15346534653465346
1 0.8463687150837989 0.21534653465346534 0.20670391061452514 0.013613861386138614
1 0.7905027932960894 0.11138613861386139 0.07681564245810056 0.012376237623762377
1 0.9336592178770949 0.11076732673267327 0.018156424581005588 0.011138613861386138
1 0.9504189944134078 0.275990099009901 0.013966480446927373 0.18316831683168316
1 0.9497206703910615 0.1349009900990099 0.012569832402234637 0.03217821782178218
0 0.5111731843575419 0.49504950495049505 0.9134078212290503 0.7957920792079208