1 0.17885869565217388 0.13671480144404333 0.1845108695652174 0.010421179302045724
1 0.07735054347826087 0.1800240673886883 0.010937499999999996 0.06293622141997594
1 0.07716032608695653 0.2777617328519856 0.010570652173913045 0.06793020457280387
1 0.34119565217391307 0.16558363417569194 0.01084239130434785 0.03821901323706377
1 0.35599184782608695 0.1363297232250301 0.021304347826086926 0.008267148014440439
1 0.43804347826086953 0.1366546329723225 0.06739130434782611 0.007942238267148008
1 0.5620380434782609 0.1363297232250301 0.06839673913043483 0.007773766546329733
1 0.6424864130434783 0.13689530685920578 0.021671195652173975 0.008904933814681115
1 0.703233695652174 0.13681107099879664 0.06775815217391297 0.007773766546329733
1 0.9218885869565218 0.17870036101083034 0.01001358695652159 0.06250300842358604
1 0.9218885869565218 0.27696750902527073 0.01001358695652159 0.06933814681107096
1 0.7897146739130435 0.31495788206979547 0.24067934782608685 0.008856799037304469
1 0.6566576086956522 0.40481347773766546 0.011195652173913056 0.15758122743682315
1 0.5910326086956522 0.4944163658243081 0.10745923913043483 0.009169675090252714
1 0.5420244565217391 0.5738507821901324 0.01198369565217398 0.1545848375451264
1 0.5569701086956522 0.7127436823104693 0.040163043478260795 0.011829121540312789
1 0.5812364130434783 0.8027196149217809 0.010883152173913032 0.15897713598074625
1 0.5807065217391304 0.919626955475331 0.011086956521739088 0.047713598074609016
1 0.5347418478260869 0.9517087845968712 0.03399456521739128 0.00914560770156427
1 0.46361413043478267 0.9515282791817088 0.03232336956521734 0.009879663056558408
1 0.4170788043478261 0.9205655836341757 0.011399456521739113 0.04896510228640199
1 0.4168070652173913 0.8019975932611312 0.010461956521739191 0.15705174488567988
1 0.4414945652173913 0.712286401925391 0.03891304347826085 0.010878459687123903
1 0.2667255434782609 0.7133935018050542 0.1610054347826087 0.009133574007220119
1 0.19144021739130435 0.8026955475330926 0.011331521739130402 0.17247894103489764
1 0.25736413043478257 0.8922503008423587 0.20207880434782605 0.010505415162454896
1 0.10512228260869566 0.8926594464500601 0.030815217391304356 0.007304452466907264
1 0.07816576086956521 0.7570276774969916 0.01133152173913044 0.06348977135980745
1 0.10648097826086957 0.715006016847172 0.03987771739130434 0.00993983152827917
1 0.07657608695652174 0.7043080625752105 0.010869565217391304 0.014223826714801368
1 0.07732336956521739 0.6451143200962696 0.010570652173913045 0.03870036101083042
1 0.15661684782608695 0.6473164861612515 0.15466032608695654 0.010204572803850804
1 0.07732336956521739 0.5714801444043321 0.010570652173913045 0.04234657039711198
1 0.15163043478260868 0.5719494584837546 0.14105978260869564 0.011961492178098741
1 0.2271467391304348 0.5461492178098677 0.009361413043478243 0.11285198555956676
1 0.24815217391304345 0.4944765342960289 0.03504076086956524 0.009518652226233415
1 0.1317798913043478 0.49561973525872444 0.0868478260869565 0.01101083032490972
1 0.07551630434782608 0.5076654632972323 0.00966032608695652 0.019037304452466968
1 0.07672554347826087 0.45391095066185316 0.012078804347826088 0.06161251504211798
1 0.07717391304347826 0.33363417569193743 0.01118206521739131 0.01208182912154027
1 0.20913043478260868 0.3154993983152828 0.2451766304347826 0.008724428399518652
1 0.34092391304347824 0.4052105896510229 0.01000000000000002 0.1570276774969916
1 0.40792119565217394 0.4948014440433213 0.10846467391304353 0.00867629362214204
1 0.4566032608695652 0.5744283995186522 0.011480978260869627 0.153164861612515
1 0.34182065217391305 0.2382190132370638 0.010230978260869527 0.02677496991576414
1 0.43149456521739127 0.22931407942238266 0.16910326086956523 0.008965102286401912
1 0.42760869565217396 0.18288808664259926 0.011182065217391329 0.08537906137184115
1 0.5715896739130435 0.18691937424789412 0.011372282608695659 0.09445246690734056
1 0.656725543478261 0.19968712394705174 0.013274456521739105 0.10587244283995188
1 0.584483695652174 0.22898916967509025 0.040190217391304406 0.008303249097472896
1 0.9220923913043478 0.4521780986762936 0.008790760869565255 0.06277978339350175
1 0.8659646739130435 0.49442839951865225 0.08732336956521737 0.008158844765342928
1 0.7555298913043479 0.4946690734055355 0.046739130434782734 0.009566787003610163
1 0.7714266304347825 0.5487725631768953 0.01001358695652159 0.10003610108303249
1 0.8432065217391305 0.569927797833935 0.15040760869565223 0.007894103489771294
1 0.9217527173913043 0.5082912154031287 0.010190217391304348 0.019061371841155274
1 0.9224456521739129 0.5703249097472924 0.009483695652173938 0.043237063778579964
1 0.9223641304347826 0.6428880866425993 0.012472826086956608 0.03802647412755705
1 0.8431249999999999 0.6467749699157642 0.15127717391304338 0.01032490974729233
1 0.9214809782608696 0.7034416365824308 0.010720108695652309 0.013477737665463351
1 0.8890625 0.7137906137184115 0.04182065217391301 0.00896510228640198
1 0.734266304347826 0.7133212996389892 0.16868206521739135 0.013634175691937337
1 0.8067527173913043 0.8025270758122743 0.015285326086956522 0.17803850782190137
1 0.921399456521739 0.754271961492178 0.013709239130434672 0.06588447653429604
1 0.9221875 0.8777015643802647 0.012119565217391404 0.015848375451263625
1 0.7402445652173913 0.8924187725631769 0.20171195652173918 0.012587244283995231
1 0.8950407608695652 0.8917930204572805 0.034796195652173775 0.011335740072202253
0 0.4998233695652174 0.5135980746089049 0.8731385869565216 0.7865703971119133