1 0.3315862068965517 0.48592445328031814 0.019896551724137967 0.10566600397614315
1 0.08065517241379311 0.4873558648111332 0.028068965517241383 0.20000000000000004
1 0.08093103448275862 0.6933797216699801 0.03162068965517242 0.200258449304175
1 0.12758620689655173 0.7935785288270378 0.08455172413793102 0.017992047713717603
1 0.07589655172413794 0.842624254473161 0.02158620689655172 0.09161033797216708
1 0.24868965517241381 0.8814115308151094 0.3694482758620689 0.01242544731610338
1 0.4068965517241379 0.7945725646123261 0.0778965517241379 0.019403578528827018
1 0.44572413793103444 0.693558648111332 0.030862068965517204 0.08801192842942342
1 0.5842068965517241 0.6469781312127236 0.033551724137931095 0.017375745526838984
1 0.7992758620689655 0.7207753479125248 0.02486206896551717 0.1420079522862822
1 0.7998965517241379 0.8364015904572564 0.026103448275862046 0.08013916500994048
1 0.7955517241379311 0.5156262425447317 0.028586206896551794 0.259662027833002
1 0.6652413793103448 0.38381709741550696 0.2602068965517241 0.01833001988071576
1 0.7957586206896552 0.2563817097415507 0.028172413793103503 0.24942345924453277
1 0.7174482758620689 0.20485089463220676 0.18562068965517237 0.018568588469184896
1 0.6765172413793104 0.12836978131212723 0.12368965517241381 0.01785288270377733
1 0.6341379310344828 0.142882703777336 0.02444827586206888 0.04415506958250499
1 0.4086551724137931 0.12854870775347912 0.05531034482758618 0.01604373757455267
1 0.46396551724137935 0.1290854870775348 0.0466206896551724 0.016401590457256462
1 0.4357586206896552 0.2931411530815109 0.03017241379310345 0.17831013916500993
1 0.2158620689655172 0.38250497017892643 0.2622758620689655 0.016799204771371746
1 0.08113793103448276 0.25588469184890655 0.03182758620689657 0.2531411530815109
1 0.17013793103448277 0.20403578528827038 0.21117241379310348 0.016481113320079507
1 0.21186206896551724 0.12940357852882706 0.13227586206896555 0.0202982107355865
1 0.26420689655172414 0.14359840954274355 0.027137931034482775 0.04755467196819085
1 0.07558620689655172 0.08105367793240557 0.021206896551724135 0.09320079522862824
1 0.4382758620689655 0.04125248508946322 0.7506551724137931 0.014373757455268397
1 0.8006206896551724 0.08077534791252486 0.02234482758620696 0.09582504970178927
0 0.4353448275862069 0.45982107355864804 0.764758620689655 0.8633797216699801