1 0.5305755395683454 0.3900414937759336 0.1906474820143885 0.012448132780082987
1 0.5287769784172662 0.23962655601659752 0.36330935251798563 0.016597510373443983
1 0.1672661870503597 0.23962655601659752 0.3345323741007194 0.01867219917012448
1 0.15467625899280577 0.45954356846473027 0.15827338129496402 0.01867219917012448
1 0.2392086330935252 0.5425311203319502 0.03237410071942446 0.02074688796680498
1 0.11690647482014388 0.671161825726141 0.23381294964028776 0.014522821576763486
1 0.4766187050359712 0.6690871369294605 0.4712230215827338 0.016597510373443983
1 0.7158273381294964 0.5912863070539419 0.03237410071942446 0.15560165975103735
1 0.8597122302158273 0.6701244813278008 0.2805755395683453 0.016597510373443983
1 0.8579136690647482 0.4533195020746888 0.2841726618705036 0.01867219917012448
1 0.7176258992805755 0.32053941908713696 0.02877697841726619 0.15767634854771784
1 0.8597122302158273 0.23962655601659752 0.2805755395683453 0.01867219917012448
0 0.5 0.45228215767634855 1 0.4605809128630705