1 0.47007042253521125 0.5991902834008097 0.18661971830985916 0.012145748987854251
1 0.47183098591549294 0.7459514170040485 0.35563380281690143 0.016194331983805668
1 0.829225352112676 0.7459514170040485 0.3415492957746479 0.018218623481781375
1 0.8380281690140845 0.5313765182186235 0.15492957746478872 0.018218623481781375
1 0.7552816901408451 0.45040485829959515 0.03169014084507042 0.020242914979757085
1 0.8802816901408451 0.3228744939271255 0.23943661971830985 0.01417004048582996
1 0.522887323943662 0.3269230769230769 0.4612676056338028 0.016194331983805668
1 0.2887323943661972 0.402834008097166 0.03169014084507042 0.15182186234817813
1 0.14084507042253522 0.3259109311740891 0.28169014084507044 0.016194331983805668
1 0.1426056338028169 0.5374493927125507 0.2852112676056338 0.018218623481781375
1 0.2869718309859155 0.667004048582996 0.028169014084507043 0.15384615384615385
1 0.1426056338028169 0.7459514170040485 0.2852112676056338 0.018218623481781375
0 0.5 0.5384615384615384 1 0.4493927125506073