1 0.204375 0.10232812499999999 0.08255555555555555 0.019179687500000007
1 0.15038888888888888 0.21725 0.030986111111111114 0.205296875
1 0.15013888888888888 0.359921875 0.027430555555555555 0.0408203125
1 0.149625 0.44743750000000004 0.02947222222222222 0.05911718750000006
1 0.3145 0.3487265625 0.13972222222222225 0.015171874999999968
1 0.15063888888888888 0.5337500000000001 0.03150000000000001 0.03751562499999998
1 0.2264722222222222 0.561546875 0.12370833333333332 0.016812499999999987
1 0.14975 0.6594296875000001 0.02819444444444446 0.17828125000000003
1 0.15115277777777777 0.8359140625 0.02947222222222222 0.13774218749999995
1 0.3442222222222222 0.8970078125000001 0.3637777777777778 0.016695312499999913
1 0.20602777777777778 0.76009375 0.08281944444444443 0.016085937499999935
1 0.4509166666666667 0.76009375 0.06655555555555549 0.014375000000000072
1 0.5075555555555555 0.6607968750000001 0.01981944444444442 0.18530468750000004
1 0.3720277777777778 0.5617656249999999 0.023111111111111093 0.016390625000000013
1 0.3755833333333334 0.45428125 0.018041666666666678 0.19922656249999998
1 0.27575000000000005 0.447578125 0.23143055555555558 0.011781249999999943
1 0.5294027777777778 0.349046875 0.09398611111111105 0.013625000000000043
1 0.5106111111111111 0.40938281249999997 0.01981944444444442 0.10685937499999998
1 0.5088333333333334 0.54296875 0.020833333333333332 0.025085937499999923
1 0.8060555555555555 0.3491171875 0.2326944444444444 0.014632812500000014
1 0.5648472222222222 0.10246875 0.08408333333333329 0.015179687500000006
1 0.8029999999999999 0.10146875 0.05283333333333328 0.016609374999999992
1 0.905375 0.10175000000000001 0.08077777777777789 0.017171875000000003
1 0.9345833333333333 0.4384765625 0.032513888888889 0.6588984374999999
1 0.8936944444444445 0.760609375 0.06351388888888891 0.015210937500000021
1 0.7767083333333333 0.76025 0.12066666666666682 0.017070312499999928
1 0.7729027777777778 0.8528437500000001 0.013972222222222146 0.08927343749999998
1 0.9406805555555555 0.8310546875 0.01270833333333346 0.1305703125000001
1 0.6725555555555556 0.9008593749999999 0.3010277777777778 0.010398437499999958
1 0.9194722222222222 0.90071875 0.057152777777777906 0.0083984375
1 0.5835416666666666 0.23384375 0.015499999999999957 0.24916406249999995
0 0.5432361111111111 0.49771875000000004 0.8370694444444445 0.8277578125
1 0.4500416666666666 0.1023203125 0.07662499999999994 0.01878906250000001