1 0.8543543543543544 0.9114671163575042 0.08858858858858859 0.021079258010118045
1 0.9121621621621622 0.7875210792580101 0.03303303303303303 0.22175379426644182
1 0.9129129129129129 0.6336424957841484 0.03003003003003003 0.04384485666104553
1 0.9136636636636637 0.5392074198988196 0.03153153153153153 0.06408094435075885
1 0.734984984984985 0.6454468802698144 0.15165165165165165 0.016020236087689713
1 0.9121621621621622 0.4460370994940978 0.03453453453453453 0.04047217537942664
1 0.8303303303303303 0.4156829679595278 0.13363363363363365 0.01854974704890388
1 0.9129129129129129 0.3102866779089376 0.03003003003003003 0.19224283305227655
1 0.9114114114114115 0.11973018549747048 0.03153153153153153 0.14839797639123103
1 0.7027027027027027 0.05396290050590219 0.3933933933933934 0.01770657672849916
1 0.8521021021021021 0.2015177065767285 0.09009009009009009 0.01770657672849916
1 0.5878378378378378 0.2015177065767285 0.07207207207207207 0.01517706576728499
1 0.5262762762762763 0.3086003372681282 0.021021021021021023 0.19983136593591905
1 0.6726726726726727 0.4156829679595278 0.025525525525525526 0.01770657672849916
1 0.668918918918919 0.531618887015177 0.01951951951951952 0.21500843170320405
1 0.777027027027027 0.5387858347386172 0.25075075075075076 0.012647554806070826
1 0.503003003003003 0.6450252951096122 0.1021021021021021 0.01433389544688027
1 0.5232732732732732 0.5801011804384486 0.021021021021021023 0.11551433389544688
1 0.5247747747747747 0.43591905564924116 0.02252252252252252 0.026981450252951095
1 0.20345345345345345 0.6450252951096122 0.25225225225225223 0.016020236087689713
1 0.4647147147147147 0.9114671163575042 0.0915915915915916 0.016020236087689713
1 0.2072072072072072 0.9123102866779089 0.057057057057057055 0.01770657672849916
1 0.0960960960960961 0.9123102866779089 0.08708708708708708 0.01854974704890388
1 0.06456456456456457 0.5489038785834739 0.03453453453453453 0.7107925801011804
1 0.10885885885885886 0.20109612141652614 0.06906906906906907 0.016020236087689713
1 0.23573573573573572 0.2015177065767285 0.13063063063063063 0.01854974704890388
1 0.23948948948948948 0.10160202360876897 0.015015015015015015 0.09612141652613827
1 0.05780780780780781 0.12478920741989882 0.013513513513513514 0.14080944350758853
1 0.3483483483483483 0.049747048903878585 0.3258258258258258 0.010961214165261383
1 0.08108108108108109 0.049747048903878585 0.06156156156156156 0.00927487352445194
1 0.4444444444444444 0.7693929173693086 0.016516516516516516 0.26897133220910624
0 0.487987987987988 0.484822934232715 0.9054054054054054 0.893760539629005
1 0.5885885885885885 0.9114671163575042 0.08258258258258258 0.02023608768971332