1 0.9567901234567902 0.6961805555555556 0.08641975308641975 0.019097222222222224
1 0.8356481481481481 0.6970486111111112 0.08024691358024691 0.017361111111111112
1 0.6628086419753086 0.6974826388888888 0.11728395061728394 0.018229166666666668
1 0.8572530864197531 0.5941840277777778 0.029320987654320986 0.0876736111111111
1 0.49228395061728397 0.6966145833333334 0.07407407407407407 0.019965277777777776
1 0.4367283950617284 0.6493055555555556 0.033950617283950615 0.07725694444444445
1 0.24382716049382716 0.6970486111111112 0.35185185185185186 0.017361111111111112
1 0.044753086419753084 0.6618923611111112 0.032407407407407406 0.052083333333333336
1 0.044753086419753084 0.5091145833333334 0.027777777777777776 0.041666666666666664
1 0.24074074074074073 0.4735243055555556 0.36574074074074076 0.012152777777777778
1 0.4367283950617284 0.5581597222222222 0.032407407407407406 0.014756944444444444
1 0.6489197530864198 0.5559895833333334 0.39351851851851855 0.011284722222222222
1 0.6620370370370371 0.6184895833333334 0.023148148148148147 0.1449652777777778
1 0.8564814814814815 0.4600694444444444 0.026234567901234566 0.059027777777777776
1 0.7376543209876543 0.4717881944444444 0.21141975308641975 0.012152777777777778
1 0.4737654320987654 0.47265625 0.04938271604938271 0.013020833333333334
1 0.8572530864197531 0.2894965277777778 0.029320987654320986 0.14149305555555555
1 0.044753086419753084 0.23567708333333334 0.030864197530864196 0.033854166666666664
1 0.044753086419753084 0.3055555555555556 0.033950617283950615 0.07552083333333333
1 0.9189814814814815 0.42578125 0.16203703703703703 0.009548611111111112
0 0.5 0.4661458333333333 1 0.4947916666666667