1 0.9950142450142451 0.8083700440528634 0.009971509971509971 0.05506607929515418
1 0.9957264957264957 0.6618942731277533 0.008547008547008548 0.05506607929515418
1 0.9950142450142451 0.5842511013215859 0.009971509971509971 0.0671806167400881
1 0.9957264957264957 0.42676211453744495 0.008547008547008548 0.0671806167400881
1 0.9957264957264957 0.3496696035242291 0.008547008547008548 0.05616740088105727
1 0.9950142450142451 0.2026431718061674 0.009971509971509971 0.05506607929515418
1 0.8874643874643875 0.16354625550660792 0.18091168091168092 0.009911894273127754
1 0.7905982905982906 0.27698237885462557 0.014245014245014245 0.2026431718061674
1 0.6666666666666666 0.3898678414096916 0.21225071225071226 0.00881057268722467
1 0.5662393162393162 0.2444933920704846 0.011396011396011397 0.1696035242290749
1 0.5918803418803419 0.16354625550660792 0.04131054131054131 0.00881057268722467
1 0.4893162393162393 0.16354625550660792 0.04985754985754986 0.00881057268722467
1 0.4586894586894587 0.2488986784140969 0.01282051282051282 0.14647577092511013
1 0.4829059829059829 0.31167400881057267 0.037037037037037035 0.009911894273127754
1 0.4074074074074074 0.16409691629955947 0.06552706552706553 0.009911894273127754
1 0.22364672364672364 0.16354625550660792 0.06552706552706553 0.011013215859030838
1 0.17236467236467237 0.20319383259911894 0.011396011396011397 0.05616740088105727
1 0.17236467236467237 0.35077092511013214 0.01282051282051282 0.05506607929515418
1 0.15455840455840456 0.3898678414096916 0.027065527065527065 0.009911894273127754
1 0.3162393162393162 0.3898678414096916 0.24643874643874644 0.009911894273127754
1 0.4586894586894587 0.4581497797356828 0.014245014245014245 0.1277533039647577
1 0.13603988603988604 0.41740088105726875 0.011396011396011397 0.06387665198237885
1 0.13603988603988604 0.5903083700440529 0.011396011396011397 0.05616740088105727
1 0.14886039886039887 0.6222466960352423 0.037037037037037035 0.00881057268722467
1 0.3162393162393162 0.6222466960352423 0.24643874643874644 0.011013215859030838
1 0.17307692307692307 0.6618942731277533 0.01282051282051282 0.05616740088105727
1 0.17236467236467237 0.8083700440528634 0.011396011396011397 0.05616740088105727
1 0.22364672364672364 0.848568281938326 0.0641025641025641 0.009911894273127754
1 0.4074074074074074 0.848568281938326 0.06552706552706553 0.011013215859030838
1 0.4586894586894587 0.763215859030837 0.01282051282051282 0.14647577092511013
1 0.4886039886039886 0.848568281938326 0.04985754985754986 0.009911894273127754
1 0.5662393162393162 0.7786343612334802 0.011396011396011397 0.15198237885462554
1 0.5954415954415955 0.6998898678414097 0.14245014245014245 0.009911894273127754
1 0.6723646723646723 0.6696035242290749 0.011396011396011397 0.07158590308370044
1 0.6723646723646723 0.7935022026431718 0.014245014245014245 0.08590308370044053
1 0.6431623931623932 0.8491189427312775 0.04985754985754986 0.011013215859030838
1 0.7336182336182336 0.848568281938326 0.08262108262108261 0.011013215859030838
1 0.8717948717948718 0.6222466960352423 0.21225071225071226 0.009911894273127754
1 0.9366096866096866 0.848568281938326 0.08404558404558404 0.012114537444933921
0 0.5612535612535613 0.5044052863436124 0.8774928774928775 0.7202643171806168