1 0.10864130434782608 0.12900210084033614 0.068125 0.009191176470588236
1 0.2897282608695652 0.12897058823529411 0.06830163043478259 0.008161764705882363
1 0.3842934782608695 0.12900210084033614 0.08332880434782611 0.009191176470588236
1 0.579266304347826 0.1288655462184874 0.08262228260869574 0.009737394957983205
1 0.6737635869565217 0.1290966386554622 0.06864130434782606 0.008707983193277303
1 0.8551766304347825 0.1290441176470588 0.0682065217391305 0.009275210084033626
1 0.9040625 0.21004201680672266 0.012350543478260758 0.13379201680672267
1 0.7640353260869566 0.28131302521008406 0.25005434782608693 0.010042016806722632
1 0.6251086956521739 0.3728676470588236 0.011182065217391329 0.15689075630252103
1 0.8044972826086957 0.44699579831932773 0.20907608695652158 0.008109243697479021
1 0.9045380434782608 0.4281512605042017 0.010339673913043343 0.030451680672268916
1 0.9043614130434783 0.5036029411764706 0.01142663043478272 0.036691176470588185
1 0.7986548913043477 0.5260924369747899 0.18082880434782597 0.009926470588235342
1 0.7214266304347826 0.5082878151260504 0.011603260869565169 0.02734243697478989
1 0.9037364130434782 0.5641596638655463 0.012690217391304237 0.04786764705882346
1 0.9042391304347825 0.6993592436974789 0.013192934782608745 0.04806722689075629
1 0.8554076086956522 0.7372058823529413 0.06883152173913054 0.008760504201680586
1 0.6733152173913044 0.7374684873949581 0.06774456521739132 0.009264705882352875
1 0.6249048913043478 0.750357142857143 0.012269021739130397 0.019852941176470684
1 0.6252309782608696 0.6313760504201681 0.011766304347826044 0.18184873949579844
1 0.5409239130434783 0.5261344537815126 0.1582065217391305 0.01015756302521004
1 0.5908152173913043 0.7640441176470588 0.0792527173913044 0.008623949579831971
1 0.37771739130434784 0.7639705882352941 0.0690896739130435 0.008876050420168115
1 0.3384239130434783 0.7547478991596639 0.011182065217391329 0.027069327731092416
1 0.33838315217391307 0.6312605042016807 0.013614130434782584 0.18207983193277302
1 0.28952445652173914 0.7367647058823529 0.06968750000000003 0.009222689075630223
1 0.10865489130434783 0.7375420168067227 0.06900815217391303 0.00869747899159661
1 0.05883152173913043 0.6995798319327731 0.011630434782608699 0.047447478991596716
1 0.05894021739130435 0.5642542016806722 0.013192934782608688 0.04814075630252093
1 0.1644157608695652 0.526281512605042 0.18119565217391306 0.009537815126050463
1 0.05917119565217391 0.5040756302521008 0.011630434782608699 0.03672268907563029
1 0.1455163043478261 0.44676470588235295 0.18701086956521737 0.008750000000000042
1 0.2427717391304348 0.42532563025210085 0.012418478260869547 0.10521008403361341
1 0.28017663043478264 0.36864495798319324 0.08858695652173912 0.008834033613445345
1 0.1269429347826087 0.36864495798319324 0.10648097826086957 0.010913865546218473
1 0.058668478260869565 0.3904516806722689 0.013980978260869574 0.036869747899159686
1 0.05894021739130435 0.3235924369747899 0.013192934782608688 0.060745798319327776
1 0.3382336956521739 0.2214705882352941 0.012744565217391299 0.15699579831932772
1 0.05917119565217391 0.17365546218487393 0.014320652173913033 0.06178571428571428
0 0.48300271739130435 0.4442857142857143 0.8885326086956522 0.6589915966386555