1 0.09818731117824774 0.13259345794392524 0.19184290030211482 0.010514018691588784
1 0.20090634441087613 0.25292056074766356 0.015105740181268883 0.21495327102803738
1 0.3323262839879154 0.3726635514018692 0.22507552870090636 0.009345794392523364
1 0.438821752265861 0.21845794392523366 0.012084592145015106 0.17990654205607476
1 0.411631419939577 0.13259345794392524 0.04380664652567976 0.009345794392523364
1 0.520392749244713 0.13259345794392524 0.052870090634441085 0.009345794392523364
1 0.552870090634441 0.22313084112149534 0.013595166163141994 0.15537383177570094
1 0.527190332326284 0.2897196261682243 0.03927492447129909 0.010514018691588784
1 0.6072507552870091 0.13317757009345793 0.06948640483383686 0.010514018691588784
1 0.8021148036253777 0.13259345794392524 0.06948640483383686 0.011682242990654205
1 0.8564954682779456 0.1746495327102804 0.012084592145015106 0.05957943925233645
1 0.8564954682779456 0.33119158878504673 0.013595166163141994 0.05841121495327103
1 0.8753776435045317 0.3726635514018692 0.028700906344410877 0.010514018691588784
1 0.7039274924471299 0.3726635514018692 0.26132930513595165 0.010514018691588784
1 0.552870090634441 0.44509345794392524 0.015105740181268883 0.13551401869158877
1 0.8950151057401813 0.40186915887850466 0.012084592145015106 0.06775700934579439
1 0.8950151057401813 0.5852803738317757 0.012084592145015106 0.05957943925233645
1 0.8814199395770392 0.6191588785046729 0.03927492447129909 0.009345794392523364
1 0.7039274924471299 0.6191588785046729 0.26132930513595165 0.011682242990654205
1 0.8557401812688822 0.6612149532710281 0.013595166163141994 0.05957943925233645
1 0.8564954682779456 0.8165887850467289 0.012084592145015106 0.05957943925233645
1 0.8021148036253777 0.8592289719626168 0.06797583081570997 0.010514018691588784
1 0.6072507552870091 0.8592289719626168 0.06948640483383686 0.011682242990654205
1 0.552870090634441 0.7686915887850467 0.013595166163141994 0.15537383177570094
1 0.5211480362537765 0.8592289719626168 0.052870090634441085 0.010514018691588784
1 0.438821752265861 0.7850467289719626 0.012084592145015106 0.16121495327102803
1 0.4078549848942598 0.701518691588785 0.1510574018126888 0.010514018691588784
1 0.32628398791540786 0.669392523364486 0.012084592145015106 0.07593457943925233
1 0.32628398791540786 0.8008177570093458 0.015105740181268883 0.0911214953271028
1 0.35725075528700906 0.8598130841121495 0.052870090634441085 0.011682242990654205
1 0.26132930513595165 0.8592289719626168 0.08761329305135952 0.011682242990654205
1 0.1148036253776435 0.6191588785046729 0.22507552870090636 0.010514018691588784
1 0.04607250755287009 0.8592289719626168 0.0891238670694864 0.012850467289719626
0 0.45392749244712993 0.4953271028037383 0.9078549848942599 0.764018691588785