1 0.961864406779661 0.9226519337016574 0.018361581920903956 0.06906077348066299
1 0.9067796610169492 0.9689226519337016 0.0847457627118644 0.016574585635359115
1 0.7033898305084746 0.9689226519337016 0.0847457627118644 0.016574585635359115
1 0.6320621468926554 0.9696132596685083 0.029661016949152543 0.013812154696132596
1 0.5007062146892656 0.9689226519337016 0.14548022598870056 0.019337016574585635
1 0.5388418079096046 0.9067679558011049 0.018361581920903956 0.12569060773480664
1 0.6504237288135594 0.8335635359116023 0.01694915254237288 0.2472375690607735
1 0.588276836158192 0.7810773480662984 0.12146892655367232 0.017955801104972375
1 0.9625706214689266 0.7348066298342542 0.01977401129943503 0.07320441988950276
1 0.847457627118644 0.6878453038674033 0.20480225988700565 0.019337016574585635
1 0.9625706214689266 0.6726519337016574 0.01977401129943503 0.031767955801104975
1 0.9611581920903954 0.5738950276243094 0.01694915254237288 0.0787292817679558
1 0.961864406779661 0.4696132596685083 0.01977401129943503 0.04419889502762431
1 0.8679378531073446 0.5669889502762431 0.18220338983050846 0.019337016574585635
1 0.7768361581920904 0.5317679558011049 0.01694915254237288 0.1878453038674033
1 0.759180790960452 0.44751381215469616 0.031073446327683617 0.016574585635359115
1 0.8940677966101694 0.44751381215469616 0.10875706214689265 0.019337016574585635
1 0.6497175141242938 0.3011049723756906 0.01694915254237288 0.24861878453038674
1 0.7033898305084746 0.1671270718232044 0.08192090395480225 0.015193370165745856
1 0.9067796610169492 0.1671270718232044 0.0847457627118644 0.017955801104972375
1 0.9625706214689266 0.21339779005524862 0.01694915254237288 0.07044198895027624
1 0.9611581920903954 0.40124309392265195 0.01694915254237288 0.06906077348066299
1 0.5402542372881356 0.26035911602209943 0.018361581920903956 0.2085635359116022
1 0.4894067796610169 0.1671270718232044 0.12146892655367232 0.015193370165745856
1 0.2620056497175141 0.16781767955801105 0.09887005649717515 0.017955801104972375
1 0.16807909604519775 0.1671270718232044 0.0635593220338983 0.019337016574585635
1 0.05508474576271186 0.1685082872928177 0.052259887005649715 0.017955801104972375
1 0.2040960451977401 0.30732044198895025 0.018361581920903956 0.2596685082872928
1 0.3862994350282486 0.44820441988950277 0.3220338983050847 0.020718232044198894
1 0.01765536723163842 0.3722375690607735 0.0211864406779661 0.3867403314917127
1 0.12005649717514125 0.5649171270718232 0.1850282485875706 0.019337016574585635
1 0.016242937853107344 0.6091160220994475 0.01694915254237288 0.04558011049723757
1 0.015536723163841809 0.7824585635359116 0.01694915254237288 0.0649171270718232
1 0.2040960451977401 0.6678176795580111 0.018361581920903956 0.04281767955801105
1 0.3862994350282486 0.6878453038674033 0.3248587570621469 0.015193370165745856
1 0.2019774011299435 0.8287292817679558 0.01694915254237288 0.2569060773480663
1 0.2641242937853107 0.9696132596685083 0.09887005649717515 0.015193370165745856
1 0.16596045197740114 0.9682320441988951 0.07062146892655367 0.019337016574585635
1 0.059322033898305086 0.9689226519337016 0.059322033898305086 0.017955801104972375
1 0.01694915254237288 0.8977900552486188 0.018361581920903956 0.12430939226519337
1 0.0826271186440678 0.8604972375690608 0.12570621468926554 0.020718232044198894
0 0.4894067796610169 0.5683701657458563 0.9788135593220338 0.8439226519337016