1 0.9203910614525139 0.9467213114754098 0.06983240223463687 0.017759562841530054
1 0.9671787709497207 0.8934426229508197 0.01675977653631285 0.08196721311475409
1 0.9671787709497207 0.6967213114754098 0.01675977653631285 0.08196721311475409
1 0.9678770949720671 0.6277322404371585 0.013966480446927373 0.028688524590163935
1 0.9671787709497207 0.5006830601092896 0.019553072625698324 0.1407103825136612
1 0.9043296089385475 0.537568306010929 0.1270949720670391 0.017759562841530054
1 0.8303072625698324 0.6454918032786885 0.25 0.01639344262295082
1 0.7772346368715084 0.5853825136612022 0.018156424581005588 0.11748633879781421
1 0.7304469273743017 0.9474043715846995 0.07402234636871509 0.01912568306010929
1 0.6829608938547486 0.8360655737704918 0.019553072625698324 0.19808743169398907
1 0.6675977653631285 0.9474043715846995 0.03212290502793296 0.01912568306010929
1 0.5670391061452514 0.9460382513661202 0.07960893854748603 0.01639344262295082
1 0.4622905027932961 0.9467213114754098 0.0446927374301676 0.01912568306010929
1 0.5607541899441341 0.8558743169398907 0.019553072625698324 0.1762295081967213
1 0.5251396648044693 0.76775956284153 0.18994413407821228 0.01639344262295082
1 0.4399441340782123 0.7506830601092896 0.01675977653631285 0.030054644808743168
1 0.4399441340782123 0.8811475409836066 0.019553072625698324 0.1051912568306011
1 0.2918994413407821 0.644808743169399 0.25139664804469275 0.01639344262295082
1 0.1564245810055866 0.6967213114754098 0.015363128491620111 0.07923497267759563
1 0.1564245810055866 0.8934426229508197 0.018156424581005588 0.08196721311475409
1 0.2032122905027933 0.9474043715846995 0.0712290502793296 0.01639344262295082
1 0.3931564245810056 0.9460382513661202 0.06983240223463687 0.01639344262295082
1 0.2506983240223464 0.5389344262295082 0.21089385474860337 0.017759562841530054
1 0.1564245810055866 0.48975409836065575 0.015363128491620111 0.11748633879781421
1 0.15712290502793297 0.2698087431693989 0.018156424581005588 0.09562841530054644
1 0.1564245810055866 0.17896174863387979 0.019553072625698324 0.06147540983606557
1 0.15782122905027932 0.06967213114754098 0.018156424581005588 0.050546448087431695
1 0.2981843575418994 0.21379781420765026 0.26256983240223464 0.017759562841530054
1 0.44064245810055863 0.3900273224043716 0.02094972067039106 0.3114754098360656
1 0.3638268156424581 0.03346994535519126 0.39106145251396646 0.020491803278688523
1 0.5586592178770949 0.1325136612021858 0.019553072625698324 0.17896174863387979
1 0.6033519553072626 0.03210382513661202 0.046089385474860335 0.01639344262295082
1 0.7786312849162011 0.031420765027322405 0.06564245810055866 0.01639344262295082
1 0.6627094972067039 0.21379781420765026 0.04329608938547486 0.017759562841530054
1 0.6829608938547486 0.3900273224043716 0.015363128491620111 0.31420765027322406
1 0.8254189944134078 0.21174863387978143 0.25977653631284914 0.01639344262295082
1 0.9678770949720671 0.2718579234972678 0.015363128491620111 0.09562841530054644
1 0.9664804469273743 0.17691256830601093 0.019553072625698324 0.06830601092896176
1 0.9671787709497207 0.07377049180327869 0.018156424581005588 0.05737704918032787
1 0.8952513966480447 0.03278688524590164 0.12569832402234637 0.017759562841530054
1 0.8575418994413407 0.09631147540983606 0.02094972067039106 0.12158469945355191
0 0.5614525139664804 0.4883879781420765 0.8533519553072626 0.9480874316939891