1 0.0472554347826087 0.0918218085106383 0.0180570652173913 0.06684840425531917
1 0.10088315217391304 0.04714095744680851 0.0817663043478261 0.016316489361702123
1 0.29585597826086957 0.04707446808510638 0.0817663043478261 0.016170212765957443
1 0.36471467391304346 0.04627659574468085 0.028872282608695652 0.012699468085106379
1 0.4911141304347826 0.046994680851063834 0.13941576086956523 0.01885638297872341
1 0.45430706521739134 0.10732712765957446 0.018220108695652132 0.12057180851063828
1 0.34714673913043476 0.17747340425531916 0.01596467391304348 0.2381382978723404
1 0.407133152173913 0.22835106382978723 0.11660326086956513 0.01698138297872338
1 0.04669836956521739 0.27252659574468086 0.018763586956521743 0.07035904255319145
1 0.15771739130434784 0.31768617021276596 0.19714673913043476 0.019042553191489352
1 0.04669836956521739 0.33276595744680854 0.018763586956521743 0.030106382978723385
1 0.04804347826086956 0.4278590425531915 0.016847826086956525 0.07529255319148936
1 0.04766304347826087 0.5278058510638298 0.01952445652173913 0.04250000000000005
1 0.13800271739130435 0.43409574468085105 0.17494565217391303 0.01920212765957454
1 0.22576086956521738 0.4680452127659575 0.016263586956521775 0.1815026595744681
1 0.24251358695652175 0.5492287234042553 0.030244565217391293 0.01566489361702124
1 0.1126358695652174 0.5493218085106383 0.10470108695652174 0.01922872340425537
1 0.3477853260869565 0.6899202127659575 0.015692934782608713 0.23972074468085103
1 0.2960054347826087 0.8190824468085107 0.07866847826086953 0.015119680851063685
1 0.1004891304347826 0.8190824468085107 0.0815353260869565 0.017367021276595673
1 0.04709239130434782 0.7746808510638297 0.016073369565217387 0.06793882978723394
1 0.04823369565217391 0.5939228723404255 0.016073369565217387 0.06654255319148931
1 0.4531114130434783 0.7292021276595745 0.017309782608695666 0.20134308510638302
1 0.5019565217391304 0.8189494680851064 0.11627717391304353 0.015226063829787294
1 0.7205027173913043 0.8182180851063829 0.09497282608695656 0.017486702127659695
1 0.8110326086956521 0.8194547872340425 0.060774456521739156 0.018736702127659467
1 0.9197146739130434 0.8180186170212765 0.0502309782608696 0.017074468085106275
1 0.7767391304347825 0.684375 0.017513586956521877 0.25047872340425525
1 0.6014673913043478 0.5484308510638298 0.3102309782608696 0.019494680851063786
1 0.9560190217391304 0.6216090425531914 0.020258152173913156 0.3720212765957446
1 0.8576766304347826 0.43606382978723407 0.17812499999999987 0.018896276595744728
1 0.9575 0.39333776595744685 0.016888586956521824 0.043909574468085084
1 0.9578125000000001 0.22694148936170214 0.01625000000000005 0.0630718085106383
1 0.7766304347826087 0.3371675531914894 0.017309782608695666 0.0418617021276596
1 0.6013179347826086 0.31752659574468084 0.313070652173913 0.014999999999999963
1 0.7787499999999999 0.18248670212765955 0.016467391304347677 0.24767287234042554
1 0.7184918478260869 0.046728723404255317 0.09475543478260871 0.014734042553191487
1 0.8133559782608696 0.04756648936170213 0.0679619565217391 0.018869680851063827
1 0.9155027173913043 0.047247340425531914 0.05698369565217399 0.01700797872340425
1 0.9566576086956522 0.11586436170212765 0.017730978260869504 0.11953457446808509
1 0.8933423913043478 0.15159574468085107 0.12156250000000003 0.019960106382978713
0 0.5034646739130434 0.433311170212766 0.9425407608695653 0.8119547872340425