1 0.3282777777777778 0.12155791190864601 0.3476666666666666 0.013026101141924982
1 0.6919861111111112 0.1217536704730832 0.3369722222222222 0.0145921696574225
1 0.8728333333333335 0.16731647634584013 0.02674999999999999 0.08451060358890702
1 0.7284166666666667 0.21934747145187602 0.2634166666666667 0.011884176182708034
1 0.5181527777777778 0.3131239804241435 0.017388888888888863 0.19591353996737362
1 0.7491527777777778 0.41860522022838503 0.2246388888888889 0.009918433931484522
1 0.8723333333333334 0.3151712887438825 0.027750000000000025 0.18704730831973893
1 0.6674166666666667 0.45443719412724304 0.02908333333333341 0.0639151712887438
1 0.8716666666666667 0.5560358890701469 0.026402777777777765 0.2647471451876019
1 0.7576666666666666 0.5316639477977162 0.2055833333333333 0.008694942903752107
1 0.6679166666666666 0.5466884176182708 0.02808333333333337 0.02343393148450246
1 0.66925 0.6556933115823818 0.030749999999999982 0.06003262642740612
1 0.8719722222222223 0.8416394779771614 0.026000000000000037 0.27933115823817295
1 0.3574722222222222 0.9882463295269167 0.4131944444444444 0.015725938009788092
1 0.3171805555555556 0.8476508972267537 0.3291944444444444 0.01748776508972272
1 0.49377777777777776 0.8225122349102773 0.0257222222222222 0.036680261011419274
1 0.49306944444444445 0.7129771615008157 0.026000000000000037 0.011933115823817382
1 0.2596111111111111 0.6968026101141924 0.21231944444444448 0.011802610114192518
1 0.14116666666666666 0.8406035889070146 0.03199999999999999 0.281288743882545
1 0.14059722222222223 0.554510603588907 0.03086111111111111 0.26792006525285483
1 0.19631944444444444 0.4193230016313214 0.08744444444444444 0.010636215334420851
1 0.140875 0.2679771615008157 0.026291666666666675 0.2838907014681893
1 0.24631944444444442 0.21861337683523652 0.19259722222222225 0.008955954323001647
0 0.5118055555555555 0.5497553017944535 0.8041666666666667 0.9004893964110929