1 0.6715277777777777 0.8784665579119086 0.3472222222222222 0.013050570962479609
1 0.30833333333333335 0.8780587275693311 0.3375 0.01468189233278956
1 0.12708333333333333 0.83278955954323 0.02638888888888889 0.08482871125611746
1 0.27152777777777776 0.7805872756933115 0.2638888888888889 0.012234910277324634
1 0.48194444444444445 0.6867862969004894 0.018055555555555554 0.19575856443719414
1 0.25069444444444444 0.5815660685154975 0.225 0.009787928221859706
1 0.12777777777777777 0.6847471451876019 0.027777777777777776 0.1867862969004894
1 0.3326388888888889 0.5456769983686787 0.029166666666666667 0.0636215334420881
1 0.1284722222222222 0.44412724306688417 0.02638888888888889 0.26508972267536707
1 0.2423611111111111 0.46818923327895595 0.20555555555555555 0.00897226753670473
1 0.33194444444444443 0.4535073409461664 0.027777777777777776 0.02365415986949429
1 0.33055555555555555 0.3442088091353997 0.030555555555555555 0.06035889070146819
1 0.12777777777777777 0.15823817292006526 0.02638888888888889 0.27895595432300163
1 0.6423611111111112 0.011827079934747145 0.41388888888888886 0.015497553017944535
1 0.6826388888888889 0.15252854812398042 0.32916666666666666 0.017128874388254486
1 0.50625 0.1774061990212072 0.02638888888888889 0.0367047308319739
1 0.5069444444444444 0.28711256117455136 0.02638888888888889 0.012234910277324634
1 0.7402777777777778 0.3030179445350734 0.2125 0.011419249592169658
1 0.8590277777777777 0.1594616639477977 0.03194444444444444 0.2814029363784666
1 0.8597222222222223 0.4453507340946166 0.030555555555555555 0.26753670473083196
1 0.8034722222222223 0.5807504078303426 0.0875 0.010603588907014683
1 0.8590277777777777 0.7320554649265906 0.02638888888888889 0.2838499184339315
1 0.7534722222222222 0.7814029363784666 0.19305555555555556 0.00897226753670473
0 0.48819444444444443 0.45024469820554647 0.8041666666666667 0.9004893964110929