1 0.6869627507163324 0.8863636363636364 0.35816618911174786 0.013468013468013467
1 0.3123209169054441 0.8859427609427609 0.34813753581661894 0.015151515151515152
1 0.12535816618911175 0.8392255892255892 0.027220630372492838 0.08754208754208755
1 0.27435530085959886 0.7853535353535354 0.2722063037249284 0.012626262626262626
1 0.49140401146131807 0.6885521885521886 0.01862464183381089 0.20202020202020202
1 0.252865329512894 0.57996632996633 0.23209169054441262 0.010101010101010102
1 0.12607449856733524 0.6864478114478114 0.02865329512893983 0.19276094276094277
1 0.33739255014326647 0.5429292929292929 0.03008595988538682 0.06565656565656566
1 0.12679083094555874 0.43813131313131315 0.027220630372492838 0.2735690235690236
1 0.24426934097421205 0.46296296296296297 0.21203438395415472 0.009259259259259259
1 0.336676217765043 0.4478114478114478 0.02865329512893983 0.02441077441077441
1 0.335243553008596 0.335016835016835 0.03151862464183381 0.06228956228956229
1 0.12679083094555874 0.14393939393939395 0.027220630372492838 0.2878787878787879
1 0.6984240687679083 0.13720538720538722 0.33954154727793695 0.017676767676767676
1 0.5164756446991404 0.16287878787878787 0.027220630372492838 0.03787878787878788
1 0.5171919770773639 0.2760942760942761 0.027220630372492838 0.012626262626262626
1 0.7578796561604585 0.2925084175084175 0.2191977077363897 0.011784511784511785
1 0.8803724928366762 0.1447811447811448 0.0329512893982808 0.2895622895622896
1 0.8810888252148997 0.4393939393939394 0.03151862464183381 0.2760942760942761
1 0.8230659025787965 0.5791245791245792 0.09025787965616046 0.010942760942760943
1 0.8803724928366762 0.7352693602693603 0.027220630372492838 0.29292929292929293
1 0.7714899713467048 0.7861952861952862 0.1991404011461318 0.009259259259259259
0 0.4978510028653295 0.45454545454545453 0.829512893982808 0.9090909090909091