1 0.26430976430976433 0.855191256830601 0.11447811447811448 0.03551912568306011
1 0.20033670033670034 0.7172131147540983 0.016835016835016835 0.2540983606557377
1 0.2828282828282828 0.5792349726775956 0.1531986531986532 0.030054644808743168
1 0.36784511784511786 0.7199453551912568 0.013468013468013467 0.2650273224043716
1 0.4335016835016835 0.5806010928961749 0.13131313131313133 0.030054644808743168
1 0.5538720538720538 0.5806010928961749 0.09259259259259259 0.03278688524590164
1 0.6482003367003367 0.5953169398907103 0.6495841750841751 0.7690464480874317 0.6608484848484848 0.7690464480874317 0.6616397306397307 0.5956366120218579 0.7481363636363636 0.5965983606557377 0.747543771043771 0.5648661202185793 0.611030303030303 0.5629426229508196 0.6100589225589226 0.5946748633879781 0.6482003367003367 0.5953169398907103
1 0.6961279461279462 0.8510928961748634 0.09595959595959595 0.02185792349726776
1 0.75 0.7185792349726776 0.018518518518518517 0.2650273224043716
1 0.75 0.930327868852459 0.018518518518518517 0.13934426229508196
1 0.6060606060606061 0.9316939890710383 0.016835016835016835 0.1366120218579235
1 0.5547138047138047 0.8483606557377049 0.09764309764309764 0.02185792349726776
1 0.48148148148148145 0.8497267759562842 0.03535353535353535 0.0273224043715847
1 0.4006734006734007 0.8510928961748634 0.06734006734006734 0.02185792349726776
1 0.31986531986531985 0.3702185792349727 0.15488215488215487 0.03551912568306011
1 0.2382154882154882 0.24043715846994534 0.018518518518518517 0.23497267759562843
1 0.31902356902356904 0.05737704918032787 0.15151515151515152 0.01912568306010929
1 0.6094276094276094 0.04644808743169399 0.05723905723905724 0.02459016393442623
1 0.6439393939393939 0.21174863387978143 0.018518518518518517 0.30327868852459017
1 0.4057239057239057 0.25136612021857924 0.016835016835016835 0.2185792349726776
1 0.5493872053872054 0.4353715846994536 0.5488804713804715 0.37573497267759565 0.537074074074074 0.3768306010928961 0.5362306397306398 0.4342786885245902 0.47069360269360266 0.4340027322404372 0.47035690235690236 0.14239071038251366 0.4362861952861953 0.1437568306010929 0.4362861952861953 0.1648224043715847 0.4577070707070707 0.16427322404371586 0.4563569023569024 0.434551912568306 0.4113888888888889 0.434551912568306 0.4112205387205387 0.37819672131147536 0.3992794612794613 0.37792349726775953 0.3987996632996633 0.45561475409836066 0.7979040404040404 0.4567103825136612 0.7968922558922559 0.3743688524590164 0.7860976430976431 0.3740956284153006 0.7855925925925926 0.43783333333333335 0.6516144781144781 0.4389289617486339 0.6511077441077441 0.37710382513661206 0.6406515151515152 0.37710382513661206 0.6401447811447811 0.43591803278688523 0.5493872053872054 0.4353715846994536
1 0.5202020202020202 0.1557377049180328 0.05387205387205387 0.0273224043715847
1 0.5420875420875421 0.2527322404371585 0.013468013468013467 0.2185792349726776
1 0.7306397306397306 0.36885245901639346 0.1026936026936027 0.03278688524590164
1 0.7870370370370371 0.20901639344262296 0.016835016835016835 0.3005464480874317
1 0.6910774410774411 0.031420765027322405 0.015151515151515152 0.05737704918032787
1 0.7365319865319865 0.04644808743169399 0.09427609427609428 0.02459016393442623
0 0.494949494949495 0.23224043715846995 0.6060606060606061 0.4644808743169399
0 0.4781144781144781 0.7786885245901639 0.5723905723905723 0.4426229508196721