1 0.09070769230769231 0.401175 0.01993846153846153 0.19100000000000006
1 0.09003076923076923 0.176075 0.01993846153846153 0.22875
1 0.27107692307692305 0.1505 0.01980000000000001 0.16994999999999996
1 0.34921538461538465 0.05505 0.1439076923076923 0.026925000000000008
1 0.42623076923076925 0.1775 0.016661538461538526 0.228275
1 0.3471230769230769 0.30405 0.14867692307692307 0.019975000000000024
1 0.4251076923076923 0.400875 0.017107692307692313 0.19475000000000006
1 0.4250307692307692 0.58005 0.017861538461538484 0.13684999999999994
1 0.41709846153846153 0.7200775 0.3192753846153846 0.7221325000000001 0.3192753846153846 0.73886 0.41691846153846157 0.740035 0.41637692307692303 0.8684824999999999 0.4342446153846154 0.8676024999999999 0.43532769230769236 0.66488 0.41746 0.6634375 0.41709846153846153 0.7200775
1 0.27307692307692305 0.7917749999999999 0.012815384615384591 0.14292499999999989
1 0.3477076923076923 0.871625 0.14907692307692305 0.027249999999999944
1 0.18044615384615387 0.8711 0.1719076923076923 0.027075000000000102
1 0.09092307692307693 0.7633 0.017415384615384628 0.20085000000000008
1 0.18093846153846155 0.6572 0.17073846153846153 0.024250000000000115
1 0.2742461538461538 0.581725 0.012353846153846111 0.14495000000000005
1 0.27347692307692306 0.4729 0.014676923076923108 0.051599999999999965
1 0.27321538461538464 0.35259999999999997 0.012615384615384598 0.09972499999999997
1 0.5436923076923077 0.23235 0.020138461538461588 0.22924999999999998
1 0.6168307692307692 0.11105000000000001 0.13207692307692312 0.027049999999999984
1 0.7200769230769231 0.230875 0.011476923076923133 0.22590000000000005
1 0.8214153846153845 0.11055 0.1098615384615385 0.026400000000000007
1 0.8780307692307693 0.229075 0.021599999999999946 0.23385000000000006
1 0.8252923076923078 0.35767499999999997 0.10141538461538464 0.025374999999999943
1 0.8781076923076923 0.453975 0.020753846153846168 0.194975
1 0.8787076923076923 0.63385 0.01990769230769239 0.14334999999999995
1 0.8007384615384616 0.5633250000000001 0.14749230769230762 0.02207499999999996
1 0.7264 0.6626000000000001 0.014000000000000035 0.08405000000000001
1 0.6331692307692308 0.7136 0.17078461538461537 0.02647500000000008
1 0.6109692307692307 0.3604 0.12335384615384626 0.024249999999999973
1 0.49514461538461535 0.9423874999999999 0.5415092307692307 0.940885 0.5416630769230769 0.924855 0.5057738461538461 0.924105 0.5051569230769231 0.7251475000000001 0.5399692307692308 0.7243949999999999 0.5399692307692308 0.7088675000000001 0.5068523076923077 0.7081149999999999 0.5071599999999999 0.5733400000000001 0.54074 0.5725875 0.5401230769230769 0.555055 0.5077753846153846 0.5538025 0.5079307692307692 0.45648000000000005 0.6721307692307692 0.45598 0.6713615384615385 0.405385 0.6595 0.405385 0.6598092307692307 0.43719499999999994 0.5076215384615385 0.43518999999999997 0.5076215384615385 0.36841250000000003 0.5393538461538462 0.36816249999999995 0.5395076923076924 0.35043 0.4957615384615385 0.3497175 0.49514461538461535 0.9423874999999999
1 0.6643384615384615 0.5304249999999999 0.014892307692307616 0.08012500000000003
1 0.6102307692307692 0.5621 0.1224461538461539 0.02112499999999997
1 0.5447384615384615 0.842025 0.018492307692307666 0.1529249999999999
1 0.6348615384615385 0.926125 0.16875384615384606 0.02375
1 0.7348615384615385 0.783175 0.03175384615384613 0.021825000000000046
1 0.7259846153846153 0.851475 0.013492307692307665 0.13890000000000013
1 0.7898615384615384 0.84935 0.013753846153846238 0.15047500000000014
1 0.8012461538461537 0.9245 0.1482615384615384 0.025349999999999966
1 0.8780000000000001 0.816725 0.018246153846153693 0.20347499999999996
1 0.857 0.78205 0.03924615384615383 0.018350000000000078
0 0.6928461538461539 0.485975 0.4035076923076923 0.9145249999999998
0 0.25655384615384613 0.46087500000000003 0.3648 0.866175