1 0.07096774193548387 0.4118421052631579 0.020967741935483872 0.2
1 0.07016129032258064 0.175 0.020967741935483872 0.24210526315789474
1 0.25967741935483873 0.14736842105263157 0.020967741935483872 0.17894736842105263
1 0.3419354838709677 0.04736842105263158 0.15161290322580645 0.02894736842105263
1 0.42258064516129035 0.1763157894736842 0.017741935483870968 0.2394736842105263
1 0.3395161290322581 0.3092105263157895 0.15645161290322582 0.021052631578947368
1 0.4217741935483871 0.4118421052631579 0.017741935483870968 0.20526315789473684
1 0.4217741935483871 0.6 0.01935483870967742 0.14473684210526316
1 0.41308709677419353 0.7474500000000001 0.3105306451612903 0.7496131578947368 0.3105306451612903 0.7672210526315789 0.41289838709677423 0.7684578947368421 0.41233064516129037 0.9036657894736841 0.4310629032258065 0.9027394736842105 0.4321983870967742 0.6893473684210526 0.41346612903225805 0.687828947368421 0.41308709677419353 0.7474500000000001
1 0.2620967741935484 0.8223684210526315 0.012903225806451613 0.15
1 0.3403225806451613 0.906578947368421 0.15645161290322582 0.02894736842105263
1 0.16532258064516128 0.906578947368421 0.18064516129032257 0.02894736842105263
1 0.07096774193548387 0.7934210526315789 0.017741935483870968 0.21052631578947367
1 0.16532258064516128 0.6815789473684211 0.17903225806451614 0.02631578947368421
1 0.26370967741935486 0.6013157894736842 0.012903225806451613 0.15263157894736842
1 0.2629032258064516 0.4868421052631579 0.016129032258064516 0.05526315789473684
1 0.2620967741935484 0.3605263157894737 0.012903225806451613 0.10526315789473684
1 0.5459677419354839 0.23421052631578948 0.020967741935483872 0.24210526315789474
1 0.6225806451612903 0.10657894736842105 0.13870967741935483 0.02894736842105263
1 0.7306451612903225 0.23289473684210527 0.01129032258064516 0.23684210526315788
1 0.8370967741935483 0.10526315789473684 0.11451612903225807 0.02894736842105263
1 0.8959677419354839 0.23026315789473684 0.02258064516129032 0.24736842105263157
1 0.8411290322580646 0.36578947368421055 0.1064516129032258 0.02631578947368421
1 0.896774193548387 0.46710526315789475 0.020967741935483872 0.20526315789473684
1 0.896774193548387 0.656578947368421 0.020967741935483872 0.15
1 0.8153225806451613 0.5828947368421052 0.15483870967741936 0.02368421052631579
1 0.7370967741935484 0.6868421052631579 0.014516129032258065 0.08947368421052632
1 0.6395161290322581 0.7407894736842106 0.17903225806451614 0.02894736842105263
1 0.6161290322580645 0.3684210526315789 0.12903225806451613 0.02631578947368421
1 0.5075064516129032 0.5929894736842105 0.5427112903225806 0.5921973684210526 0.5420645161290323 0.5737421052631578 0.5081516129032257 0.5724236842105263 0.5083145161290322 0.4699789473684211 0.6804596774193549 0.46945263157894734 0.6796532258064516 0.41619473684210523 0.6672177419354839 0.41619473684210523 0.667541935483871 0.449678947368421 0.5079903225806451 0.44756842105263156 0.5079903225806451 0.3772763157894737 0.541258064516129 0.37701315789473683 0.5414193548387097 0.35834736842105264 0.49555645161290324 0.3575973684210526 0.4949096774193548 0.9814605263157894 0.5435177419354839 0.979878947368421 0.5436790322580646 0.9630052631578948 0.5060532258064516 0.9622157894736842 0.5054064516129032 0.7527868421052633 0.5419032258064517 0.7519947368421052 0.5419032258064517 0.73565 0.507183870967742 0.734857894736842 0.5075064516129032 0.5929894736842105
1 0.6725806451612903 0.5473684210526316 0.016129032258064516 0.08421052631578947
1 0.6153225806451613 0.5815789473684211 0.12903225806451613 0.021052631578947368
1 0.5467741935483871 0.8763157894736842 0.01935483870967742 0.16052631578947368
1 0.6411290322580645 0.9644736842105263 0.1774193548387097 0.02631578947368421
1 0.7459677419354839 0.8144736842105263 0.03387096774193549 0.02368421052631579
1 0.7370967741935484 0.8855263157894737 0.014516129032258065 0.14736842105263157
1 0.8040322580645162 0.8828947368421053 0.014516129032258065 0.15789473684210525
1 0.8161290322580645 0.9631578947368421 0.15483870967741936 0.02631578947368421
1 0.8959677419354839 0.8486842105263158 0.01935483870967742 0.2131578947368421
1 0.8741935483870967 0.8131578947368421 0.041935483870967745 0.018421052631578946
0 0.7024193548387097 0.5013157894736842 0.42258064516129035 0.9631578947368421
0 0.24516129032258063 0.475 0.38225806451612904 0.9105263157894737