1 0.26496923076923073 0.900625 0.1682307692307692 0.025774999999999864
1 0.42844615384615387 0.8997499999999999 0.14218461538461535 0.027375000000000115
1 0.5043692307692307 0.795575 0.021538461538461538 0.19170000000000015
1 0.5046461538461539 0.618125 0.018969230769230832 0.13472499999999996
1 0.5037692307692307 0.4457 0.020369230769230782 0.18512500000000004
1 0.42823076923076925 0.35212499999999997 0.14247692307692308 0.015275000000000033
1 0.3566923076923077 0.40037500000000004 0.012215384615384612 0.09417500000000004
1 0.40686153846153844 0.4368 0.11324615384615387 0.02019999999999996
1 0.35578461538461537 0.516025 0.012215384615384612 0.04802499999999995
1 0.3566923076923077 0.618925 0.012276923076923105 0.13754999999999995
1 0.2644 0.69455 0.1666923076923077 0.026074999999999876
1 0.17632307692307692 0.7957 0.018799999999999997 0.19435000000000002
1 0.1498153846153846 0.69875 0.04358461538461536 0.01914999999999992
1 0.13466153846153847 0.624725 0.011399999999999995 0.16632499999999995
1 0.15106153846153847 0.549125 0.04446153846153847 0.015925000000000012
1 0.17600000000000002 0.44604999999999995 0.018799999999999997 0.18607500000000002
1 0.1762 0.23120000000000002 0.018384615384615367 0.22089999999999996
1 0.3528 0.203075 0.018738461538461548 0.17270000000000002
1 0.42883076923076924 0.11395 0.14236923076923075 0.02805
1 0.5050769230769231 0.23102499999999998 0.019600000000000013 0.22019999999999995
1 0.3558 0.8223 0.01452307692307692 0.13827500000000015
0 0.7721692307692307 0.50425 0.392276923076923 0.8305249999999998
1 0.6260923076923076 0.81755 0.023338461538461475 0.14857499999999987
1 0.7156615384615385 0.898275 0.16829230769230766 0.026850000000000023
1 0.8063230769230769 0.8227249999999999 0.013307692307692447 0.14044999999999988
1 0.8147384615384616 0.763375 0.028507692307692265 0.021699999999999876
1 0.8670615384615386 0.8331000000000001 0.013430769230769258 0.16117500000000007
1 0.8785230769230769 0.8974 0.14140000000000014 0.02907499999999999
1 0.9386461538461539 0.763375 0.053199999999999886 0.021699999999999876
1 0.954923076923077 0.7939 0.020092307692307607 0.19382499999999994
1 0.9548153846153846 0.6200249999999999 0.021169230769230756 0.13862500000000005
1 0.805723076923077 0.646375 0.013707692307692433 0.08414999999999992
1 0.7158153846153845 0.693025 0.16852307692307686 0.025275000000000034
1 0.6002 0.6965749999999999 0.04478461538461541 0.019099999999999964
1 0.5862307692307692 0.5225 0.0124923076923077 0.36345
1 0.6676615384615385 0.43494999999999995 0.17644615384615392 0.019950000000000044
1 0.7459692307692307 0.4204 0.013846153846153847 0.05172499999999999
1 0.7452923076923077 0.519475 0.015738461538461566 0.08310000000000002
1 0.6006153846153846 0.550775 0.04396923076923083 0.01605000000000004
1 0.6908615384615384 0.55135 0.12350769230769226 0.02112499999999997
1 0.6914153846153847 0.349575 0.12296923076923069 0.02122500000000002
1 0.6015846153846154 0.35115 0.041507692307692336 0.020074999999999933
1 0.6262 0.22925 0.02123076923076916 0.22057499999999997
1 0.6958153846153846 0.1125 0.13343076923076927 0.031099999999999996
1 0.7998615384615384 0.23159999999999997 0.014584615384615413 0.22124999999999997
1 0.9011692307692307 0.35075 0.10007692307692301 0.025575000000000046
1 0.9541076923076922 0.229375 0.01866153846153863 0.22034999999999996
1 0.8985384615384615 0.11185 0.10704615384615374 0.028649999999999985
1 0.9537384615384614 0.44427500000000003 0.01920000000000003 0.18959999999999994
1 0.8788153846153847 0.54915 0.14416923076923083 0.01757499999999993
1 0.45892307692307693 0.762775 0.11452307692307684 0.021150000000000092