1 0.2483766233766234 0.10846560846560846 0.016233766233766232 0.21693121693121692
1 0.2483766233766234 0.3558201058201058 0.017857142857142856 0.24338624338624337
1 0.31655844155844154 0.48677248677248675 0.125 0.037037037037037035
1 0.4318181818181818 0.48677248677248675 0.08766233766233766 0.031746031746031744
1 0.5430194805194806 0.48544973544973546 0.12012987012987013 0.03439153439153439
1 0.6038961038961039 0.3558201058201058 0.00974025974025974 0.24603174603174602
1 0.573051948051948 0.2328042328042328 0.06168831168831169 0.021164021164021163
1 0.549512987012987 0.3187830687830688 0.012987012987012988 0.19576719576719576
1 0.49756493506493504 0.23148148148148148 0.030844155844155844 0.021164021164021163
1 0.4310064935064935 0.2328042328042328 0.08928571428571429 0.021164021164021163
1 0.3814935064935065 0.10846560846560846 0.016233766233766232 0.21693121693121692
1 0.7012987012987013 0.2261904761904762 0.11201298701298701 0.031746031746031744
1 0.7589285714285714 0.3558201058201058 0.017857142857142856 0.24603174603174602
1 0.6826298701298701 0.4880952380952381 0.14285714285714285 0.03439153439153439
1 0.2987012987012987 0.23148148148148148 0.08928571428571429 0.023809523809523808
0 0.5048701298701299 0.8042328042328042 0.538961038961039 0.3915343915343915
1 0.30194805194805197 0.6957671957671958 0.09577922077922078 0.03968253968253968
1 0.24918831168831168 0.8492063492063492 0.017857142857142856 0.28835978835978837
1 0.2987012987012987 0.996031746031746 0.09090909090909091 0.007936507936507936
1 0.41233766233766234 0.996031746031746 0.05519480519480519 0.007936507936507936
1 0.38311688311688313 0.8505291005291006 0.016233766233766232 0.291005291005291
1 0.3806818181818182 0.6507936507936508 0.012987012987012988 0.07671957671957672
1 0.4935064935064935 0.626984126984127 0.2353896103896104 0.021164021164021163
1 0.5503246753246753 0.7671957671957672 0.012987012987012988 0.30423280423280424
1 0.560064935064935 0.9021164021164021 0.03409090909090909 0.023809523809523808
1 0.49512987012987014 0.9007936507936508 0.05357142857142857 0.026455026455026454
1 0.47483766233766234 0.6521164021164021 0.00974025974025974 0.07671957671957672
1 0.47483766233766234 0.8068783068783069 0.012987012987012988 0.21164021164021163
1 0.6055194805194806 0.8082010582010583 0.012987012987012988 0.21164021164021163
1 0.6047077922077922 0.6534391534391535 0.012987012987012988 0.07142857142857142
1 0.6842532467532467 0.6957671957671958 0.14285714285714285 0.037037037037037035
1 0.7597402597402597 0.8161375661375662 0.01948051948051948 0.23015873015873015
1 0.6818181818181818 0.9907407407407407 0.14285714285714285 0.018518518518518517
1 0.33766233766233766 0.4087301587301587 0.012987012987012988 0.19576719576719576