1 0.7523364485981309 0.8730964467005076 0.01557632398753894 0.25380710659898476
1 0.7523364485981309 0.6154822335025381 0.017133956386292833 0.233502538071066
1 0.6869158878504673 0.48984771573604063 0.11993769470404984 0.03553299492385787
1 0.5763239875389408 0.48984771573604063 0.08411214953271028 0.030456852791878174
1 0.4696261682242991 0.49111675126903553 0.11526479750778816 0.03299492385786802
1 0.411214953271028 0.6154822335025381 0.009345794392523364 0.23604060913705585
1 0.440809968847352 0.733502538071066 0.059190031152647975 0.02030456852791878
1 0.4633956386292835 0.6510152284263959 0.012461059190031152 0.18781725888324874
1 0.5132398753894081 0.7347715736040609 0.029595015576323987 0.02030456852791878
1 0.5771028037383178 0.733502538071066 0.08566978193146417 0.02030456852791878
1 0.6246105919003115 0.8743654822335025 0.01557632398753894 0.2512690355329949
1 0.3177570093457944 0.7398477157360406 0.10747663551401869 0.030456852791878174
1 0.26246105919003115 0.6154822335025381 0.017133956386292833 0.23604060913705585
1 0.3356697819314642 0.4885786802030457 0.13707165109034267 0.03299492385786802
1 0.7040498442367601 0.7347715736040609 0.08566978193146417 0.02284263959390863
0 0.5046728971962616 0.18527918781725888 0.5171339563862928 0.37055837563451777
1 0.7009345794392523 0.2893401015228426 0.09190031152647975 0.03807106598984772
1 0.7515576323987538 0.14213197969543148 0.017133956386292833 0.2766497461928934
1 0.5934579439252337 0.0025380710659898475 0.0529595015576324 0.005076142131979695
1 0.6230529595015576 0.14086294416243655 0.01557632398753894 0.27918781725888325
1 0.6253894080996885 0.33248730964467005 0.012461059190031152 0.07360406091370558
1 0.5171339563862928 0.3553299492385787 0.22585669781931464 0.02030456852791878
1 0.46261682242990654 0.22081218274111675 0.012461059190031152 0.2918781725888325
1 0.4532710280373832 0.09137055837563451 0.03271028037383177 0.02284263959390863
1 0.5155763239875389 0.09263959390862944 0.0514018691588785 0.025380710659898477
1 0.5350467289719626 0.33121827411167515 0.009345794392523364 0.07360406091370558
1 0.5350467289719626 0.18274111675126903 0.012461059190031152 0.20304568527918782
1 0.40965732087227413 0.1814720812182741 0.012461059190031152 0.20304568527918782
1 0.4104361370716511 0.3299492385786802 0.012461059190031152 0.06852791878172589
1 0.3341121495327103 0.2893401015228426 0.13707165109034267 0.03553299492385787
1 0.2616822429906542 0.17385786802030456 0.018691588785046728 0.22081218274111675
1 0.3348909657320872 0.006345177664974619 0.13707165109034267 0.012690355329949238
1 0.6666666666666666 0.5647208121827412 0.012461059190031152 0.18781725888324874