1 0.27853260869565216 0.1338044758539458 0.27346467391304347 0.016065959952885733
1 0.43308423913043476 0.2844051825677268 0.01625000000000005 0.2738398115429918
1 0.49626358695652173 0.4344758539458186 0.11756793478260866 0.015689045936395817
1 0.3202038043478261 0.4702120141342756 0.018790760869565194 0.08784452296819793
1 0.2301494565217391 0.434416961130742 0.17490489130434786 0.016219081272084785
1 0.12703804347826086 0.6344051825677267 0.019687500000000014 0.39527679623085976
1 0.2805434782608696 0.8457950530035336 0.27480978260869565 0.01611307420494707
1 0.43240489130434784 0.7500942285041226 0.018491847826086975 0.16286219081272083
1 0.4898913043478261 0.6939575971731449 0.10839673913043475 0.01724381625441708
1 0.6929755434782608 0.6932391048292108 0.07798913043478266 0.01734982332155479
1 0.693125 0.8458775029446407 0.053233695652173924 0.016277974087161293
1 0.7348777173913044 0.8708362779740872 0.020421195652173877 0.0436984687868079
1 0.7350271739130435 0.7123557126030624 0.016847826086956647 0.23742049469964657
1 0.8409782608695653 0.8837926972909306 0.21116847826086965 0.01611307420494707
1 0.938804347826087 0.8700353356890459 0.016698369565217343 0.0436395759717314
1 0.9379891304347826 0.7130859835100117 0.01804347826086953 0.24
1 0.9384239130434782 0.5068197879858658 0.020720108695652172 0.14166077738515898
1 0.8295108695652174 0.43428739693757357 0.18817934782608695 0.01944640753828032
1 0.9374592391304348 0.283510011778563 0.021766304347826063 0.2759010600706714
1 0.7849184782608696 0.13299175500588928 0.2767391304347827 0.016866902237926966
1 0.6317391304347826 0.2843934040047114 0.019497282608695682 0.27391048292108366
1 0.5323097826086957 0.13328621908127208 0.1905570652173913 0.015795053003533566
1 0.4960733695652174 0.24558303886925795 0.12346467391304349 0.016254416961130756
1 0.27296195652173916 0.580188457008245 0.2881793478260869 0.019505300353356826
1 0.12775815217391304 0.28597173144876326 0.019239130434782602 0.27713780918727915
0 0.5316983695652173 0.5075853945818609 0.8568885869565217 0.7921672555948174