1 0.7165242165242165 0.8793316831683168 0.2863247863247863 0.017326732673267328
1 0.5541310541310541 0.7209158415841584 0.017094017094017096 0.2871287128712871
1 0.4886039886039886 0.5631188118811881 0.12393162393162394 0.01608910891089109
1 0.6730769230769231 0.525990099009901 0.019943019943019943 0.09282178217821782
1 0.7670940170940171 0.5631188118811881 0.18376068376068377 0.017326732673267328
1 0.8753561253561254 0.3533415841584158 0.019943019943019943 0.4158415841584158
1 0.7143874643874644 0.1311881188118812 0.28774928774928776 0.017326732673267328
1 0.5555555555555556 0.23143564356435645 0.019943019943019943 0.1707920792079208
1 0.495014245014245 0.2908415841584158 0.11396011396011396 0.018564356435643563
1 0.28205128205128205 0.29146039603960394 0.0811965811965812 0.018564356435643563
1 0.28205128205128205 0.1311881188118812 0.05555555555555555 0.017326732673267328
1 0.2378917378917379 0.10457920792079207 0.021367521367521368 0.04579207920792079
1 0.2378917378917379 0.27103960396039606 0.017094017094017096 0.25
1 0.1267806267806268 0.09096534653465346 0.2207977207977208 0.017326732673267328
1 0.024216524216524215 0.10581683168316831 0.017094017094017096 0.04579207920792079
1 0.02492877492877493 0.27042079207920794 0.018518518518518517 0.2524752475247525
1 0.02492877492877493 0.4870049504950495 0.021367521367521368 0.1485148514851485
1 0.1388888888888889 0.5637376237623762 0.19658119658119658 0.02103960396039604
1 0.02564102564102564 0.7221534653465347 0.022792022792022793 0.2896039603960396
1 0.1858974358974359 0.879950495049505 0.2905982905982906 0.017326732673267328
1 0.34615384615384615 0.7209158415841584 0.019943019943019943 0.28836633663366334
1 0.45014245014245013 0.879950495049505 0.19943019943019943 0.01608910891089109
1 0.4886039886039886 0.7617574257425742 0.12962962962962962 0.017326732673267328
1 0.7222222222222222 0.41027227722772275 0.301994301994302 0.02103960396039604
1 0.8746438746438746 0.719059405940594 0.019943019943019943 0.2908415841584158
0 0.45085470085470086 0.4863861386138614 0.8988603988603988 0.8329207920792079