1 0.816066066066066 0.51953125 0.3483483483483483 0.015625
1 0.6246246246246246 0.4596354166666667 0.01951951951951952 0.11328125
1 0.5795795795795796 0.6282552083333334 0.11261261261261261 0.018229166666666668
1 0.6246246246246246 0.7141927083333334 0.021021021021021023 0.16796875
1 0.37012012012012013 0.8131510416666666 0.5045045045045045 0.018229166666666668
1 0.1006006006006006 0.666015625 0.021021021021021023 0.2630208333333333
1 0.2222222222222222 0.5208333333333334 0.2072072072072072 0.018229166666666668
1 0.29429429429429427 0.4654947916666667 0.02252252252252252 0.10416666666666667
1 0.29504504504504503 0.2708333333333333 0.02252252252252252 0.07421875
1 0.1006006006006006 0.2708333333333333 0.021021021021021023 0.05078125
1 0.06831831831831832 0.23046875 0.05555555555555555 0.01953125
1 0.2702702702702703 0.23046875 0.3033033033033033 0.015625
1 0.052552552552552555 0.1484375 0.021021021021021023 0.1640625
1 0.6261261261261262 0.1484375 0.024024024024024024 0.1640625
1 0.816066066066066 0.3294270833333333 0.34984984984984985 0.018229166666666668
1 0.8656156156156156 0.4596354166666667 0.021021021021021023 0.11848958333333333
1 0.4391891891891892 0.6731770833333334 0.025525525525525526 0.2760416666666667
1 0.8138138138138138 0.8125 0.35285285285285284 0.018229166666666668
0 0.5135135135135135 0.4518229166666667 0.972972972972973 0.7708333333333334