1 0.1299093655589124 0.22959183673469388 0.2598187311178248 0.022108843537414966
1 0.2598187311178248 0.272108843537415 0.019637462235649546 0.07653061224489796
1 0.47583081570996977 0.2304421768707483 0.4003021148036254 0.0195578231292517
1 0.5551359516616314 0.2538265306122449 0.021148036253776436 0.06547619047619048
1 0.1299093655589124 0.7223639455782312 0.2598187311178248 0.021258503401360544
1 0.2688821752265861 0.6947278911564626 0.04078549848942598 0.04591836734693878
1 0.31268882175226587 0.6224489795918368 0.1299093655589124 0.025510204081632654
1 0.13444108761329304 0.5467687074829932 0.2688821752265861 0.01020408163265306
1 0.26132930513595165 0.483843537414966 0.022658610271903322 0.1096938775510204
1 0.2598187311178248 0.3792517006802721 0.022658610271903322 0.0391156462585034
1 0.1351963746223565 0.391156462585034 0.270392749244713 0.01020408163265306
1 0.5551359516616314 0.4460034013605442 0.03172205438066465 0.22363945578231292
1 0.5249244712990937 0.6258503401360545 0.11329305135951662 0.025510204081632654
1 0.5483383685800605 0.6449829931972789 0.04380664652567976 0.06547619047619048
1 0.4773413897280967 0.7210884353741497 0.4003021148036254 0.027210884353741496
1 0.6472809667673716 0.66921768707483 0.030211480362537766 0.1096938775510204
1 0.75 0.6211734693877551 0.0770392749244713 0.017006802721088437
1 0.8429003021148036 0.5476190476190477 0.31419939577039274 0.017006802721088437
1 0.8436555891238671 0.7219387755102041 0.31268882175226587 0.022108843537414966
1 0.777190332326284 0.6636904761904762 0.02416918429003021 0.14370748299319727
1 0.8436555891238671 0.350765306122449 0.31268882175226587 0.016156462585034014
1 0.8459214501510574 0.2308673469387755 0.3081570996978852 0.02465986394557823
0 0.5 0.4817176870748299 1 0.5246598639455783