1 0.2743070652173913 0.03206422018348624 0.2642255434782609 0.011192660550458715
1 0.5687635869565217 0.03166666666666667 0.27801630434782615 0.010397553516819567
1 0.8193614130434782 0.03246941896024465 0.1743749999999999 0.011995412844036695
1 0.9256521739130434 0.11680428134556575 0.015557065217391365 0.1532033639143731
1 0.1255570652173913 0.11841743119266054 0.016616847826086942 0.15441896024464832
1 0.13188858695652173 0.214717125382263 0.03230978260869565 0.04883792048929663
1 0.17823369565217392 0.20004587155963305 0.12149456521739133 0.01950305810397553
1 0.3673913043478261 0.20087920489296637 0.11139945652173915 0.01930428134556575
1 0.4689945652173913 0.24146788990825685 0.08366847826086962 0.017767584097859335
1 0.6504347826086957 0.2417966360856269 0.1299184782608695 0.019067278287461815
1 0.7563586956521738 0.24109327217125384 0.05622282608695667 0.018310397553516853
1 0.8855027173913044 0.24130733944954127 0.05546195652173904 0.018746177370030568
1 0.9194701086956522 0.32974770642201834 0.035883152173913156 0.17100917431192655
1 0.851929347826087 0.4152064220183487 0.12184782608695661 0.010214067278287385
1 0.9184103260869566 0.5246330275229358 0.03186141304347832 0.20249999999999993
1 0.8810869565217392 0.5646406727828746 0.10419836956521747 0.010405198776758334
1 0.13191576086956522 0.33024464831804273 0.034415760869565194 0.17064984709480122
1 0.17673913043478262 0.4196559633027523 0.07307065217391306 0.02027522935779815
1 0.291875 0.44207951070336393 0.040788043478260844 0.0658486238532111
1 0.41220108695652175 0.33344036697247703 0.016834239130434765 0.17294342507645263
1 0.5135597826086957 0.4158409785932721 0.1758831521739131 0.011246177370030608
1 0.6810190217391304 0.4150152905198777 0.06317934782608696 0.01167431192660549
1 0.6618478260869566 0.3262691131498471 0.016970108695652186 0.18878440366972482
1 0.6725679347826087 0.19744648318042812 0.5332201086956523 0.015366972477064238
1 0.9247554347826087 0.21129969418960245 0.02714673913043481 0.04594036697247709
1 0.5737771739130435 0.5644954128440367 0.3574728260869566 0.016077981651376125
1 0.2865625 0.5493195718654434 0.04021739130434786 0.05716360856269112
1 0.2562907608695652 0.560993883792049 0.10427989130434782 0.022492354740061216
1 0.1343342391304348 0.5250840978593272 0.04330163043478261 0.2028058103975535
1 0.2174048913043478 0.6110703363914373 0.1749864130434782 0.015244648318042855
1 0.29429347826086955 0.6630581039755351 0.02650815217391303 0.038662079510703315
1 0.4109510869565217 0.7348394495412843 0.02650815217391303 0.2075840978593271
1 0.13275815217391304 0.733448012232416 0.035326086956521736 0.20430428134556586
1 0.41895380434782614 0.8661544342507645 0.034769021739130476 0.04890672782874603
1 0.37508152173913045 0.8796712538226299 0.12585597826086956 0.02188837920489305
1 0.13179347826086957 0.8646177370030581 0.03671195652173914 0.05012996941896037
1 0.17828804347826085 0.8777370030581039 0.1280570652173913 0.021391437308868517
1 0.2263179347826087 0.6769036697247707 0.22907608695652176 0.012018348623853231
1 0.45262228260869564 0.8373929663608563 0.062146739130434794 0.02064984709480139
1 0.5896059782608696 0.8380886850152905 0.057214673913043496 0.02076452599388368
1 0.7261684782608696 0.733631498470948 0.025271739130434658 0.20356269113149847
1 0.5828532608695652 0.8832798165137614 0.3269293478260869 0.014640672782874687
1 0.7263451086956522 0.8655045871559632 0.025774456521739167 0.049189602446483294
1 0.8210461956521738 0.8368654434250764 0.05153532608695661 0.02404434250764512
1 0.9173505434782608 0.7341360856269113 0.03994565217391317 0.19990061162079523
0 0.5179483695652174 0.4582415902140672 0.8387907608695653 0.8754587155963302