1 0.0223463687150838 0.706436420722135 0.0446927374301676 0.018838304552590265
1 0.04888268156424581 0.5117739403453689 0.03212290502793296 0.04866562009419152
1 0.04958100558659218 0.40698587127158553 0.034916201117318434 0.07535321821036106
1 0.04818435754189944 0.3457613814756672 0.0335195530726257 0.03218210361067504
1 0.04818435754189944 0.271193092621664 0.034916201117318434 0.03218210361067504
1 0.210195530726257 0.25156985871271587 0.3128491620111732 0.02040816326530612
1 0.3659217877094972 0.2904238618524333 0.018156424581005588 0.0706436420722135
1 0.5656424581005587 0.2519623233908948 0.37011173184357543 0.01805337519623234
1 0.6389664804469274 0.2735478806907378 0.019553072625698324 0.06043956043956044
1 0.21089385474860337 0.706436420722135 0.31145251396648044 0.019623233908948195
1 0.3743016759776536 0.6805337519623234 0.03770949720670391 0.0423861852433281
1 0.41480446927374304 0.6138147566718996 0.12011173184357542 0.023547880690737835
1 0.2164804469273743 0.5443485086342229 0.31564245810055863 0.009419152276295133
1 0.36731843575418993 0.4858712715855573 0.02094972067039106 0.10125588697017268
1 0.3659217877094972 0.3893249607535322 0.02094972067039106 0.03610675039246468
1 0.20391061452513967 0.4003139717425432 0.34497206703910616 0.009419152276295133
1 0.017458100558659217 0.24803767660910517 0.034916201117318434 0.015698587127158554
1 0.6389664804469274 0.4509419152276295 0.029329608938547486 0.206436420722135
1 0.6110335195530726 0.6169544740973313 0.10474860335195531 0.023547880690737835
1 0.63268156424581 0.6346153846153846 0.040502793296089384 0.06043956043956044
1 0.5670391061452514 0.7048665620094191 0.37011173184357543 0.02511773940345369
1 0.7241620111731844 0.6569858712715856 0.027932960893854747 0.10125588697017268
1 0.8191340782122905 0.6126373626373627 0.0712290502793296 0.015698587127158554
1 0.8798882681564246 0.5447409733124019 0.24022346368715083 0.015698587127158554
1 0.880586592178771 0.7056514913657771 0.2388268156424581 0.02040816326530612
1 0.8442737430167597 0.651883830455259 0.0223463687150838 0.1326530612244898
1 0.880586592178771 0.3630298273155416 0.2388268156424581 0.014913657770800628
1 0.88268156424581 0.2523547880690738 0.2346368715083799 0.022762951334379906
0 0.5 0.4831240188383045 1 0.48430141287284145