1 0.6529166666666667 0.11212389380530974 0.04009722222222223 0.025297092288242718
1 0.8495833333333334 0.11142857142857143 0.04262500000000007 0.024841972187104936
1 0.8758055555555556 0.16835651074589125 0.026055555555555544 0.11005056890012643
1 0.8744444444444445 0.41299620733249054 0.027402777777777804 0.10501896333754747
1 0.7511249999999999 0.46939317319848295 0.2395416666666667 0.023805309734513325
1 0.6296527777777778 0.5268268015170671 0.02504166666666663 0.10724399494311004
1 0.7523888888888889 0.5827812895069533 0.23701388888888894 0.02428571428571433
1 0.8757222222222222 0.496763590391909 0.026902777777777626 0.05088495575221239
1 0.8747083333333333 0.5618331226295828 0.026902777777777626 0.03967130214917825
1 0.8749583333333334 0.7405309734513275 0.02943055555555563 0.3101517067003792
1 0.857361111111111 0.895094816687737 0.024694444444444408 0.02261694058154248
1 0.6450555555555556 0.8954740834386853 0.02436111111111106 0.025018963337547363
1 0.6096944444444444 0.8953982300884956 0.032819444444444436 0.02208596713021495
1 0.6303333333333333 0.7680910240202274 0.02638888888888889 0.24914032869785074
1 0.4591388888888889 0.7683691529709229 0.02504166666666663 0.25125158027812894
1 0.48188888888888887 0.8958912768647281 0.03705555555555549 0.02147914032869786
1 0.39563888888888893 0.8961314791403288 0.12124999999999998 0.024715549936788817
1 0.3549166666666666 0.6734134007585334 0.060222222222222205 0.02437420986093549
1 0.31905555555555554 0.5703792667509482 0.02570833333333332 0.19554993678887478
1 0.4362083333333333 0.5807079646017699 0.23599999999999993 0.021694058154235106
1 0.19495833333333334 0.5692288242730721 0.23941666666666667 0.01814159292035401
1 0.224875 0.4692667509481669 0.17847222222222223 0.027016434892541092
1 0.07227777777777777 0.5719595448798989 0.027569444444444455 0.1972819216182049
1 0.22495833333333334 0.6718710493046777 0.1796666666666667 0.025815423514538652
1 0.07291666666666667 0.6980657395701643 0.025041666666666667 0.04135271807838184
1 0.0735 0.8740834386852085 0.028250000000000004 0.035828065739570064
1 0.13009722222222223 0.8966371681415929 0.10691666666666665 0.02549936788874851
1 0.07144444444444444 0.4118078381795196 0.025833333333333326 0.10528445006321109
1 0.31805555555555554 0.37046776232616946 0.026930555555555537 0.06312262958280651
1 0.5087638888888889 0.33493046776232616 0.23137500000000005 0.02608091024020227
1 0.6296666666666667 0.37084702907711753 0.02527777777777784 0.06388116308470287
1 0.6290555555555556 0.24886219974715548 0.024597222222222274 0.1620733249051833
1 0.5278472222222222 0.22214917825537295 0.020055555555555632 0.2522503160556258
1 0.5153472222222223 0.11045512010113781 0.09506944444444451 0.029203539823008842
1 0.6055416666666666 0.11164348925410873 0.033930555555555485 0.026321112515802773
1 0.29324999999999996 0.11169405815423514 0.03915277777777777 0.024310998735777484
1 0.3512361111111111 0.11107458912768647 0.05619444444444446 0.023059418457648556
1 0.31840277777777776 0.2227307206068268 0.02513888888888892 0.21335018963337546
1 0.09583333333333334 0.11164348925410873 0.03833333333333332 0.02419721871049303
1 0.07226388888888889 0.16801517067003793 0.025 0.1039190897597977
0 0.4772916666666666 0.5038053097345133 0.8423055555555556 0.8158786346396968