1 0.27102803738317754 0.9313031161473088 0.045171339563862926 0.028328611898016998
1 0.050623052959501556 0.9320113314447592 0.048286604361370715 0.028328611898016998
1 0.02102803738317757 0.8682719546742209 0.029595015576323987 0.12322946175637393
1 0.022585669781931463 0.5941926345609065 0.03115264797507788 0.11756373937677053
1 0.16043613707165108 0.5304532577903682 0.26791277258566976 0.026912181303116147
1 0.2967289719626168 0.46671388101983 0.028037383177570093 0.12039660056657224
1 0.15965732087227413 0.40368271954674223 0.26635514018691586 0.026912181303116147
1 0.02102803738317757 0.5 0.029595015576323987 0.056657223796033995
1 0.021806853582554516 0.42705382436260625 0.029595015576323987 0.043909348441926344
1 0.021806853582554516 0.22662889518413598 0.03271028037383177 0.34702549575070823
1 0.04127725856697819 0.053824362606232294 0.028037383177570093 0.025495750708215296
1 0.279595015576324 0.05311614730878187 0.028037383177570093 0.028328611898016998
1 0.31931464174454827 0.05311614730878187 0.037383177570093455 0.024079320113314446
1 0.29595015576323985 0.1961756373937677 0.029595015576323987 0.2790368271954674
1 0.4883177570093458 0.1954674220963173 0.028037383177570093 0.2818696883852691
1 0.46261682242990654 0.05311614730878187 0.04205607476635514 0.024079320113314446
1 0.559190031152648 0.05240793201133145 0.13551401869158877 0.028328611898016998
1 0.6051401869158879 0.3024079320113314 0.06697819314641744 0.026912181303116147
1 0.6456386292834891 0.4178470254957507 0.029595015576323987 0.21954674220963172
1 0.514018691588785 0.40580736543909346 0.26479750778816197 0.024079320113314446
1 0.7842679127725857 0.4185552407932011 0.26791277258566976 0.019830028328611898
1 0.7507788161993769 0.5311614730878187 0.19937694704049844 0.029745042492917848
1 0.9221183800623053 0.4157223796033994 0.03115264797507788 0.22096317280453256
1 0.7507788161993769 0.3038243626062323 0.20093457943925233 0.028328611898016998
1 0.9213395638629284 0.2747875354107649 0.028037383177570093 0.046742209631728045
1 0.9205607476635514 0.07719546742209632 0.03115264797507788 0.039660056657223795
1 0.8574766355140186 0.05240793201133145 0.11993769470404984 0.028328611898016998
1 0.9228971962616822 0.5956090651558074 0.029595015576323987 0.11756373937677053
1 0.6464174454828661 0.6416430594900849 0.029595015576323987 0.0708215297450425
1 0.4322429906542056 0.6813031161473088 0.2601246105919003 0.029745042492917848
1 0.2967289719626168 0.6409348441926346 0.028037383177570093 0.07223796033994334
1 0.29750778816199375 0.7776203966005666 0.028037383177570093 0.1813031161473088
1 0.411214953271028 0.8080736543909348 0.021806853582554516 0.28328611898017
1 0.4252336448598131 0.9327195467422096 0.1059190031152648 0.032577903682719546
1 0.32398753894080995 0.9313031161473088 0.037383177570093455 0.029745042492917848
1 0.6744548286604362 0.9313031161473088 0.04361370716510903 0.026912181303116147
1 0.6090342679127726 0.9320113314447592 0.06230529595015576 0.025495750708215296
1 0.6464174454828661 0.8073654390934845 0.028037383177570093 0.23937677053824363
1 0.8956386292834891 0.9313031161473088 0.04361370716510903 0.026912181303116147
1 0.9221183800623053 0.8682719546742209 0.028037383177570093 0.11614730878186968
0 0.470404984423676 0.49291784702549574 0.940809968847352 0.9150141643059491