1 0.34684684684684686 0.8886612021857924 0.04354354354354354 0.0273224043715847
1 0.13438438438438438 0.889344262295082 0.046546546546546545 0.0273224043715847
1 0.10585585585585586 0.8278688524590164 0.028528528528528527 0.11885245901639344
1 0.10735735735735735 0.5635245901639344 0.03003003003003003 0.1133879781420765
1 0.24024024024024024 0.5020491803278688 0.25825825825825827 0.025956284153005466
1 0.3716216216216216 0.4405737704918033 0.02702702702702703 0.11612021857923498
1 0.23948948948948948 0.3797814207650273 0.25675675675675674 0.025956284153005466
1 0.10585585585585586 0.4726775956284153 0.028528528528528527 0.0546448087431694
1 0.1066066066066066 0.4023224043715847 0.028528528528528527 0.04234972677595628
1 0.1066066066066066 0.20901639344262296 0.03153153153153153 0.33469945355191255
1 0.12537537537537538 0.04234972677595628 0.02702702702702703 0.02459016393442623
1 0.3551051051051051 0.041666666666666664 0.02702702702702703 0.0273224043715847
1 0.3933933933933934 0.041666666666666664 0.036036036036036036 0.023224043715846996
1 0.3708708708708709 0.1796448087431694 0.028528528528528527 0.2691256830601093
1 0.5563063063063063 0.17896174863387979 0.02702702702702703 0.2718579234972678
1 0.5315315315315315 0.041666666666666664 0.04054054054054054 0.023224043715846996
1 0.6246246246246246 0.040983606557377046 0.13063063063063063 0.0273224043715847
1 0.668918918918919 0.28210382513661203 0.06456456456456457 0.025956284153005466
1 0.7079579579579579 0.39344262295081966 0.028528528528528527 0.21174863387978143
1 0.581081081081081 0.3818306010928962 0.2552552552552553 0.023224043715846996
1 0.8415915915915916 0.3941256830601093 0.25825825825825827 0.01912568306010929
1 0.8093093093093093 0.5027322404371585 0.1921921921921922 0.028688524590163935
1 0.9744744744744744 0.39139344262295084 0.03003003003003003 0.21311475409836064
1 0.8093093093093093 0.28346994535519127 0.19369369369369369 0.0273224043715847
1 0.9737237237237237 0.25546448087431695 0.02702702702702703 0.045081967213114756
1 0.972972972972973 0.06489071038251366 0.03003003003003003 0.03825136612021858
1 0.9121621621621622 0.040983606557377046 0.11561561561561562 0.0273224043715847
1 0.9752252252252253 0.5648907103825137 0.028528528528528527 0.1133879781420765
1 0.7087087087087087 0.6092896174863388 0.028528528528528527 0.06830601092896176
1 0.5022522522522522 0.6475409836065574 0.25075075075075076 0.028688524590163935
1 0.3716216216216216 0.6086065573770492 0.02702702702702703 0.06967213114754098
1 0.37237237237237236 0.7404371584699454 0.02702702702702703 0.17486338797814208
1 0.481981981981982 0.769808743169399 0.021021021021021023 0.273224043715847
1 0.4954954954954955 0.8900273224043715 0.1021021021021021 0.031420765027322405
1 0.3978978978978979 0.8886612021857924 0.036036036036036036 0.028688524590163935
1 0.7357357357357357 0.8886612021857924 0.042042042042042045 0.025956284153005466
1 0.6726726726726727 0.889344262295082 0.06006006006006006 0.02459016393442623
1 0.7087087087087087 0.7691256830601093 0.02702702702702703 0.23087431693989072
1 0.948948948948949 0.8886612021857924 0.042042042042042045 0.025956284153005466
1 0.9744744744744744 0.8278688524590164 0.02702702702702703 0.11202185792349727
0 0.5367867867867868 0.4651639344262295 0.9099099099099099 0.8811475409836066