1 0.237734375 0.36079101562500004 0.03093749999999998 0.32861328125000006
1 0.273623046875 0.177431640625 0.03521484375000006 0.019951171875000007
1 0.446591796875 0.177431640625 0.10132812499999999 0.02076171874999999
1 0.6136328125 0.1776953125 0.12417968750000008 0.019687500000000024
1 0.794931640625 0.177431640625 0.044882812500000036 0.018339843749999973
1 0.571435546875 0.315263671875 0.07284179687499992 0.01823242187499996
1 0.475751953125 0.31626953125 0.013710937499999964 0.01783203124999999
1 0.614296875 0.28369140625 0.020136718749999893 0.20056640625
1 0.4632421875 0.28265625 0.01824218749999995 0.1982421875
1 0.350556640625 0.45462890625 0.21354492187499996 0.018583984374999973
1 0.461796875 0.451435546875 0.015585937500000036 0.026582031250000027
1 0.237392578125 0.726357421875 0.015185546875000011 0.32464843750000005
1 0.276826171875 0.910908203125 0.041298828124999964 0.015273437500000098
1 0.44513671875 0.910439453125 0.08299804687500001 0.015800781250000062
1 0.611591796875 0.910302734375 0.12895507812499996 0.01553710937500008
1 0.795166015625 0.910703125 0.04529296875000011 0.016337890625000018
1 0.838330078125 0.72638671875 0.014658203124999991 0.32353515624999996
1 0.838330078125 0.361845703125 0.016250000000000098 0.32366210937500006
1 0.61572265625 0.447373046875 0.012519531249999938 0.01766601562500003
1 0.727294921875 0.44857421875 0.21248046874999993 0.010468750000000027
1 0.616259765625 0.582529296875 0.011191406250000036 0.14568359375000006
1 0.72708984375 0.634140625 0.21208007812500007 0.011533203124999947
1 0.62078125 0.809365234375 0.011455078125000018 0.19251953124999988
1 0.462568359375 0.80412109375 0.010976562500000009 0.20145507812499996
1 0.463388671875 0.58080078125 0.013242187499999947 0.13853515625000012
1 0.351083984375 0.63443359375 0.21559570312499998 0.013798828125000107
0 0.536171875 0.544814453125 0.6679003906249998 0.7989746093749999