1 0.6407815631262525 0.7730460921843687 0.3366733466933868 0.03206412825651302
1 0.8291583166332666 0.7364729458917836 0.02004008016032064 0.036072144288577156
1 0.8291583166332666 0.5586172344689379 0.021042084168336674 0.10420841683366733
1 0.8286573146292585 0.3872745490981964 0.02004008016032064 0.12725450901803606
1 0.8291583166332666 0.20140280561122245 0.01903807615230461 0.04609218436873747
1 0.687374749498998 0.4308617234468938 0.01903807615230461 0.07515030060120241
1 0.6863727454909819 0.5290581162324649 0.018036072144288578 0.014028056112224449
1 0.719939879759519 0.3867735470941884 0.20541082164328658 0.021042084168336674
1 0.7209418837675351 0.5415831663326653 0.20340681362725452 0.01903807615230461
1 0.5445891783567134 0.657314629258517 0.01903807615230461 0.21943887775551102
1 0.5475951903807615 0.5430861723446894 0.027054108216432865 0.01603206412825651
1 0.2655310621242485 0.7735470941883767 0.33266533066132264 0.01603206412825651
1 0.07615230460921844 0.7329659318637275 0.01603206412825651 0.04208416833667335
1 0.07665330661322645 0.5601202404809619 0.01603206412825651 0.08517034068136273
1 0.07715430861723446 0.38927855711422843 0.01603206412825651 0.13226452905811623
1 0.07665330661322645 0.20140280561122245 0.017034068136272545 0.04609218436873747
1 0.2655310621242485 0.156813627254509 0.3316633266533066 0.01503006012024048
1 0.6397795591182365 0.156813627254509 0.3316633266533066 0.017034068136272545
1 0.5521042084168337 0.38527054108216435 0.018036072144288578 0.013026052104208416
1 0.5506012024048096 0.27054108216432865 0.011022044088176353 0.218436873747495
1 0.4133266533066132 0.3847695390781563 0.1492985971943888 0.011022044088176353
1 0.3602204408817635 0.2710420841683367 0.012024048096192385 0.21743486973947895
1 0.18036072144288579 0.3802605210420842 0.19739478957915832 0.012024048096192385
1 0.18587174348697394 0.5425851703406813 0.20641282565130262 0.011022044088176353
1 0.4153306613226453 0.5415831663326653 0.14228456913827656 0.014028056112224449
1 0.3602204408817635 0.656813627254509 0.014028056112224449 0.22144288577154309
0 0.45190380761523047 0.46693386773547096 0.8196392785571143 0.685370741482966