1 0.2310379241516966 0.3587824351297405 0.031936127744510975 0.33532934131736525
1 0.26746506986027946 0.17115768463073852 0.03592814371257485 0.01996007984031936
1 0.44461077844311375 0.17115768463073852 0.10379241516966067 0.020958083832335328
1 0.6152694610778443 0.17165668662674652 0.12674650698602793 0.01996007984031936
1 0.8003992015968064 0.17115768463073852 0.04590818363273453 0.018962075848303395
1 0.5718562874251497 0.312375249500998 0.0748502994011976 0.018962075848303395
1 0.4740518962075848 0.313373253493014 0.013972055888223553 0.017964071856287425
1 0.6157684630738522 0.27994011976047906 0.020958083832335328 0.20459081836327345
1 0.4615768463073852 0.27894211576846306 0.018962075848303395 0.2025948103792415
1 0.3463073852295409 0.4545908183632735 0.218562874251497 0.018962075848303395
1 0.4600798403193613 0.45159680638722555 0.015968063872255488 0.02694610778443114
1 0.23053892215568864 0.7325349301397206 0.015968063872255488 0.3313373253493014
1 0.27095808383233533 0.9211576846307385 0.041916167664670656 0.015968063872255488
1 0.4431137724550898 0.9206586826347305 0.08483033932135728 0.015968063872255488
1 0.6132734530938124 0.9201596806387226 0.1317365269461078 0.015968063872255488
1 0.8003992015968064 0.9206586826347305 0.04590818363273453 0.016966067864271458
1 0.8448103792415169 0.7325349301397206 0.014970059880239521 0.33033932135728544
1 0.8448103792415169 0.3597804391217565 0.016966067864271458 0.33033932135728544
1 0.6172654690618763 0.4471057884231537 0.012974051896207584 0.017964071856287425
1 0.7315369261477046 0.4486027944111776 0.21756487025948104 0.010978043912175649
1 0.6177644710578842 0.5853293413173652 0.010978043912175649 0.14870259481037923
1 0.7310379241516967 0.6382235528942116 0.21656686626746507 0.011976047904191617
1 0.622255489021956 0.8173652694610778 0.011976047904191617 0.1966067864271457
1 0.4605788423153693 0.81187624750499 0.010978043912175649 0.2055888223552894
1 0.4615768463073852 0.5833333333333334 0.013972055888223553 0.14171656686626746
1 0.3468063872255489 0.6382235528942116 0.22055888223552894 0.013972055888223553
0 0.5359281437125748 0.5469061876247505 0.6826347305389222 0.8163672654690619