1 0.22954091816367264 0.34830339321357284 0.015968063872255488 0.3373253493013972
1 0.34530938123752497 0.4436127744510978 0.22055888223552894 0.017964071856287425
1 0.4605788423153693 0.4466067864271457 0.010978043912175649 0.04091816367265469
1 0.4620758483033932 0.5798403193612774 0.010978043912175649 0.1217564870259481
1 0.3463073852295409 0.627744510978044 0.22055888223552894 0.013972055888223553
1 0.23053892215568864 0.7215568862275449 0.010978043912175649 0.3313373253493014
1 0.3647704590818363 0.9096806387225549 0.23253493013972057 0.015968063872255488
1 0.4620758483033932 0.7999001996007984 0.011976047904191617 0.20658682634730538
1 0.6836327345309381 0.9096806387225549 0.2774451097804391 0.014970059880239521
1 0.844311377245509 0.7210578842315369 0.013972055888223553 0.33033932135728544
1 0.7065868263473054 0.7589820359281437 0.26447105788423153 0.012974051896207584
1 0.843313373253493 0.34930139720558884 0.013972055888223553 0.3313373253493014
1 0.5354291417165669 0.1601796407185629 0.5738522954091816 0.011976047904191617
1 0.46107784431137727 0.2689620758483034 0.013972055888223553 0.20758483033932135
1 0.4740518962075848 0.3008982035928144 0.015968063872255488 0.013972055888223553
1 0.5698602794411177 0.3018962075848303 0.07584830339321358 0.013972055888223553
1 0.6132734530938124 0.30439121756487025 0.00998003992015968 0.2754491017964072
1 0.626746506986028 0.437125748502994 0.014970059880239521 0.011976047904191617
1 0.7624750499001997 0.437125748502994 0.15269461077844312 0.012974051896207584
0 0.5394211576846307 0.533433133732535 0.6806387225548902 0.812375249500998