1 0.23736328125 0.36111328125 0.015468749999999976 0.33039062499999994
1 0.350390625 0.45443359375 0.21535156249999998 0.017558593750000018
1 0.46341796875 0.457412109375 0.010712890625000027 0.040166015624999996
1 0.464609375 0.588017578125 0.010712890625000027 0.11910156250000004
1 0.35177734375 0.635009765625 0.21575195312500003 0.013203124999999982
1 0.238056640625 0.726640625 0.010908203125000016 0.32376953124999996
1 0.36962890625 0.910693359375 0.227646484375 0.015185546874999956
1 0.46470703125 0.80328125 0.011699218750000018 0.2020214843749999
1 0.681455078125 0.910439453125 0.2718652343749999 0.014384765625000018
1 0.838701171875 0.72595703125 0.013281249999999911 0.32365234375000007
1 0.70416015625 0.76330078125 0.25897460937500005 0.012802734374999902
1 0.83810546875 0.362099609375 0.013281249999999911 0.32440429687499994
1 0.5365625 0.17701171875 0.5616503906250001 0.012158203124999989
1 0.464052734375 0.28357421875 0.01408203124999996 0.20267578124999996
1 0.476513671875 0.314951171875 0.015468750000000031 0.013203124999999982
1 0.570107421875 0.315849609375 0.07416015625000005 0.013798828124999996
1 0.612939453125 0.318369140625 0.009912109375000089 0.2698828125
1 0.625830078125 0.44830078125 0.014277343749999893 0.012187500000000018
1 0.758984375 0.448115234375 0.14971679687499995 0.01301757812500004
0 0.540361328125 0.542333984375 0.6656933593749998 0.7949609375