1 0.7717391304347826 0.6695652173913044 0.017391304347826087 0.3673913043478261
1 0.6456521739130435 0.5657608695652174 0.24021739130434783 0.01956521739130435
1 0.5201086956521739 0.5625 0.011956521739130435 0.04456521739130435
1 0.5184782608695652 0.41739130434782606 0.011956521739130435 0.13260869565217392
1 0.6445652173913043 0.3652173913043478 0.24021739130434783 0.015217391304347827
1 0.7706521739130435 0.26304347826086955 0.011956521739130435 0.36086956521739133
1 0.6244565217391305 0.058152173913043476 0.2532608695652174 0.017391304347826087
1 0.5184782608695652 0.17771739130434783 0.013043478260869565 0.225
1 0.27717391304347827 0.058152173913043476 0.30217391304347824 0.016304347826086956
1 0.10217391304347827 0.26358695652173914 0.015217391304347827 0.35978260869565215
1 0.25217391304347825 0.22228260869565217 0.28804347826086957 0.014130434782608696
1 0.10326086956521739 0.6684782608695652 0.015217391304347827 0.36086956521739133
1 0.4385869565217391 0.8744565217391305 0.625 0.013043478260869565
1 0.5195652173913043 0.7559782608695652 0.015217391304347827 0.22608695652173913
1 0.5054347826086957 0.721195652173913 0.017391304347826087 0.015217391304347827
1 0.40108695652173915 0.720108695652174 0.08260869565217391 0.015217391304347827
1 0.35380434782608694 0.717391304347826 0.010869565217391304 0.3
1 0.3391304347826087 0.5728260869565217 0.016304347826086956 0.013043478260869565
1 0.19130434782608696 0.5728260869565217 0.16630434782608697 0.014130434782608696
0 0.4342391304347826 0.46793478260869564 0.741304347826087 0.8847826086956522