0 0.539714867617108 0.5381873727087576 0.8228105906313645 0.6822810590631364
1 0.16089613034623218 0.540224032586558 0.018329938900203666 0.5855397148676171
1 0.2729124236252546 0.4623217922606925 0.21079429735234215 0.015274949083503055
1 0.3085539714867617 0.6186354378818737 0.2830957230142566 0.017311608961303463
1 0.4434826883910387 0.630346232179226 0.013238289205702648 0.014256619144602852
1 0.4429735234215886 0.7688391038696538 0.015274949083503055 0.15580448065173116
1 0.3533604887983707 0.8533604887983707 0.34012219959266804 0.016293279022403257
1 0.7331975560081466 0.8528513238289206 0.34012219959266804 0.018329938900203666
1 0.7713849287169042 0.7133401221995926 0.015274949083503055 0.27189409368635437
1 0.9236252545824847 0.6919551934826884 0.019348268839103868 0.280040733197556
1 0.8177189409368636 0.46130346232179226 0.22708757637474541 0.017311608961303463
1 0.925152749490835 0.3640529531568228 0.015274949083503055 0.23930753564154786
1 0.7331975560081466 0.2265784114052953 0.3421588594704684 0.017311608961303463
1 0.6359470468431772 0.34572301425661917 0.015274949083503055 0.2240325865580448
1 0.6410386965376782 0.46334012219959264 0.02240325865580448 0.014256619144602852
1 0.504582484725051 0.46181262729124234 0.1425661914460285 0.015274949083503055
1 0.4480651731160896 0.3436863543788187 0.017311608961303463 0.225050916496945
1 0.35234215885947046 0.22606924643584522 0.34317718940936864 0.018329938900203666