0 0.4530938123752495 0.4605788423153693 0.8063872255489022 0.6686626746506986
1 0.8243512974051896 0.45858283433133734 0.017964071856287425 0.5738522954091816
1 0.7145708582834331 0.5349301397205589 0.20658682634730538 0.014970059880239521
1 0.6796407185628742 0.38173652694610777 0.2774451097804391 0.016966067864271458
1 0.5474051896207585 0.37025948103792417 0.012974051896207584 0.013972055888223553
1 0.5479041916167665 0.2345309381237525 0.014970059880239521 0.15269461077844312
1 0.6357285429141717 0.15169660678642716 0.3333333333333333 0.015968063872255488
1 0.2634730538922156 0.15219560878243513 0.3333333333333333 0.017964071856287425
1 0.22604790419161677 0.28892215568862273 0.014970059880239521 0.26646706586826346
1 0.07684630738522955 0.30988023952095806 0.018962075848303395 0.2744510978043912
1 0.18063872255489022 0.5359281437125748 0.22255489021956087 0.016966067864271458
1 0.0753493013972056 0.6312375249500998 0.014970059880239521 0.2345309381237525
1 0.2634730538922156 0.7659680638722555 0.33532934131736525 0.016966067864271458
1 0.3587824351297405 0.6492015968063872 0.014970059880239521 0.21956087824351297
1 0.3537924151696607 0.5339321357285429 0.021956087824351298 0.013972055888223553
1 0.4875249500998004 0.5354291417165669 0.13972055888223553 0.014970059880239521
1 0.5429141716566867 0.6511976047904192 0.016966067864271458 0.22055888223552894
1 0.6367265469061876 0.7664670658682635 0.33632734530938124 0.017964071856287425