0 0.5368359375 0.540927734375 0.6542089843749999 0.78859375
1 0.538427734375 0.177529296875 0.5618554687499999 0.017753906250000007
1 0.46396484375 0.285185546875 0.014843750000000044 0.20245117187499997
1 0.61359375 0.319541015625 0.016240234375000107 0.27116210937499996
1 0.6249609375 0.448642578125 0.013916015625 0.012968749999999973
1 0.757646484375 0.448154296875 0.14986328125000004 0.014785156249999987
1 0.83873046875 0.362421875 0.015546875000000071 0.32629882812499994
1 0.83837890625 0.726337890625 0.017626953124999956 0.326181640625
1 0.7044140625 0.763232421875 0.260517578125 0.014697265624999956
1 0.684111328125 0.909306640625 0.26863281249999993 0.018730468750000062
1 0.462802734375 0.8076171875 0.016699218750000022 0.21731445312499997
1 0.36943359375 0.910849609375 0.22943359374999994 0.01456054687500008
1 0.2380078125 0.7265234375 0.016699218750000022 0.32792968749999996
1 0.3519140625 0.633125 0.21527343750000003 0.014472656249999938
1 0.465009765625 0.637998046875 0.014150390625000009 0.021435546875000044
1 0.463154296875 0.50708984375 0.014619140625000027 0.13683593749999995
1 0.35029296875 0.453359375 0.21621093749999998 0.01683593750000001
1 0.237548828125 0.36114257812500006 0.017167968749999984 0.3293164062500001