1 0.7631048387096774 0.3563508064516129 0.016129032258064516 0.3397177419354839
1 0.6471774193548387 0.453125 0.22278225806451613 0.019153225806451613
1 0.45463709677419356 0.16834677419354838 0.5816532258064516 0.014112903225806451
1 0.530241935483871 0.2777217741935484 0.016129032258064516 0.20967741935483872
1 0.37701612903225806 0.31401209677419356 0.014112903225806451 0.28024193548387094
1 0.5181451612903226 0.31149193548387094 0.017137096774193547 0.01310483870967742
1 0.41985887096774194 0.31098790322580644 0.07560483870967742 0.015120967741935484
1 0.3644153225806452 0.4475806451612903 0.014112903225806451 0.015120967741935484
1 0.22580645161290322 0.4470766129032258 0.15423387096774194 0.014112903225806451
1 0.1436491935483871 0.359375 0.016129032258064516 0.3346774193548387
1 0.1436491935483871 0.7348790322580645 0.017137096774193547 0.3346774193548387
1 0.2857862903225806 0.7741935483870968 0.2752016129032258 0.015120967741935484
1 0.30393145161290325 0.9238911290322581 0.28125 0.016129032258064516
1 0.6285282258064516 0.9243951612903226 0.23387096774193547 0.014112903225806451
1 0.5040322580645161 0.7746975806451613 0.04133064516129032 0.014112903225806451
1 0.5307459677419355 0.8125 0.015120967741935484 0.2086693548387097
1 0.7636088709677419 0.733366935483871 0.015120967741935484 0.3336693548387097
1 0.530241935483871 0.5448588709677419 0.016129032258064516 0.21875
1 0.6466733870967742 0.640625 0.22278225806451613 0.015120967741935484
0 0.45514112903225806 0.5438508064516129 0.6945564516129032 0.8286290322580645