1 0.2383984375 0.359912109375 0.016083984375000027 0.329462890625
1 0.350458984375 0.453447265625 0.21576171875000003 0.018759765625000036
1 0.537236328125 0.1776171875 0.5635742187500001 0.013779296875000013
1 0.463916015625 0.283828125 0.015439453124999947 0.20304687499999996
1 0.612333984375 0.318916015625 0.013730468749999947 0.2719335937499999
1 0.475390625 0.316201171875 0.01651367187499997 0.012978515624999964
1 0.57083984375 0.315771484375 0.07356445312499993 0.014697265624999956
1 0.624453125 0.448115234375 0.01351562499999992 0.014296874999999987
1 0.758828125 0.447900390625 0.14970703124999996 0.013867187500000044
1 0.8383984375 0.362607421875 0.015439453124999947 0.324560546875
1 0.8383984375 0.72669921875 0.016728515625000107 0.32438476562500007
1 0.70048828125 0.764609375 0.26681640625 0.014208984374999956
1 0.683115234375 0.909638671875 0.27239257812500006 0.01601562500000009
1 0.368583984375 0.910322265625 0.22627929687500004 0.013437499999999991
1 0.48912109375 0.765078125 0.04010742187499999 0.013779296874999902
1 0.463486328125 0.8018359375 0.015009765625000004 0.2022460937499999
1 0.23775390625 0.725107421875 0.014794921874999978 0.32352539062499996
1 0.46380859375 0.542509765625 0.015224609375000031 0.21163085937500004
1 0.350888671875 0.63505859375 0.215341796875 0.014521484374999893
0 0.53669921875 0.5415234375 0.6730175781249998 0.8030957031249999