1 0.2217741935483871 0.3492943548387097 0.016129032258064516 0.3397177419354839
1 0.3377016129032258 0.44606854838709675 0.22278225806451613 0.019153225806451613
1 0.530241935483871 0.16129032258064516 0.5816532258064516 0.014112903225806451
1 0.45463709677419356 0.2706653225806452 0.016129032258064516 0.20967741935483872
1 0.6078629032258065 0.3069556451612903 0.014112903225806451 0.28024193548387094
1 0.46673387096774194 0.30443548387096775 0.017137096774193547 0.01310483870967742
1 0.5650201612903226 0.30393145161290325 0.07560483870967742 0.015120967741935484
1 0.6204637096774194 0.4405241935483871 0.014112903225806451 0.015120967741935484
1 0.7590725806451613 0.44002016129032256 0.15423387096774194 0.014112903225806451
1 0.8412298387096774 0.35231854838709675 0.016129032258064516 0.3346774193548387
1 0.8412298387096774 0.7278225806451613 0.017137096774193547 0.3346774193548387
1 0.6990927419354839 0.7671370967741935 0.2752016129032258 0.015120967741935484
1 0.6809475806451613 0.9168346774193549 0.28125 0.016129032258064516
1 0.3563508064516129 0.9173387096774194 0.23387096774193547 0.014112903225806451
1 0.4808467741935484 0.7676411290322581 0.04133064516129032 0.014112903225806451
1 0.45413306451612906 0.8054435483870968 0.015120967741935484 0.2086693548387097
1 0.2212701612903226 0.7263104838709677 0.015120967741935484 0.3336693548387097
1 0.45463709677419356 0.5378024193548387 0.016129032258064516 0.21875
1 0.3382056451612903 0.6335685483870968 0.22278225806451613 0.015120967741935484
0 0.5297379032258065 0.5367943548387096 0.6945564516129032 0.8286290322580645