1 0.5258928571428572 0.6253101736972705 0.019642857142857142 0.1662531017369727
1 0.24642857142857144 0.5397022332506204 0.15892857142857142 0.013647642679900745
1 0.15178571428571427 0.6612903225806451 0.03214285714285714 0.23573200992555832
1 0.15089285714285713 0.859181141439206 0.0375 0.13647642679900746
1 0.68125 0.9330024813895782 0.26964285714285713 0.02357320099255583
1 0.71875 0.7909429280397022 0.3410714285714286 0.017369727047146403
1 0.9044642857142857 0.8604218362282878 0.03571428571428571 0.13523573200992556
1 0.9044642857142857 0.6600496277915633 0.03571428571428571 0.23573200992555832
1 0.7660714285714286 0.5409429280397022 0.2571428571428571 0.01488833746898263
1 0.9044642857142857 0.42431761786600497 0.03571428571428571 0.21339950372208435
1 0.7794642857142857 0.31575682382133996 0.22321428571428573 0.013647642679900745
1 0.49642857142857144 0.315136476426799 0.055357142857142855 0.016129032258064516
1 0.5276785714285714 0.22208436724565755 0.019642857142857142 0.16377171215880892
1 0.9044642857142857 0.19851116625310175 0.033928571428571426 0.21215880893300249
1 0.7169642857142857 0.08560794044665013 0.3464285714285714 0.026054590570719603
1 0.3455357142857143 0.08498759305210918 0.3607142857142857 0.02357320099255583
1 0.38839285714285715 0.23325062034739455 0.02142857142857143 0.18362282878411912
1 0.4973214285714286 0.15384615384615385 0.05892857142857143 0.016129032258064516
1 0.4160714285714286 0.1532258064516129 0.04642857142857143 0.013647642679900745
1 0.15178571428571427 0.19851116625310175 0.033928571428571426 0.21339950372208435
1 0.2357142857142857 0.22890818858560794 0.14642857142857144 0.01488833746898263
1 0.15178571428571427 0.423697270471464 0.0375 0.21215880893300249
1 0.24732142857142858 0.445409429280397 0.17142857142857143 0.016129032258064516
0 0.5223214285714286 0.5080645161290323 0.8107142857142857 0.8883374689826302