1 0.3125 0.4807692307692308 0.2392857142857143 0.013647642679900745
1 0.4357142857142857 0.674937965260546 0.019642857142857142 0.11042183622828784
1 0.26071428571428573 0.7406947890818859 0.3392857142857143 0.022332506203473945
1 0.03660714285714286 0.7413151364764268 0.07321428571428572 0.026054590570719603
1 0.07410714285714286 0.3467741935483871 0.025 0.2369727047146402
1 0.03571428571428571 0.21712158808933002 0.07142857142857142 0.02481389578163772
1 0.2625 0.21774193548387097 0.3392857142857143 0.02481389578163772
1 0.43392857142857144 0.31389578163771714 0.02142857142857143 0.17866004962779156
1 0.6017857142857143 0.21774193548387097 0.30714285714285716 0.02481389578163772
1 0.7580357142857143 0.304590570719603 0.019642857142857142 0.15508684863523572
1 0.7589285714285714 0.5012406947890818 0.023214285714285715 0.038461538461538464
1 0.8875 0.4795285359801489 0.225 0.013647642679900745
1 0.8866071428571428 0.21774193548387097 0.22678571428571428 0.02357320099255583
1 0.8723214285714286 0.575682382133995 0.25535714285714284 0.01488833746898263
1 0.9892857142857143 0.500620347394541 0.02142857142857143 0.04094292803970223
1 0.9910714285714286 0.5570719602977667 0.017857142857142856 0.03225806451612903
1 0.8866071428571428 0.7400744416873449 0.22678571428571428 0.02357320099255583
1 0.8830357142857143 0.6823821339950372 0.02142857142857143 0.10173697270471464
1 0.6026785714285714 0.7406947890818859 0.3053571428571429 0.026054590570719603
1 0.5714285714285714 0.674317617866005 0.023214285714285715 0.11910669975186104
0 0.5 0.4826302729528536 1 0.5632754342431762