1 0.4715641476274165 0.6246707317073171 0.0196836555360282 0.16301219512195123
1 0.7466432337434095 0.5405487804878049 0.15567662565905105 0.013109756097560975
1 0.8400351493848858 0.659548780487805 0.032302284710017566 0.23153658536585361
1 0.8410720562390158 0.8544878048780488 0.036133567662565806 0.13369512195121938
1 0.3191212653778559 0.926609756097561 0.2646397188049209 0.023365853658536686
1 0.28240773286467485 0.7870487804878049 0.3357293497363796 0.01696341463414644
1 0.09957820738137083 0.8554634146341463 0.0352548330404218 0.13301219512195114
1 0.09957820738137083 0.6584146341463414 0.0352548330404218 0.23175609756097557
1 0.23571177504393673 0.5415 0.25289982425307556 0.015121951219512167
1 0.09942003514938488 0.42667073170731706 0.03495606326889279 0.20970731707317078
1 0.22235500878734624 0.3200121951219512 0.21912126537785592 0.01350000000000006
1 0.500896309314587 0.319609756097561 0.055131810193321626 0.015878048780487784
1 0.4698066783831283 0.22803658536585367 0.018471001757469227 0.1605
1 0.09952548330404216 0.20493902439024392 0.03393673110720562 0.20903658536585362
1 0.2836379613356766 0.09378048780487805 0.3408084358523725 0.025341463414634148
1 0.6491739894551846 0.09341463414634146 0.35493848857645 0.023634146341463408
1 0.6072056239015817 0.23882926829268294 0.021722319859402484 0.1799268292682927
1 0.5003514938488576 0.16104878048780488 0.05729349736379617 0.016451219512195133
1 0.5796485061511424 0.16039024390243903 0.046432337434094834 0.014000000000000005
1 0.8399472759226714 0.20495121951219514 0.03388400702987693 0.20952439024390243
1 0.7571353251318101 0.23498780487804877 0.1440949033391916 0.014426829268292663
1 0.8402284710017575 0.4265121951219512 0.036239015817223205 0.20853658536585365
1 0.7460808435852372 0.44746341463414635 0.16796133567662555 0.01603658536585363
0 0.4754305799648506 0.5091463414634146 0.7987170474516696 0.873719512195122