1 0.1358695652173913 0.6751101321585903 0.020380434782608696 0.17180616740088106
1 0.24660326086956522 0.5848017621145375 0.21331521739130435 0.015418502202643172
1 0.3423913043478261 0.7654185022026432 0.021739130434782608 0.018722466960352423
1 0.2078804347826087 0.7659691629955947 0.1358695652173913 0.02092511013215859
1 0.358695652173913 0.5297356828193832 0.019021739130434784 0.10242290748898679
1 0.358695652173913 0.4168502202643172 0.021739130434782608 0.018722466960352423
1 0.436820652173913 0.4036343612334802 0.14673913043478262 0.016519823788546256
1 0.6542119565217391 0.4041850220264317 0.09510869565217392 0.01762114537444934
1 0.7214673913043478 0.40308370044052866 0.020380434782608696 0.016519823788546256
1 0.8369565217391305 0.4036343612334802 0.09510869565217392 0.016519823788546256
1 0.8879076086956522 0.4944933920704846 0.02309782608695652 0.17180616740088106
1 0.8349184782608695 0.5848017621145375 0.09510869565217392 0.016519823788546256
1 0.8879076086956522 0.6745594713656388 0.021739130434782608 0.17070484581497797
1 0.8349184782608695 0.7659691629955947 0.09375 0.01762114537444934
1 0.7221467391304348 0.7659691629955947 0.021739130434782608 0.016519823788546256
1 0.7065217391304348 0.6740088105726872 0.02309782608695652 0.17290748898678415
1 0.6902173913043478 0.7654185022026432 0.020380434782608696 0.01762114537444934
1 0.6908967391304348 0.5848017621145375 0.02309782608695652 0.01762114537444934
1 0.7214673913043478 0.5842511013215859 0.02309782608695652 0.016519823788546256
1 0.7065217391304348 0.5209251101321586 0.021739130434782608 0.11784140969162996
1 0.37195923913043477 0.6907522026431718 0.3725489130434783 0.6804713656387665 0.4699524456521739 0.6797533039647577 0.47142798913043477 0.7569834801762114 0.36251358695652175 0.7557874449339207 0.36251358695652175 0.7741982378854625 0.6267513586956521 0.7753931718061674 0.6270461956521739 0.7562654185022026 0.4977880434782609 0.7562654185022026 0.49690353260869563 0.5941707048458149 0.6247173913043478 0.593692731277533 0.6237486413043478 0.5744449339207048 0.47113315217391305 0.5755066079295154 0.47113315217391305 0.6656464757709252 0.37136820652173913 0.6651685022026431 0.37195923913043477 0.6501057268722468 0.3448029891304348 0.6510616740088105 0.3442133152173913 0.6912301762114537 0.37195923913043477 0.6907522026431718
1 0.358695652173913 0.7450440528634361 0.021739130434782608 0.03303964757709251
0 0.5129076086956522 0.5870044052863436 0.7948369565217391 0.4052863436123348