1 0.2847146739130435 0.2049064906490649 0.21256793478260863 0.01698569856985698
1 0.3960869565217391 0.29497249724972496 0.01899456521739133 0.173036303630363
1 0.1731929347826087 0.3722002200220022 0.02258152173913044 0.017249724972497195
1 0.1728532608695652 0.26350935093509353 0.025190217391304358 0.1098459845984598
1 0.46430706521739135 0.3854015401540154 0.12569293478260868 0.015456545654565406
1 0.6031521739130435 0.38562156215621557 0.02258152173913044 0.017238723872387195
1 0.6195380434782609 0.44889988998899893 0.019823369565217436 0.1183828382838284
1 0.6187771739130435 0.6247414741474148 0.021616847826086912 0.07678767876787673
1 0.6204347826086957 0.6793509350935093 0.019959239130434858 0.01612761276127622
1 0.619266304347826 0.7725852585258526 0.020095108695652123 0.07684268426842675
1 0.5077445652173913 0.8140154015401541 0.21229619565217392 0.01836083608360842
1 0.39601902173913045 0.7709240924092409 0.020516304347826118 0.076875687568757
1 0.28525815217391304 0.813894389438944 0.21092391304347827 0.01766776677667761
1 0.17222826086956522 0.7714301430143015 0.022309782608695636 0.07587458745874591
1 0.17258152173913044 0.6796699669966997 0.02051630434782608 0.017436743674367337
1 0.2858152173913044 0.6673487348734873 0.213125 0.01887788778877897
1 0.1730570652173913 0.6539163916391639 0.021480978260869567 0.016765676567656776
1 0.39595108695652176 0.6547194719471947 0.02202445652173918 0.01836083608360842
1 0.3969157608695652 0.6795819581958196 0.02065217391304354 0.018591859185918692
1 0.47464673913043476 0.6673377337733774 0.14517663043478263 0.017722772277227614
1 0.4075271739130435 0.47662706270627064 0.2963220108695652 0.47662706270627064 0.29691168478260865 0.39584928492849286 0.31549456521739133 0.3963278327832783 0.31431521739130436 0.3743399339933993 0.26475951086956523 0.3738624862486249 0.2653491847826087 0.3963278327832783 0.27803260869565216 0.39680528052805286 0.2789184782608696 0.47567106710671064 0.1836399456521739 0.47686578657865786 0.1851154891304348 0.38867986798679866 0.16240217391304348 0.38867986798679866 0.16092798913043477 0.6026281628162816 0.1845258152173913 0.6028668866886688 0.1845258152173913 0.49820902090209024 0.38450135869565216 0.4974928492849285 0.3850910326086957 0.600981298129813 0.4088369565217391 0.6001969196919691 0.4075271739130435 0.47662706270627064
1 0.19853260869565217 0.3858195819581958 0.04019021739130433 0.017249724972497195
0 0.3936684782608696 0.5105500550055004 0.4997282608695652 0.6438173817381738