1 0.20770392749244712 0.18031784841075796 0.23564954682779457 0.018337408312958436
1 0.33157099697885195 0.27995110024449876 0.021148036253776436 0.19193154034229828
1 0.08383685800604229 0.36613691931540343 0.0256797583081571 0.019559902200488997
1 0.08308157099697885 0.24511002444987776 0.028700906344410877 0.12224938875305623
1 0.4070996978851964 0.3808068459657702 0.1404833836858006 0.017114914425427872
1 0.5619335347432024 0.3808068459657702 0.0256797583081571 0.019559902200488997
1 0.5800604229607251 0.4511002444987775 0.022658610271903322 0.13202933985330073
1 0.5793051359516617 0.6466992665036675 0.02416918429003021 0.08557457212713937
1 0.5808157099697885 0.7072127139364304 0.022658610271903322 0.018337408312958436
1 0.5800604229607251 0.8111246943765281 0.022658610271903322 0.08557457212713937
1 0.4554380664652568 0.8569682151589242 0.23564954682779457 0.02078239608801956
1 0.33157099697885195 0.8092909535452323 0.022658610271903322 0.08557457212713937
1 0.2084592145015106 0.8569682151589242 0.23413897280966767 0.019559902200488997
1 0.08308157099697885 0.8092909535452323 0.02416918429003021 0.0843520782396088
1 0.08308157099697885 0.7078239608801956 0.022658610271903322 0.019559902200488997
1 0.20921450151057402 0.6937652811735942 0.23716012084592145 0.02078239608801956
1 0.08383685800604229 0.6790953545232273 0.02416918429003021 0.018337408312958436
1 0.33157099697885195 0.6797066014669927 0.02416918429003021 0.02078239608801956
1 0.3323262839879154 0.7072127139364304 0.022658610271903322 0.02078239608801956
1 0.41918429003021146 0.6937652811735942 0.16163141993957703 0.019559902200488997
1 0.18624924471299092 0.39274083129584353 0.20035045317220546 0.3932713936430318 0.20133534743202416 0.48091075794621024 0.09540634441087613 0.4822383863080685 0.09704682779456195 0.38424205378973103 0.07179456193353474 0.38424205378973103 0.07015558912386706 0.6219914425427873 0.09639123867069486 0.6222567237163814 0.09639123867069486 0.5059559902200489 0.3187205438066465 0.5051601466992665 0.3193761329305136 0.620161369193154 0.3457764350453172 0.6192897310513448 0.3443202416918429 0.48197310513447433 0.22068429003021148 0.48197310513447433 0.22133987915407852 0.39220904645476773 0.24200000000000002 0.39274083129584353 0.24068882175226589 0.3683068459657701 0.18559365558912386 0.3677762836185819 0.18624924471299092 0.39274083129584353
1 0.11178247734138973 0.3808068459657702 0.045317220543806644 0.019559902200488997
0 0.3285498489425982 0.519559902200489 0.5558912386706949 0.715158924205379