1 0.2542372881355932 0.8895348837209303 0.043785310734463276 0.013742071881606765
1 0.3785310734463277 0.8905919661733616 0.06779661016949153 0.015856236786469344
1 0.4851694915254237 0.8879492600422833 0.02824858757062147 0.014799154334038054
1 0.6885593220338984 0.8826638477801269 0.2019774011299435 0.0200845665961945
1 0.7959039548022598 0.8002114164904862 0.0211864406779661 0.13847780126849896
1 0.6942090395480226 0.6749471458773785 0.2231638418079096 0.007399577167019027
1 0.6122881355932204 0.6390063424947146 0.012711864406779662 0.06659619450317125
1 0.7281073446327684 0.6099365750528541 0.11016949152542373 0.009513742071881607
1 0.6567796610169492 0.5443974630021141 0.2895480225988701 0.016913319238900635
1 0.5028248587570622 0.5153276955602537 0.018361581920903956 0.16279069767441862
1 0.6468926553672316 0.42547568710359407 0.2598870056497175 0.016913319238900635
1 0.7937853107344632 0.33668076109936573 0.02401129943502825 0.16279069767441862
1 0.5007062146892656 0.33879492600422834 0.018361581920903956 0.16279069767441862
1 0.3799435028248588 0.31976744186046513 0.07203389830508475 0.015856236786469344
1 0.24858757062146894 0.3202959830866808 0.043785310734463276 0.015856236786469344
1 0.21822033898305085 0.34619450317124734 0.022598870056497175 0.02959830866807611
1 0.22387005649717515 0.46987315010570824 0.01977401129943503 0.07610993657505286
1 0.22175141242937854 0.5893234672304439 0.0211864406779661 0.023255813953488372
1 0.22033898305084745 0.7077167019027484 0.02401129943502825 0.06342494714587738
1 0.375 0.6781183932346723 0.09745762711864407 0.006342494714587738
1 0.3354519774011299 0.6479915433403806 0.012711864406779662 0.06342494714587738
1 0.3283898305084746 0.6141649048625792 0.1977401129943503 0.014799154334038054
1 0.2231638418079096 0.8535940803382663 0.0211864406779661 0.049682875264270614
1 0.5098870056497176 0.8070824524312896 0.011299435028248588 0.13424947145877378
1 0.4922316384180791 0.7066596194503171 0.046610169491525424 0.07188160676532769
0 0.5098870056497176 0.5671247357293869 0.6285310734463276 0.6744186046511628