1 0.7759643916913946 0.10412026726057906 0.04599406528189911 0.014476614699331848
1 0.6454005934718101 0.10300668151447662 0.0712166172106825 0.01670378619153675
1 0.5333827893175074 0.10579064587973273 0.02967359050445104 0.015590200445434299
1 0.31973293768545996 0.111358574610245 0.21216617210682492 0.021158129175946547
1 0.206973293768546 0.19821826280623608 0.02225519287833828 0.14587973273942093
1 0.3137982195845697 0.3301781737193764 0.2344213649851632 0.0077951002227171495
1 0.39985163204747776 0.3680400890868597 0.013353115727002967 0.07015590200445435
1 0.27818991097922846 0.3986636971046771 0.11572700296735905 0.01002227171492205
1 0.35311572700296734 0.46770601336302897 0.30415430267062316 0.017817371937639197
1 0.5148367952522255 0.4983296213808463 0.019287833827893175 0.1714922048997773
1 0.36350148367952523 0.5929844097995546 0.27299703264094954 0.017817371937639197
1 0.20919881305637983 0.6865256124721604 0.025222551928783383 0.1714922048997773
1 0.5170623145400594 0.6842984409799554 0.019287833827893175 0.1714922048997773
1 0.6439169139465876 0.7043429844097996 0.07566765578635015 0.01670378619153675
1 0.7818991097922848 0.7037861915367484 0.04599406528189911 0.01670378619153675
1 0.8137982195845698 0.6765033407572383 0.02373887240356083 0.031180400890868598
1 0.8078635014836796 0.5462138084632516 0.020771513353115726 0.0801781737193764
1 0.8100890207715133 0.42037861915367486 0.02225519287833828 0.024498886414253896
1 0.8115727002967359 0.29565701559020047 0.025222551928783383 0.066815144766147
1 0.6491097922848664 0.32683741648106907 0.10237388724035608 0.0066815144766146995
1 0.6906528189910979 0.3585746102449889 0.013353115727002967 0.066815144766147
1 0.6980712166172107 0.39420935412026725 0.20771513353115728 0.015590200445434299
1 0.8086053412462908 0.14198218262806236 0.02225519287833828 0.052338530066815145
1 0.5074183976261127 0.19097995545657015 0.011869436201780416 0.14142538975501115
1 0.5259643916913946 0.2967706013363029 0.04896142433234421 0.0757238307349666
0 0.5074183976261127 0.4437639198218263 0.6602373887240356 0.7104677060133631