1 0.2606929347826087 0.11555555555555555 0.04202445652173914 0.013404689092762493
1 0.3806385869565217 0.11478083588175331 0.0652038043478261 0.015107033639143725
1 0.48300271739130435 0.11734964322120287 0.027119565217391353 0.014638124362895018
1 0.6786413043478261 0.12254841997961263 0.19423913043478266 0.01899082568807339
1 0.7821875 0.20188583078491337 0.020081521739130397 0.13387359836901125
1 0.6841032608695652 0.3228440366972477 0.21460597826086963 0.007278287461773687
1 0.6053260869565217 0.3571151885830785 0.011589673913043441 0.06372069317023445
1 0.7169293478260869 0.38522935779816514 0.10625000000000007 0.009062181447502534
1 0.6479076086956522 0.4487054026503568 0.2782880434782608 0.01674821610601422
1 0.5002717391304348 0.47639143730886846 0.017391304347826025 0.15692150866462787
1 0.6387364130434783 0.563078491335372 0.2496059782608696 0.016819571865443424
1 0.7802038043478261 0.6487359836901121 0.023383152173913093 0.15693170234454643
1 0.4978125 0.6469113149847094 0.017880434782608652 0.1567380224260958
1 0.3814538043478261 0.665270132517839 0.06953804347826084 0.014852191641182401
1 0.2552989130434783 0.6645769622833844 0.042717391304347825 0.0157084607543324
1 0.22615489130434782 0.6397349643221203 0.022187499999999978 0.028613659531090657
1 0.23179347826086955 0.5205504587155964 0.019538043478260863 0.07347604485219168
1 0.22947010869565215 0.40509683995922524 0.020855978260869597 0.02291539245667688
1 0.22831521739130434 0.2910601427115188 0.02251358695652173 0.06166156982670745
1 0.3769836956521739 0.31937818552497454 0.09338315217391306 0.006513761467889894
1 0.33907608695652175 0.34839959225280326 0.011589673913043441 0.06082568807339445
1 0.3322826086956522 0.3812640163098879 0.1907336956521739 0.014006116207951079
1 0.2308016304347826 0.1501427115188583 0.020529891304347844 0.048134556574923534
1 0.506875 0.19502548419979612 0.010434782608695584 0.1296941896024465
1 0.48990489130434783 0.29217125382263 0.04502717391304346 0.06915392456676864
0 0.5064673913043478 0.4266666666666667 0.6040896739130436 0.6506829765545362