1 0.0976374442793462 0.15316666666666665 0.03970282317979197 0.017072916666666653
1 0.07219910846953938 0.20844791666666668 0.024561664190193167 0.10102083333333335
1 0.0723922734026746 0.38878125 0.024190193164933135 0.05154166666666669
1 0.16852897473997028 0.41717708333333337 0.1837295690936107 0.017020833333333367
1 0.0712778603268945 0.43346875 0.021961367013372958 0.02663541666666672
1 0.0725705794947994 0.4818854166666667 0.023818722139673107 0.024843750000000022
1 0.2139375928677563 0.47188541666666667 0.018484398216939077 0.04658333333333336
1 0.19459138187221398 0.498 0.23210995542347693 0.01637500000000003
1 0.3177117384843982 0.45837500000000003 0.024309063893016365 0.07279166666666666
1 0.31814264487369986 0.26166666666666666 0.024680534918276396 0.21155208333333336
1 0.2883060921248143 0.15313541666666666 0.04589895988112925 0.015958333333333328
1 0.3599554234769688 0.15309375 0.07233283803863295 0.016395833333333342
1 0.6175037147102526 0.15308333333333335 0.14304606240713222 0.015864583333333352
1 0.7860178306092125 0.15234375 0.1674442793462111 0.01594791666666667
1 0.8763150074294205 0.17109375 0.022080237741456017 0.026833333333333324
1 0.8759138187221397 0.23981250000000004 0.021961367013372916 0.06356250000000001
1 0.6951560178306092 0.257625 0.020713224368499338 0.12945833333333331
1 0.7852303120356613 0.239375 0.17257057949479948 0.01420833333333332
1 0.8755423476968797 0.30894791666666666 0.023447251114413037 0.026500000000000058
1 0.7611589895988112 0.3258229166666667 0.11922734026745915 0.016416666666666656
1 0.8759138187221397 0.34546875 0.022704309063892977 0.032239583333333384
1 0.5975334323922734 0.32546875 0.18646359583952454 0.016229166666666708
1 0.44208023774145616 0.3255520833333333 0.10854383358098062 0.016395833333333342
1 0.07350668647845468 0.5525312499999999 0.025854383358098077 0.10042708333333336
1 0.07221396731054978 0.7329479166666667 0.02423476968796434 0.05079166666666666
1 0.22029717682020802 0.7619375 0.18175334323922732 0.014989583333333438
1 0.07270430906389301 0.7965625000000001 0.023268945022288257 0.05908333333333336
1 0.07230312035661218 0.8591354166666666 0.02343239227340267 0.027937499999999935
1 0.19460624071322435 0.878 0.23508172362555718 0.018770833333333313
1 0.39438335809806835 0.8191666666666666 0.024873699851411604 0.13215625000000011
1 0.31796433878157504 0.6524375 0.0232689450222883 0.21216666666666673
1 0.7856760772659732 0.4973125 0.16867756315007426 0.016489583333333377
1 0.8759138187221397 0.48010416666666667 0.02245170876671605 0.02759375000000001
1 0.8766419019316494 0.5819791666666667 0.026820208023774078 0.0791354166666667
1 0.6953640416047548 0.6523958333333333 0.022942050520059515 0.21317708333333343
1 0.7202526002971769 0.7622395833333333 0.03974739970282318 0.015708333333333258
1 0.8507875185735513 0.7621249999999999 0.03716196136701336 0.014114583333333286
1 0.8756760772659733 0.7421875 0.022942050520059515 0.03268750000000011
1 0.5936552748885586 0.7616666666666667 0.19775631500742946 0.01814583333333341
0 0.4738187221396731 0.513375 0.8467904903417535 0.7573645833333333