1 0.08706070287539937 0.8590604026845637 0.04313099041533546 0.017897091722595078
1 0.05990415335463259 0.7997762863534675 0.027156549520766772 0.10850111856823266
1 0.05990415335463259 0.6062639821029083 0.025559105431309903 0.05480984340044743
1 0.16373801916932906 0.575503355704698 0.19808306709265175 0.017897091722595078
1 0.05910543130990415 0.558165548098434 0.023961661341853034 0.029082774049217
1 0.06070287539936102 0.506152125279642 0.025559105431309903 0.026845637583892617
1 0.2124600638977636 0.5167785234899329 0.019169329073482427 0.050335570469798654
1 0.19169329073482427 0.4888143176733781 0.24920127795527156 0.017897091722595078
1 0.3242811501597444 0.5313199105145414 0.025559105431309903 0.07829977628635347
1 0.3242811501597444 0.7427293064876958 0.027156549520766772 0.22706935123042504
1 0.29233226837060705 0.8590604026845637 0.04952076677316294 0.016778523489932886
1 0.36900958466453676 0.8590604026845637 0.07827476038338659 0.017897091722595078
1 0.6461661341853036 0.8590604026845637 0.15335463258785942 0.016778523489932886
1 0.8274760383386581 0.860178970917226 0.1805111821086262 0.016778523489932886
1 0.9249201277955271 0.8400447427293065 0.023961661341853034 0.029082774049217
1 0.9241214057507987 0.7662192393736018 0.023961661341853034 0.06823266219239374
1 0.7300319488817891 0.7466442953020134 0.022364217252396165 0.13870246085011187
1 0.8266773162939297 0.7662192393736018 0.1853035143769968 0.015659955257270694
1 0.9233226837060703 0.691834451901566 0.025559105431309903 0.02796420581655481
1 0.8011182108626198 0.6733780760626398 0.12779552715654952 0.017897091722595078
1 0.9241214057507987 0.6526845637583892 0.023961661341853034 0.03467561521252797
1 0.6246006389776357 0.6739373601789709 0.19968051118210864 0.017897091722595078
1 0.45766773162939295 0.6739373601789709 0.11661341853035144 0.017897091722595078
1 0.06150159744408946 0.430089485458613 0.027156549520766772 0.10738255033557047
1 0.05990415335463259 0.23657718120805368 0.025559105431309903 0.05480984340044743
1 0.21964856230031948 0.2052572706935123 0.19488817891373802 0.015659955257270694
1 0.06070287539936102 0.16834451901565994 0.025559105431309903 0.06375838926174497
1 0.05990415335463259 0.10067114093959731 0.025559105431309903 0.030201342281879196
1 0.19169329073482427 0.08053691275167785 0.2523961661341853 0.020134228187919462
1 0.40654952076677314 0.14373601789709173 0.027156549520766772 0.14205816554809844
1 0.3242811501597444 0.3227069351230425 0.025559105431309903 0.22818791946308725
1 0.8274760383386581 0.4893736017897092 0.18210862619808307 0.017897091722595078
1 0.9241214057507987 0.5078299776286354 0.023961661341853034 0.029082774049217
1 0.9249201277955271 0.3987695749440716 0.02875399361022364 0.08501118568232663
1 0.7300319488817891 0.3227069351230425 0.023961661341853034 0.22930648769574943
1 0.7563897763578274 0.20469798657718122 0.04313099041533546 0.016778523489932886
1 0.896964856230032 0.2052572706935123 0.039936102236421724 0.015659955257270694
1 0.9241214057507987 0.22651006711409397 0.023961661341853034 0.03467561521252797
1 0.6206070287539937 0.2058165548098434 0.2124600638977636 0.01901565995525727
0 0.49201277955271566 0.4720357941834452 0.9105431309904153 0.8131991051454138