1 0.9228896103896104 0.10478359908883828 0.04383116883116883 0.018223234624145785
1 0.950487012987013 0.16514806378132119 0.027597402597402596 0.11047835990888383
1 0.950487012987013 0.3621867881548975 0.025974025974025976 0.05580865603644647
1 0.8449675324675324 0.3935079726651481 0.2012987012987013 0.018223234624145785
1 0.9512987012987013 0.41116173120728927 0.024350649350649352 0.029612756264236904
1 0.9496753246753247 0.464123006833713 0.025974025974025976 0.02733485193621868
1 0.7954545454545454 0.4533029612756264 0.01948051948051948 0.05125284738041002
1 0.8165584415584416 0.48177676537585423 0.2532467532467532 0.018223234624145785
1 0.6818181818181818 0.438496583143508 0.025974025974025976 0.07972665148063782
1 0.6818181818181818 0.22323462414578588 0.027597402597402596 0.23120728929384965
1 0.7142857142857143 0.10478359908883828 0.05032467532467533 0.017084282460136675
1 0.6363636363636364 0.10478359908883828 0.07954545454545454 0.018223234624145785
1 0.3547077922077922 0.10478359908883828 0.15584415584415584 0.017084282460136675
1 0.17045454545454544 0.10364464692482915 0.18344155844155843 0.017084282460136675
1 0.07142857142857142 0.12414578587699317 0.024350649350649352 0.029612756264236904
1 0.07224025974025974 0.19931662870159453 0.024350649350649352 0.06947608200455581
1 0.2694805194805195 0.219248291571754 0.022727272727272728 0.14123006833712984
1 0.17126623376623376 0.19931662870159453 0.18831168831168832 0.015945330296127564
1 0.07305194805194805 0.27505694760820043 0.025974025974025976 0.02847380410022779
1 0.19724025974025974 0.2938496583143508 0.12987012987012986 0.018223234624145785
1 0.07224025974025974 0.31492027334851935 0.024350649350649352 0.03530751708428246
1 0.37662337662337664 0.29328018223234625 0.20292207792207792 0.018223234624145785
1 0.5462662337662337 0.29328018223234625 0.1185064935064935 0.018223234624145785
1 0.9488636363636364 0.5415717539863326 0.027597402597402596 0.10933940774487472
1 0.950487012987013 0.7386104783599089 0.025974025974025976 0.05580865603644647
1 0.7881493506493507 0.770501138952164 0.19805194805194806 0.015945330296127564
1 0.9496753246753247 0.8080865603644647 0.025974025974025976 0.06492027334851937
1 0.950487012987013 0.876993166287016 0.025974025974025976 0.030751708428246014
1 0.8165584415584416 0.89749430523918 0.2564935064935065 0.02050113895216401
1 0.5982142857142857 0.8331435079726651 0.027597402597402596 0.14464692482915717
1 0.6818181818181818 0.6509111617312073 0.025974025974025976 0.23234624145785876
1 0.17045454545454544 0.48120728929384965 0.18506493506493507 0.018223234624145785
1 0.07224025974025974 0.4624145785876993 0.024350649350649352 0.029612756264236904
1 0.07142857142857142 0.5734624145785877 0.02922077922077922 0.08656036446469248
1 0.2694805194805195 0.6509111617312073 0.024350649350649352 0.23348519362186787
1 0.24269480519480519 0.7710706150341685 0.04383116883116883 0.017084282460136675
1 0.09983766233766234 0.770501138952164 0.040584415584415584 0.015945330296127564
1 0.07224025974025974 0.7488610478359908 0.024350649350649352 0.03530751708428246
1 0.3806818181818182 0.7699316628701595 0.2159090909090909 0.0193621867881549
0 0.5113636363636364 0.4988610478359909 0.9253246753246753 0.8280182232346242