1 0.7057584269662921 0.8590551181102363 0.17134831460674158 0.011023622047244094
1 0.43820224719101125 0.8582677165354331 0.11657303370786516 0.012598425196850394
1 0.273876404494382 0.8574803149606299 0.023876404494382022 0.011023622047244094
1 0.25280898876404495 0.7771653543307087 0.02247191011235955 0.14803149606299212
1 0.2521067415730337 0.6649606299212598 0.018258426966292134 0.048031496062992125
1 0.25070224719101125 0.534251968503937 0.02247191011235955 0.1078740157480315
1 0.2717696629213483 0.4748031496062992 0.025280898876404494 0.011811023622047244
1 0.37429775280898875 0.4748031496062992 0.033707865168539325 0.011023622047244094
1 0.4768258426966292 0.4748031496062992 0.03089887640449438 0.011811023622047244
1 0.8047752808988764 0.7791338582677165 0.01544943820224719 0.14645669291338584
1 0.5063202247191011 0.7783464566929134 0.009831460674157303 0.15118110236220472
1 0.4220505617977528 0.6933070866141732 0.15308988764044945 0.006299212598425197
1 0.75 0.694488188976378 0.09550561797752809 0.010236220472440945
1 0.6207865168539326 0.6937007874015748 0.04915730337078652 0.008661417322834646
1 0.6257022471910112 0.6598425196850394 0.012640449438202247 0.06456692913385827
1 0.7155898876404494 0.637007874015748 0.16853932584269662 0.011023622047244094
1 0.8075842696629213 0.6838582677165355 0.019662921348314606 0.01653543307086614
1 0.8110955056179775 0.6334645669291339 0.023876404494382022 0.03543307086614173
1 0.8125 0.5807086614173228 0.02247191011235955 0.02204724409448819
1 0.7106741573033708 0.5779527559055118 0.18117977528089887 0.012598425196850394
1 0.6271067415730337 0.587007874015748 0.009831460674157303 0.023622047244094488
1 0.8146067415730337 0.5271653543307087 0.019662921348314606 0.01653543307086614
1 0.8202247191011236 0.3909448818897638 0.021067415730337078 0.025984251968503937
1 0.6889044943820225 0.37401574803149606 0.23876404494382023 0.014960629921259842
1 0.5084269662921348 0.4216535433070866 0.009831460674157303 0.08582677165354331
0 0.5308988764044944 0.612992125984252 0.6264044943820225 0.5118110236220472