1 0.33157099697885195 0.15789473684210525 0.18429003021148035 0.011884550084889643
1 0.6193353474320241 0.15874363327674024 0.12537764350453173 0.013582342954159592
1 0.7960725075528701 0.15959252971137522 0.0256797583081571 0.011884550084889643
1 0.8187311178247734 0.2461799660441426 0.02416918429003021 0.15959252971137522
1 0.8194864048338368 0.3671477079796265 0.019637462235649546 0.05178268251273345
1 0.8209969788519638 0.5080645161290323 0.02416918429003021 0.11629881154499151
1 0.7983383685800605 0.5721561969439728 0.027190332326283987 0.012733446519524618
1 0.6880664652567976 0.5721561969439728 0.03625377643504532 0.011884550084889643
1 0.5777945619335347 0.5721561969439728 0.03323262839879154 0.012733446519524618
1 0.22507552870090636 0.24405772495755518 0.01661631419939577 0.15789473684210525
1 0.5460725075528701 0.24490662139219016 0.010574018126888218 0.16298811544991512
1 0.6367069486404834 0.3365874363327674 0.1646525679758308 0.006791171477079796
1 0.283987915407855 0.33531409168081494 0.1027190332326284 0.011035653650254669
1 0.4229607250755287 0.3361629881154499 0.052870090634441085 0.00933786078098472
1 0.4176737160120846 0.37266553480475384 0.013595166163141994 0.06960950764006792
1 0.32099697885196377 0.39728353140916806 0.18126888217522658 0.011884550084889643
1 0.22205438066465258 0.3467741935483871 0.021148036253776436 0.017826825127334467
1 0.21827794561933533 0.40110356536502545 0.0256797583081571 0.038200339558573854
1 0.21676737160120846 0.4579796264855688 0.02416918429003021 0.023769100169779286
1 0.32628398791540786 0.4609507640067912 0.19486404833836857 0.013582342954159592
1 0.4161631419939577 0.451188455008489 0.010574018126888218 0.025466893039049237
1 0.21450151057401812 0.515704584040747 0.021148036253776436 0.017826825127334467
1 0.2084592145015106 0.6625636672325976 0.022658610271903322 0.02801358234295416
1 0.3496978851963746 0.6808149405772496 0.256797583081571 0.016129032258064516
1 0.5438066465256798 0.6294567062818336 0.010574018126888218 0.09252971137521222
0 0.5196374622356495 0.42317487266553483 0.6737160120845922 0.5517826825127334