1 0.3148233695652174 0.16622137404580153 0.1656929347826087 0.010465648854961816
1 0.5730842391304348 0.16734351145038168 0.11222826086956525 0.011961832061068715
1 0.7324728260869565 0.1679618320610687 0.022758152173913044 0.010969465648854966
1 0.7524728260869565 0.24574809160305344 0.02164402173913052 0.14345038167938928
1 0.7533559782608696 0.3544503816793893 0.018111413043478162 0.046763358778625946
1 0.7544701086956521 0.48146564885496185 0.02164402173913052 0.10474809160305346
1 0.7342527173913043 0.5390458015267175 0.024959239130434633 0.011374045801526787
1 0.6351630434782609 0.5391068702290076 0.032255434782608707 0.010755725190839633
1 0.5361820652173913 0.538854961832061 0.030489130434782682 0.011748091603053512
1 0.21851902173913046 0.24372519083969463 0.0151494565217391 0.1417786259541985
1 0.5075135869565217 0.24466412213740457 0.009402173913043422 0.1467175572519084
1 0.5888858695652174 0.327 0.14850543478260864 0.0059007633587786395
1 0.2718614130434783 0.32580152671755724 0.09274456521739129 0.00964885496183205
1 0.3967391304347826 0.32674045801526713 0.047880434782608707 0.008458015267175604
1 0.39188858695652173 0.35954198473282445 0.012730978260869571 0.06281679389312975
1 0.30520380434782607 0.3815038167938931 0.1630570652173913 0.010702290076335864
1 0.21578804347826086 0.3361832061068702 0.018790760869565194 0.0160992366412214
1 0.2124592391304348 0.3852442748091603 0.02302989130434781 0.03452671755725188
1 0.21154891304347825 0.43629007633587785 0.0212092391304348 0.021167938931297724
1 0.30959239130434785 0.43883969465648853 0.17548913043478256 0.01196946564885501
1 0.3905163043478261 0.4301526717557252 0.01000000000000002 0.023206106870229077
1 0.20898097826086956 0.48823664122137406 0.01970108695652174 0.015740458015267092
1 0.20366847826086956 0.6202213740458016 0.02000000000000004 0.025320610687022956
1 0.33066576086956523 0.6366564885496183 0.23033967391304344 0.014259541984732872
1 0.5055434782608695 0.5905114503816794 0.009089673913043552 0.08338167938931298
0 0.4837228260869565 0.4048091603053435 0.606616847826087 0.4959923664122137