1 0.22959183673469388 0.7640350877192983 0.3163265306122449 0.021052631578947368
1 0.3979591836734694 0.6925438596491228 0.026239067055393587 0.1324561403508772
1 0.2325072886297376 0.5692982456140351 0.3075801749271137 0.018421052631578946
1 0.22448979591836735 0.5298245614035088 0.027696793002915453 0.09912280701754386
1 0.30174927113702626 0.49078947368421055 0.1880466472303207 0.01929824561403509
1 0.1129737609329446 0.49078947368421055 0.08163265306122448 0.016666666666666666
1 0.06778425655976676 0.4692982456140351 0.033527696793002916 0.037719298245614034
1 0.06705539358600583 0.29254385964912283 0.030612244897959183 0.034210526315789476
1 0.06997084548104957 0.25570175438596493 0.033527696793002916 0.03070175438596491
1 0.3979591836734694 0.19780701754385965 0.03206997084548105 0.1456140350877193
1 0.37099125364431484 0.125 0.03498542274052478 0.021052631578947368
1 0.09985422740524781 0.125 0.048104956268221574 0.02017543859649123
1 0.06851311953352769 0.13596491228070176 0.033527696793002916 0.01929824561403509
1 0.5677842565597667 0.17850877192982456 0.03498542274052478 0.09912280701754386
1 0.9271137026239067 0.1368421052631579 0.03644314868804665 0.02017543859649123
1 0.7441690962099126 0.29078947368421054 0.3425655976676385 0.021052631578947368
1 0.8134110787172012 0.48771929824561405 0.21428571428571427 0.018421052631578946
1 0.7981049562682215 0.5675438596491228 0.24198250728862974 0.02017543859649123
1 0.5670553935860059 0.6662280701754386 0.033527696793002916 0.1868421052631579
1 0.7448979591836735 0.7653508771929824 0.3425655976676385 0.018421052631578946
1 0.5386297376093294 0.8258771929824561 0.08309037900874636 0.012280701754385965
1 0.5663265306122449 0.8899122807017544 0.026239067055393587 0.1412280701754386
1 0.39868804664723034 0.8885964912280702 0.026239067055393587 0.14736842105263157
0 0.49489795918367346 0.5456140350877193 0.9212827988338192 0.881578947368421