1 0.11581920903954802 0.34566326530612246 0.03389830508474576 0.18452380952380953
1 0.2309322033898305 0.44387755102040816 0.2132768361581921 0.015306122448979591
1 0.4293785310734463 0.3473639455782313 0.029661016949152543 0.179421768707483
1 0.4929378531073446 0.342687074829932 0.1596045197740113 0.016156462585034014
1 0.5557909604519774 0.3877551020408163 0.031073446327683617 0.1096938775510204
1 0.5557909604519774 0.2776360544217687 0.026836158192090395 0.047619047619047616
1 0.5903954802259888 0.2512755102040816 0.06073446327683616 0.0195578231292517
1 0.875 0.2508503401360544 0.05508474576271186 0.017857142857142856
1 0.934322033898305 0.25255102040816324 0.04943502824858757 0.0195578231292517
1 0.9548022598870056 0.44387755102040816 0.0903954802259887 0.01870748299319728
1 0.8778248587570622 0.6458333333333334 0.03389830508474576 0.19982993197278912
1 0.5607344632768362 0.6862244897959183 0.029661016949152543 0.125
1 0.4322033898305085 0.6772959183673469 0.03248587570621469 0.141156462585034
1 0.2733050847457627 0.5425170068027211 0.3008474576271186 0.0195578231292517
1 0.1137005649717514 0.6462585034013606 0.029661016949152543 0.19982993197278912
1 0.016242937853107344 0.5259353741496599 0.01977401129943503 0.04846938775510204
0 0.5 0.5 1 0.5374149659863946