1 0.7435555555555555 0.2682274247491639 0.30134722222222227 0.020133779264214082
1 0.5832222222222222 0.3363879598662207 0.025263888888888964 0.1263879598662207
1 0.7411805555555555 0.45402173913043475 0.2930277777777778 0.01714882943143812
1 0.7489027777777778 0.49162207357859533 0.02674999999999999 0.09443143812709034
1 0.6753472222222222 0.5288294314381271 0.1792083333333333 0.018570234113712406
1 0.8546944444444444 0.5289214046822742 0.07786111111111103 0.015526755852842756
1 0.8979444444444444 0.5492725752508361 0.03179166666666681 0.036070234113712456
1 0.8986805555555555 0.7178260869565217 0.02852777777777773 0.0326672240802675
1 0.8958611111111111 0.7527257525083612 0.031805555555555684 0.02946488294314382
1 0.583375 0.8080016722408025 0.030805555555555485 0.13918060200668889
1 0.6087083333333333 0.8776839464882944 0.033583333333333264 0.02019230769230777
1 0.8674583333333334 0.8774498327759198 0.04526388888888878 0.019306020066889754
1 0.8972916666666666 0.8669565217391305 0.031430555555555705 0.018411371237458177
1 0.42168055555555556 0.8266638795986623 0.032791666666666684 0.0942224080267559
1 0.07936111111111112 0.8663795986622074 0.03455555555555555 0.01922240802675567
1 0.2532083333333333 0.7195903010033444 0.3260277777777778 0.019690635451504977
1 0.18718055555555557 0.5318478260869566 0.20376388888888886 0.017784280936454833
1 0.20226388888888888 0.4558695652173913 0.2309444444444444 0.01897993311036793
1 0.421875 0.361747491638796 0.03168055555555548 0.1782692307692308
1 0.2526527777777778 0.2670484949832776 0.3257222222222223 0.017750836120401355
1 0.4490416666666667 0.20929765886287624 0.07908333333333326 0.011337792642140446
1 0.41015277777777776 0.2170819397993311 0.0002499999999999305 0.0008528428093645333
1 0.42266666666666663 0.148561872909699 0.024652777777777777 0.13489130434782612
1 0.5827361111111111 0.1498411371237458 0.024333333333333308 0.14058528428093642
0 0.4910833333333333 0.4765719063545151 0.8776805555555555 0.8405936454849497