1 0.19088888888888889 0.1712027833001988 0.05633333333333334 0.016252485089463243
1 0.3349722222222222 0.17105367793240558 0.04280555555555558 0.01687872763419485
1 0.3955416666666667 0.1712127236580517 0.05038888888888885 0.01815109343936381
1 0.45945833333333336 0.17105367793240558 0.047527777777777815 0.01688866799204772
1 0.5341111111111111 0.1707355864811133 0.07206944444444442 0.016729622266401574
1 0.6979861111111112 0.17153081510934393 0.0677777777777778 0.016898608349900597
1 0.738375 0.20366799204771371 0.021777777777777865 0.05471172962226642
1 0.7384722222222223 0.3254870775347912 0.021999999999999888 0.052664015904572585
1 0.6435277777777777 0.35984095427435386 0.17801388888888883 0.01224652087475154
1 0.7377083333333333 0.38958250497017893 0.021777777777777865 0.05708747514910532
1 0.737875 0.5139165009940357 0.022777777777777904 0.055815109343936416
1 0.7375972222222222 0.583558648111332 0.021569444444444405 0.06658051689860837
1 0.7382083333333334 0.7182703777335985 0.023430555555555403 0.06811133200795227
1 0.6940277777777778 0.7563717693836978 0.07437500000000001 0.014860834990059687
1 0.5297638888888889 0.7571570576540756 0.0646944444444445 0.016431411530815083
1 0.4866388888888889 0.6722664015904573 0.014305555555555492 0.15997017892644141
1 0.6143333333333333 0.5490159045725646 0.23450000000000004 0.010258449304174888
1 0.36816666666666664 0.45893638170974155 0.01565277777777775 0.08190854870775345
1 0.36759722222222224 0.3741650099403579 0.013152777777777815 0.026341948310139165
1 0.2594027777777778 0.359662027833002 0.1950833333333333 0.011471172962226604
1 0.1555 0.374403578528827 0.022916666666666665 0.02488071570576538
1 0.1560138888888889 0.42956262425447317 0.02137500000000002 0.06434393638170977
1 0.2630416666666667 0.42326043737574554 0.20483333333333337 0.010139165009940403
1 0.1557638888888889 0.5227833001988071 0.0237222222222222 0.041610337972166955
1 0.15590277777777778 0.5841351888667992 0.024763888888888867 0.06743538767395618
1 0.25929166666666664 0.5487574552683896 0.19343055555555552 0.008936381709741559
1 0.15570833333333334 0.7186679920477137 0.023597222222222235 0.06927435387673962
1 0.2596805555555556 0.7596719681908549 0.1965416666666667 0.008767395626242482
1 0.38788888888888884 0.7568886679920477 0.03293055555555561 0.017117296222664044
1 0.15525 0.8159145129224652 0.02425000000000001 0.10845924453280308
1 0.26006944444444446 0.8731510934393638 0.1980972222222222 0.01749502982107347
1 0.15606944444444446 0.3276143141153081 0.022208333333333347 0.04916500994035789
1 0.15490277777777778 0.2061431411530815 0.022208333333333347 0.05891650099403577
1 0.3675833333333334 0.2429821073558648 0.014999999999999937 0.1350994035785288
1 0.4866388888888889 0.281610337972167 0.015777777777777797 0.1437475149105368
1 0.42184722222222226 0.3045427435387674 0.12820833333333326 0.011381709741550741
0 0.4471111111111111 0.5200099403578529 0.6207222222222222 0.7307157057654077