1 0.19984567901234568 0.8429203539823009 0.06327160493827161 0.017699115044247787
1 0.3595679012345679 0.8429203539823009 0.047839506172839504 0.018805309734513276
1 0.42746913580246915 0.8429203539823009 0.05555555555555555 0.01991150442477876
1 0.4984567901234568 0.8429203539823009 0.05246913580246913 0.018805309734513276
1 0.5810185185185185 0.8429203539823009 0.08024691358024691 0.018805309734513276
1 0.7631172839506173 0.8423672566371682 0.07561728395061729 0.018805309734513276
1 0.8078703703703703 0.8064159292035398 0.024691358024691357 0.06084070796460177
1 0.8078703703703703 0.6709070796460177 0.024691358024691357 0.0586283185840708
1 0.7029320987654321 0.6327433628318584 0.19753086419753085 0.01327433628318584
1 0.8070987654320988 0.5995575221238938 0.024691358024691357 0.06305309734513274
1 0.8078703703703703 0.461283185840708 0.024691358024691357 0.061946902654867256
1 0.8070987654320988 0.3838495575221239 0.024691358024691357 0.07411504424778761
1 0.8078703703703703 0.23396017699115043 0.026234567901234566 0.07632743362831858
1 0.7584876543209876 0.1913716814159292 0.08333333333333333 0.016592920353982302
1 0.5763888888888888 0.19081858407079647 0.07253086419753087 0.018805309734513276
1 0.5285493827160493 0.2848451327433628 0.015432098765432098 0.17809734513274336
1 0.6705246913580247 0.42201327433628316 0.26080246913580246 0.011061946902654867
1 0.3966049382716049 0.5226769911504425 0.016975308641975308 0.09070796460176991
1 0.3958333333333333 0.6167035398230089 0.013888888888888888 0.028761061946902654
1 0.2762345679012346 0.6327433628318584 0.21604938271604937 0.01327433628318584
1 0.16049382716049382 0.6167035398230089 0.024691358024691357 0.02765486725663717
1 0.16126543209876543 0.5553097345132744 0.023148148148148147 0.07190265486725664
1 0.2800925925925926 0.5619469026548672 0.22685185185185186 0.011061946902654867
1 0.16049382716049382 0.45132743362831856 0.026234567901234566 0.046460176991150445
1 0.16049382716049382 0.38329646017699115 0.027777777777777776 0.0752212389380531
1 0.27546296296296297 0.4225663716814159 0.21450617283950618 0.00995575221238938
1 0.16049382716049382 0.2334070796460177 0.026234567901234566 0.07743362831858407
1 0.2762345679012346 0.18805309734513273 0.2191358024691358 0.00995575221238938
1 0.41898148148148145 0.19081858407079647 0.037037037037037035 0.018805309734513276
1 0.16049382716049382 0.125 0.026234567901234566 0.12057522123893805
1 0.2762345679012346 0.06139380530973451 0.22067901234567902 0.01991150442477876
1 0.16126543209876543 0.6686946902654868 0.024691358024691357 0.05420353982300885
1 0.1597222222222222 0.8036504424778761 0.024691358024691357 0.06526548672566372
1 0.3958333333333333 0.7627212389380531 0.016975308641975308 0.1504424778761062
1 0.5285493827160493 0.7195796460176991 0.016975308641975308 0.16039823008849557
1 0.45601851851851855 0.6941371681415929 0.1419753086419753 0.012168141592920354
0 0.4845679012345679 0.45464601769911506 0.6898148148148148 0.8130530973451328