1 0.993993993993994 0.7119098712446352 0.012012012012012012 0.043991416309012876
1 0.9932432432432432 0.6003218884120172 0.013513513513513514 0.033261802575107295
1 0.9932432432432432 0.5536480686695279 0.013513513513513514 0.03862660944206009
1 0.9932432432432432 0.5042918454935622 0.013513513513513514 0.03648068669527897
1 0.9932432432432432 0.44635193133047213 0.013513513513513514 0.055793991416309016
1 0.9932432432432432 0.32027896995708155 0.013513513513513514 0.05257510729613734
1 0.9504504504504504 0.28916309012875535 0.08258258258258258 0.017167381974248927
1 0.7665165165165165 0.28916309012875535 0.07957957957957958 0.017167381974248927
1 0.7147147147147147 0.3621244635193133 0.018018018018018018 0.13733905579399142
1 0.6696696696696697 0.28969957081545067 0.08558558558558559 0.017167381974248927
1 0.481981981981982 0.28916309012875535 0.08408408408408409 0.017167381974248927
1 0.3768768768768769 0.28969957081545067 0.1006006006006006 0.017167381974248927
1 0.17342342342342343 0.28916309012875535 0.1036036036036036 0.018240343347639486
1 0.11561561561561562 0.32349785407725323 0.02252252252252252 0.05793991416309013
1 0.11486486486486487 0.4501072961373391 0.025525525525525526 0.05042918454935622
1 0.2424924924924925 0.4833690987124464 0.24174174174174173 0.01072961373390558
1 0.4286786786786787 0.384656652360515 0.015015015015015015 0.1813304721030043
1 0.5653153153153153 0.575107296137339 0.12312312312312312 0.011802575107296138
1 0.6929429429429429 0.5756437768240343 0.03903903903903904 0.009656652360515022
1 0.7147147147147147 0.6587982832618026 0.018018018018018018 0.15021459227467812
1 0.6929429429429429 0.7392703862660944 0.03753753753753754 0.017167381974248927
1 0.6096096096096096 0.7387339055793991 0.09759759759759759 0.016094420600858368
1 0.6186186186186187 0.6561158798283262 0.015015015015015015 0.157725321888412
1 0.46846846846846846 0.7392703862660944 0.06306306306306306 0.018240343347639486
1 0.3761261261261261 0.7392703862660944 0.1021021021021021 0.019313304721030045
1 0.4294294294294294 0.6593347639484979 0.013513513513513514 0.14914163090128754
1 0.17267267267267267 0.7392703862660944 0.10510510510510511 0.018240343347639486
1 0.1111111111111111 0.6587982832618026 0.013513513513513514 0.15236051502145923
1 0.11486486486486487 0.5595493562231759 0.025525525525525526 0.02575107296137339
1 0.0533033033033033 0.7387339055793991 0.1066066066066066 0.018240343347639486
1 0.7635135135135135 0.7387339055793991 0.07357357357357357 0.017167381974248927
1 0.9466966966966966 0.7398068669527897 0.08858858858858859 0.017167381974248927
1 0.8911411411411412 0.5756437768240343 0.2042042042042042 0.011802575107296138
1 0.8325825825825826 0.4833690987124464 0.21771771771771772 0.011802575107296138
1 0.7980480480480481 0.5337982832618026 0.016516516516516516 0.09871244635193133
0 0.5 0.5134120171673819 1 0.4796137339055794