1 0.18624641833810887 0.7012428298279159 0.13753581661891118 0.016252390057361378
1 0.08524355300859598 0.494263862332696 0.17048710601719197 0.017208413001912046
1 0.1339541547277937 0.4670172084130019 0.034383954154727794 0.05353728489483748
1 0.1353868194842407 0.3532504780114723 0.034383954154727794 0.08795411089866156
1 0.07951289398280802 0.30401529636711283 0.09742120343839542 0.022944550669216062
1 0.29512893982808025 0.30401529636711283 0.11461318051575932 0.02390057361376673
1 0.5007163323782235 0.3049713193116635 0.10315186246418338 0.022944550669216062
1 0.5709169054441261 0.3723709369024857 0.0329512893982808 0.12810707456978968
1 0.27650429799426934 0.6013384321223709 0.03581661891117478 0.1931166347992352
1 0.3173352435530086 0.5650095602294455 0.06876790830945559 0.02198852772466539
1 0.3116045845272206 0.7007648183556405 0.04727793696275072 0.019120458891013385
1 0.4262177650429799 0.7021988527724665 0.10315186246418338 0.020076481835564052
1 0.42478510028653294 0.6266730401529637 0.024355300859598854 0.14244741873804972
1 0.5064469914040115 0.5650095602294455 0.15616045845272206 0.019120458891013385
1 0.5694842406876791 0.6534416826003824 0.034383954154727794 0.0869980879541109
1 0.5372492836676218 0.7017208413001912 0.04727793696275072 0.021032504780114723
1 0.6461318051575932 0.7017208413001912 0.11174785100286533 0.021032504780114723
1 0.8660458452722063 0.7017208413001912 0.11891117478510028 0.019120458891013385
1 0.9727793696275072 0.7012428298279159 0.054441260744985676 0.018164435946462717
1 0.9355300859598854 0.5979923518164436 0.034383954154727794 0.18738049713193117
1 0.7578796561604585 0.4947418738049713 0.34097421203438394 0.019120458891013385
1 0.6389684813753582 0.30449330783938816 0.12320916905444126 0.02198852772466539
1 0.8646131805157593 0.30449330783938816 0.11318051575931232 0.019120458891013385
1 0.9355300859598854 0.4130019120458891 0.03724928366762178 0.04206500956022945
1 0.9362464183381088 0.3298279158699809 0.0329512893982808 0.04206500956022945
0 0.5 0.5033460803059273 1 0.4311663479923518