1 0.3795108695652174 0.09662737987307343 0.25654891304347827 0.02372620126926563
1 0.5686413043478261 0.09473254759746147 0.10255434782608698 0.0227833182230281
1 0.7520923913043478 0.09414324569356301 0.09474184782608698 0.020172257479601087
1 0.8047826086956522 0.1515865820489574 0.02767663043478246 0.09102447869446963
1 0.8047826086956522 0.30660924750679963 0.023423913043478274 0.08709882139619225
1 0.5113315217391304 0.20051677243880325 0.024130434782608682 0.1931459655485041
1 0.4724728260869565 0.2733182230281052 0.07629076086956518 0.021949229374433398
1 0.3104891304347826 0.2741523118766999 0.12490489130434783 0.02218495013599277
1 0.24058423913043478 0.2389845874886673 0.03192934782608696 0.0612420670897552
1 0.24164402173913044 0.1300362647325476 0.02980978260869565 0.059274705349048044
1 0.24058423913043478 0.37534904805077063 0.03406249999999999 0.07256572982774248
1 0.24199728260869566 0.505494106980961 0.0326494565217391 0.06531278331822299
1 0.3378125 0.5498549410698096 0.1816847826086957 0.020951949229374343
1 0.6628532608695652 0.36337262012692656 0.2739402173913044 0.02304623753399815
1 0.6117527173913043 0.38919310970081594 0.031222826086956545 0.04342701722574794
1 0.804320652173913 0.3856572982774252 0.02747282608695656 0.03000906618313692
1 0.8063179347826087 0.4581867633726201 0.0280434782608697 0.0650861287398005
1 0.6992798913043478 0.4575521305530372 0.20271739130434788 0.01525838621940167
1 0.6115625 0.5089936536718042 0.02728260869565223 0.0991840435176791
1 0.7373505434782609 0.5489392565729828 0.12427989130434787 0.0213145965548504
1 0.8056521739130436 0.5283952855847689 0.03012228260869575 0.029519492293744284
1 0.8059375 0.5973708068902992 0.029551630434782608 0.07038077969174966
1 0.8056521739130436 0.7365548504079782 0.027853260869565216 0.07494106980961023
1 0.8052717391304347 0.852973708068903 0.025951086956521617 0.1317951042611062
1 0.622921195652174 0.9242792384406165 0.1966576086956522 0.021051677243880247
1 0.6581657608695654 0.7807706255666365 0.26599184782608704 0.021532184950135994
1 0.5118070652173913 0.6680054397098821 0.027853260869565216 0.2153762466001813
1 0.24099184782608696 0.5930099728014506 0.03069293478260866 0.0775974614687216
1 0.2408967391304348 0.7357298277425204 0.02709239130434782 0.07176790571169545
1 0.395679347826087 0.7807343608340889 0.06043478260869568 0.023726201269265706
1 0.27688858695652174 0.780988213961922 0.059293478260869545 0.021196736174070814
0 0.5235597826086956 0.5065548504079782 0.6125815217391305 0.8624569356300997