1 0.02117486338797814 0.7052919708029197 0.04234972677595628 0.01824817518248175
1 0.20765027322404372 0.7057481751824818 0.13114754098360656 0.01551094890510949
1 0.09631147540983606 0.5082116788321168 0.19262295081967212 0.016423357664233577
1 0.15778688524590165 0.4822080291970803 0.03278688524590164 0.051094890510948905
1 0.15915300546448088 0.37363138686131386 0.03278688524590164 0.08394160583941605
1 0.10587431693989072 0.3266423357664234 0.09289617486338798 0.021897810218978103
1 0.3114754098360656 0.3266423357664234 0.1092896174863388 0.02281021897810219
1 0.5075136612021858 0.32755474452554745 0.09836065573770492 0.021897810218978103
1 0.5744535519125683 0.3918795620437956 0.031420765027322405 0.12226277372262774
1 0.2937158469945355 0.6104014598540146 0.03415300546448088 0.1843065693430657
1 0.3326502732240437 0.5757299270072993 0.06557377049180328 0.020985401459854013
1 0.3271857923497268 0.7052919708029197 0.045081967213114756 0.01824817518248175
1 0.4364754098360656 0.7066605839416058 0.09836065573770492 0.01916058394160584
1 0.43510928961748635 0.6345802919708029 0.023224043715846996 0.13594890510948904
1 0.5129781420765027 0.5757299270072993 0.1489071038251366 0.01824817518248175
1 0.5730874316939891 0.6601277372262774 0.03278688524590164 0.08302919708029197
1 0.5423497267759563 0.7062043795620438 0.045081967213114756 0.020072992700729927
1 0.6461748633879781 0.7062043795620438 0.10655737704918032 0.020072992700729927
1 0.8558743169398907 0.7062043795620438 0.1133879781420765 0.01824817518248175
1 0.9658469945355191 0.7057481751824818 0.06830601092896176 0.017335766423357664
1 0.9221311475409836 0.6072080291970803 0.03278688524590164 0.17883211678832117
1 0.7527322404371585 0.5086678832116789 0.3251366120218579 0.01824817518248175
1 0.639344262295082 0.3270985401459854 0.11748633879781421 0.020985401459854013
1 0.8545081967213115 0.3270985401459854 0.10792349726775956 0.01824817518248175
1 0.9221311475409836 0.4306569343065693 0.03551912568306011 0.040145985401459854
1 0.9228142076502732 0.3512773722627737 0.031420765027322405 0.040145985401459854
0 0.5 0.5168795620437956 1 0.4114963503649635