1 0.287625 0.07852967227635076 0.26749999999999996 0.020930026572187774
1 0.14627777777777776 0.1470062001771479 0.028611111111111105 0.12392382639503988
1 0.23225 0.299052258635961 0.1557361111111111 0.01900797165633307
1 0.14668055555555556 0.3253852967227635 0.030375000000000006 0.04231178033658103
1 0.14658333333333334 0.44890168290522586 0.028999999999999995 0.08023914968999117
1 0.23209722222222223 0.4908680248007086 0.1609722222222222 0.0184588131089459
1 0.4708055555555556 0.4896102745792737 0.06549999999999996 0.017457927369353442
1 0.14569444444444446 0.5239149689991143 0.028402777777777763 0.04983170947741363
1 0.508875 0.6502480070859168 0.030375000000000006 0.3003897254207264
1 0.4562083333333334 0.8076970770593446 0.09075000000000004 0.01821966341895477
1 0.2838888888888889 0.8072542072630646 0.057402777777777754 0.018095659875996515
1 0.1458888888888889 0.7891939769707705 0.028805555555555567 0.02047829937998219
1 0.14668055555555556 0.6621877767936227 0.028805555555555567 0.09992028343666957
1 0.14716666666666667 0.8700708591674048 0.03393055555555557 0.11772364924712132
1 0.3325972222222222 0.9339238263950399 0.340875 0.02124003542958372
1 0.6715138888888889 0.933675819309123 0.30023611111111115 0.019220549158547227
1 0.8355416666666667 0.8706997342781222 0.02820833333333326 0.11747564216120471
1 0.7297222222222222 0.8079627989371125 0.19884722222222223 0.01917626217891948
1 0.8346666666666667 0.7151195748449956 0.029986111111110998 0.06295837023914963
1 0.7312916666666667 0.7292028343666962 0.19727777777777772 0.015642161204605917
1 0.8345694444444445 0.7882285208148804 0.030972222222222158 0.021975199291408277
1 0.8353611111111111 0.560088573959256 0.027986111111111236 0.12257750221434907
1 0.7160277777777777 0.4900708591674047 0.2271527777777777 0.02242692648361376
1 0.8349583333333332 0.4179450841452613 0.03045833333333342 0.13955713020372007
1 0.6729583333333333 0.3720726306465899 0.31713888888888886 0.012116917626217848
1 0.6828333333333333 0.398503100088574 0.020847222222222208 0.052391496899911405
1 0.6298888888888888 0.3308857395925598 0.020305555555555563 0.0830203720106289
1 0.697375 0.29578387953941543 0.13223611111111117 0.013861824623560653
1 0.47158333333333335 0.29874224977856506 0.06912499999999998 0.02483613817537641
1 0.5077638888888889 0.18958370239149688 0.032944444444444484 0.21066430469441982
1 0.7315972222222222 0.07860053144375553 0.2034861111111111 0.023312666076173598
1 0.8375416666666666 0.18886625332152346 0.03552777777777768 0.20676705048715677
0 0.4897222222222223 0.5040478299379982 0.7398472222222223 0.888724534986714