1 0.2962962962962963 0.9542322834645669 0.2978395061728395 0.023622047244094488
1 0.1396604938271605 0.8779527559055118 0.032407407407407406 0.1377952755905512
1 0.2345679012345679 0.7091535433070866 0.1728395061728395 0.02066929133858268
1 0.1396604938271605 0.6796259842519685 0.033950617283950615 0.047244094488188976
1 0.1396604938271605 0.5423228346456693 0.032407407407407406 0.08956692913385826
1 0.2345679012345679 0.49606299212598426 0.17901234567901234 0.02066929133858268
1 0.5 0.4970472440944882 0.07253086419753087 0.01968503937007874
1 0.1388888888888889 0.45915354330708663 0.030864197530864196 0.05511811023622047
1 0.5424382716049383 0.3188976377952756 0.033950617283950615 0.33366141732283466
1 0.4837962962962963 0.1437007874015748 0.10030864197530864 0.02066929133858268
1 0.2924382716049383 0.14419291338582677 0.06327160493827161 0.01968503937007874
1 0.1388888888888889 0.1643700787401575 0.032407407407407406 0.022637795275590553
1 0.1396604938271605 0.30561023622047245 0.032407407407407406 0.11122047244094488
1 0.1404320987654321 0.07431102362204725 0.037037037037037035 0.1309055118110236
1 0.345679012345679 0.007874015748031496 0.37962962962962965 0.015748031496062992
1 0.7222222222222222 0.0073818897637795275 0.3333333333333333 0.014763779527559055
1 0.9050925925925926 0.07381889763779527 0.030864197530864196 0.1309055118110236
1 0.7878086419753086 0.1437007874015748 0.22067901234567902 0.021653543307086614
1 0.904320987654321 0.24655511811023623 0.033950617283950615 0.06988188976377953
1 0.7893518518518519 0.23080708661417323 0.2191358024691358 0.017716535433070866
1 0.904320987654321 0.16535433070866143 0.033950617283950615 0.024606299212598427
1 0.9050925925925926 0.4187992125984252 0.030864197530864196 0.13582677165354332
1 0.7723765432098766 0.4965551181102362 0.25308641975308643 0.024606299212598427
1 0.904320987654321 0.5767716535433071 0.033950617283950615 0.15551181102362205
1 0.7245370370370371 0.6279527559055118 0.35185185185185186 0.013779527559055118
1 0.7353395061728395 0.5984251968503937 0.023148148148148147 0.058070866141732284
1 0.6766975308641975 0.6737204724409449 0.023148148148148147 0.09251968503937008
1 0.7515432098765432 0.7125984251968503 0.14660493827160495 0.015748031496062992
1 0.5007716049382716 0.7091535433070866 0.07716049382716049 0.027559055118110236
1 0.5408950617283951 0.8307086614173228 0.037037037037037035 0.234251968503937
1 0.7893518518518519 0.9542322834645669 0.22685185185185186 0.025590551181102362
1 0.9074074074074074 0.8316929133858267 0.040123456790123455 0.22933070866141733
0 0.5200617283950617 0.4876968503937008 0.8209876543209876 0.9753937007874016