1 0.24777448071216618 0.06758034026465029 0.28635014836795253 0.022684310018903593
1 0.09718100890207715 0.14083175803402648 0.03115727002967359 0.1323251417769376
1 0.1884272997032641 0.30293005671077505 0.1661721068249258 0.01984877126654064
1 0.09718100890207715 0.33128544423440454 0.032640949554896145 0.045368620037807186
1 0.09718100890207715 0.46313799621928164 0.03115727002967359 0.08601134215500945
1 0.1884272997032641 0.5075614366729678 0.17210682492581603 0.01984877126654064
1 0.443620178041543 0.5066162570888468 0.06973293768545995 0.01890359168241966
1 0.09643916913946587 0.5430056710775047 0.02967359050445104 0.052930056710775046
1 0.4844213649851632 0.6776937618147448 0.032640949554896145 0.32041587901701324
1 0.4280415430267062 0.8459357277882797 0.09643916913946587 0.01984877126654064
1 0.24406528189910978 0.8454631379962193 0.06083086053412463 0.01890359168241966
1 0.09643916913946587 0.8260869565217391 0.03115727002967359 0.021739130434782608
1 0.09718100890207715 0.6904536862003781 0.03115727002967359 0.10680529300567108
1 0.09792284866468842 0.9125708884688091 0.03560830860534125 0.12570888468809074
1 0.2959940652818991 0.9806238185255198 0.36350148367952523 0.022684310018903593
1 0.6580118694362018 0.9801512287334594 0.32047477744807124 0.020793950850661626
1 0.8330860534124629 0.9130434782608695 0.02967359050445104 0.12570888468809074
1 0.7203264094955489 0.8459357277882797 0.21216617210682492 0.020793950850661626
1 0.8323442136498517 0.747164461247637 0.032640949554896145 0.0671077504725898
1 0.7218100890207715 0.7622873345935728 0.21068249258160238 0.017013232514177693
1 0.8323442136498517 0.8251417769376181 0.032640949554896145 0.023629489603024575
1 0.8330860534124629 0.581758034026465 0.02967359050445104 0.13043478260869565
1 0.7054896142433235 0.5070888468809074 0.2433234421364985 0.023629489603024575
1 0.8323442136498517 0.43005671077504726 0.032640949554896145 0.14933837429111532
1 0.6594955489614244 0.3809073724007561 0.33827893175074186 0.013232514177693762
1 0.6698813056379822 0.40926275992438566 0.02225519287833828 0.055765595463137994
1 0.6135014836795252 0.33695652173913043 0.02225519287833828 0.0888468809073724
1 0.685459940652819 0.2996219281663516 0.14094955489614244 0.015122873345935728
1 0.4443620178041543 0.30293005671077505 0.07418397626112759 0.026465028355387523
1 0.48293768545994065 0.18620037807183365 0.03560830860534125 0.22495274102079396
1 0.7225519287833828 0.06758034026465029 0.21810089020771514 0.024574669187145556
1 0.8353115727002968 0.18525519848771266 0.03857566765578635 0.22022684310018903
0 0.46364985163204747 0.5217391304347826 0.7908011869436202 0.9480151228733459