1 0.9012968299711815 0.8335509138381201 0.023054755043227664 0.20887728459530025
1 0.8674351585014409 0.9451697127937336 0.05763688760806916 0.015665796344647518
1 0.7514409221902018 0.945822454308094 0.06195965417867435 0.014360313315926894
1 0.7146974063400576 0.8635770234986945 0.01440922190201729 0.15535248041775457
1 0.6743515850144092 0.9451697127937336 0.06340057636887608 0.015665796344647518
1 0.5295389048991355 0.9451697127937336 0.06484149855907781 0.015665796344647518
1 0.4834293948126801 0.8642297650130548 0.01585014409221902 0.15535248041775457
1 0.4142651296829971 0.9451697127937336 0.13688760806916425 0.015665796344647518
1 0.3414985590778098 0.8381201044386423 0.023054755043227664 0.20757180156657964
1 0.20028818443804033 0.945822454308094 0.2564841498559078 0.014360313315926894
1 0.05403458213256484 0.8348563968668408 0.01585014409221902 0.21279373368146215
1 0.16138328530259366 0.7238903394255874 0.18011527377521613 0.022193211488250653
1 0.3025936599423631 0.7232375979112271 0.069164265129683 0.022193211488250653
1 0.44596541786743515 0.7232375979112271 0.19596541786743515 0.0195822454308094
1 0.7629682997118156 0.7232375979112271 0.2622478386167147 0.022193211488250653
1 0.9012968299711815 0.6631853785900783 0.024495677233429394 0.09399477806788512
1 0.6239193083573487 0.6122715404699739 0.023054755043227664 0.19712793733681463
1 0.7636887608069164 0.43342036553524804 0.26512968299711814 0.020887728459530026
1 0.9012968299711815 0.4941253263707572 0.024495677233429394 0.09399477806788512
1 0.9005763688760807 0.38511749347258484 0.024495677233429394 0.08485639686684072
1 0.9012968299711815 0.23237597911227154 0.024495677233429394 0.08224543080939947
1 0.8479827089337176 0.18276762402088773 0.09077809798270893 0.02349869451697128
1 0.6765129682997119 0.18342036553524804 0.09077809798270893 0.020887728459530026
1 0.6246397694524496 0.2774151436031332 0.024495677233429394 0.16840731070496084
1 0.5965417867435159 0.18342036553524804 0.040345821325648415 0.022193211488250653
1 0.5064841498559077 0.18342036553524804 0.08213256484149856 0.022193211488250653
1 0.5043227665706052 0.2689295039164491 0.01440922190201729 0.15926892950391644
1 0.43948126801152737 0.34660574412532635 0.12103746397694524 0.02741514360313316
1 0.3919308357348703 0.24086161879895562 0.024495677233429394 0.1031331592689295
1 0.32204610951008644 0.18276762402088773 0.11527377521613832 0.020887728459530026
1 0.12896253602305474 0.18342036553524804 0.11527377521613832 0.022193211488250653
1 0.05763688760806916 0.2304177545691906 0.024495677233429394 0.08093994778067885
1 0.056195965417867436 0.3857702349869452 0.024495677233429394 0.07963446475195822
1 0.15994236311239193 0.43407310704960833 0.19020172910662825 0.0195822454308094
1 0.2615273775216138 0.48890339425587465 0.021613832853025938 0.0926892950391645
1 0.260806916426513 0.6298955613577023 0.023054755043227664 0.0391644908616188
1 0.3242074927953891 0.43407310704960833 0.10806916426512968 0.020887728459530026
1 0.056195965417867436 0.4915143603133159 0.024495677233429394 0.08746736292428199
1 0.05763688760806916 0.6142297650130548 0.023054755043227664 0.0391644908616188
1 0.03890489913544669 0.6723237597911227 0.020172910662824207 0.11879895561357702
0 0.4769452449567723 0.5580939947780679 0.8876080691642652 0.7898172323759791