1 0.8448033707865169 0.13295165394402036 0.2247191011235955 0.020356234096692113
1 0.9676966292134831 0.16348600508905853 0.023876404494382022 0.04961832061068702
1 0.9683988764044944 0.26590330788804073 0.02247191011235955 0.054707379134860054
1 0.8771067415730337 0.29770992366412213 0.16713483146067415 0.01272264631043257
1 0.9676966292134831 0.33396946564885494 0.023876404494382022 0.054707379134860054
1 0.9676966292134831 0.4618320610687023 0.023876404494382022 0.05725190839694656
1 0.8778089887640449 0.5019083969465649 0.16713483146067415 0.013994910941475827
1 0.9676966292134831 0.5636132315521628 0.023876404494382022 0.12086513994910941
1 0.8497191011235955 0.6272264631043257 0.22331460674157302 0.020356234096692113
1 0.9683988764044944 0.7525445292620865 0.02247191011235955 0.22646310432569974
1 0.8462078651685393 0.8810432569974554 0.22893258426966293 0.013994910941475827
1 0.7268258426966292 0.7862595419847328 0.023876404494382022 0.15903307888040713
1 0.726123595505618 0.6615776081424937 0.023876404494382022 0.061068702290076333
1 0.726123595505618 0.5349872773536896 0.021067415730337078 0.17302798982188294
1 0.726123595505618 0.255089058524173 0.023876404494382022 0.23155216284987276
1 0.6615168539325843 0.13295165394402036 0.10112359550561797 0.021628498727735368
1 0.6067415730337079 0.37786259541984735 0.21207865168539325 0.020356234096692113
1 0.4143258426966292 0.2544529262086514 0.02247191011235955 0.2340966921119593
1 0.47963483146067415 0.13295165394402036 0.10112359550561797 0.021628498727735368
1 0.36235955056179775 0.13358778625954199 0.09129213483146068 0.021628498727735368
1 0.19803370786516855 0.13295165394402036 0.08848314606741572 0.021628498727735368
1 0.1446629213483146 0.18002544529262088 0.025280898876404494 0.08015267175572519
1 0.14536516853932585 0.33142493638676845 0.02247191011235955 0.08015267175572519
1 0.24648876404494383 0.3772264631043257 0.18117977528089887 0.021628498727735368
1 0.14536516853932585 0.4020356234096692 0.023876404494382022 0.035623409669211195
1 0.14536516853932585 0.4815521628498728 0.023876404494382022 0.07251908396946564
1 0.23735955056179775 0.48346055979643765 0.17134831460674158 0.01272264631043257
1 0.32092696629213485 0.5407124681933843 0.02949438202247191 0.10687022900763359
1 0.2071629213483146 0.5826972010178118 0.11095505617977527 0.021628498727735368
1 0.1446629213483146 0.6444020356234097 0.02247191011235955 0.10178117048346055
1 0.14536516853932585 0.8148854961832062 0.023876404494382022 0.10178117048346055
1 0.19592696629213482 0.8778625954198473 0.08707865168539326 0.021628498727735368
1 0.363061797752809 0.8791348600508906 0.08567415730337079 0.021628498727735368
1 0.41502808988764045 0.787531806615776 0.021067415730337078 0.16793893129770993
1 0.47401685393258425 0.6978371501272265 0.0997191011235955 0.019083969465648856
1 0.6257022471910112 0.6984732824427481 0.042134831460674156 0.020356234096692113
1 0.41502808988764045 0.6424936386768448 0.02247191011235955 0.09541984732824428
1 0.4768258426966292 0.8791348600508906 0.09410112359550561 0.021628498727735368
1 0.6088483146067416 0.8778625954198473 0.042134831460674156 0.020356234096692113
1 0.6713483146067416 0.8944020356234097 0.12780898876404495 0.017811704834605598
0 0.5547752808988764 0.5076335877862596 0.8637640449438202 0.7837150127226463