1 0.17157608695652174 0.13129310344827586 0.21800271739130433 0.02011083743842366
1 0.05285326086956522 0.16051724137931034 0.023682065217391298 0.04844827586206895
1 0.052445652173913046 0.2597536945812808 0.02145380434782609 0.052733990147783245
1 0.14063858695652176 0.2908743842364532 0.16108695652173916 0.012438423645320225
1 0.05285326086956522 0.32580049261083743 0.023682065217391298 0.05346059113300489
1 0.05315217391304348 0.4495566502463054 0.022866847826086955 0.0555172413793104
1 0.14005434782608694 0.48805418719211824 0.1620380434782609 0.013312807881773333
1 0.05279891304347826 0.5477586206896551 0.023573369565217387 0.11735221674876843
1 0.1669021739130435 0.6098152709359607 0.21573369565217396 0.019741379310344795
1 0.0525 0.7309113300492611 0.022269021739130434 0.2196182266009852
1 0.17051630434782608 0.8555418719211824 0.22082880434782606 0.01395320197044326
1 0.28605978260869563 0.7636945812807882 0.02322010869565214 0.15447044334975377
1 0.2863586956521739 0.6431650246305419 0.02332880434782611 0.058793103448275874
1 0.2869429347826087 0.5202339901477833 0.0207336956521739 0.16715517241379313
1 0.28671195652173914 0.24921182266009853 0.022622282608695622 0.224692118226601
1 0.3491576086956522 0.13135467980295565 0.09804347826086952 0.02086206896551724
1 0.4022961956521739 0.36811576354679804 0.20572010869565213 0.019519704433497567
1 0.588383152173913 0.24899014778325124 0.0216847826086957 0.22640394088669955
1 0.5253396739130435 0.13139162561576354 0.09827445652173919 0.020763546798029574
1 0.6386413043478261 0.13177339901477833 0.08802989130434778 0.021083743842364538
1 0.7973097826086957 0.13130541871921184 0.08508152173913029 0.02141625615763545
1 0.8489266304347826 0.1769088669950739 0.024279891304347677 0.07738916256157634
1 0.8483967391304347 0.3235221674876847 0.021086956521739107 0.07773399014778326
1 0.7510054347826087 0.36779556650246303 0.1748777173913044 0.020812807881773372
1 0.8482744565217392 0.39155172413793105 0.023682065217391392 0.034347290640394074
1 0.8486277173913044 0.46883004926108374 0.02297554347826098 0.07035714285714285
1 0.7596603260869565 0.4707512315270936 0.16603260869565223 0.012635467980295556
1 0.6783559782608696 0.5258866995073891 0.02793478260869558 0.10366995073891633
1 0.788953804347826 0.5665270935960591 0.10794836956521746 0.021539408866995086
1 0.8489809782608696 0.6263669950738916 0.02226902173913057 0.09828817733990142
1 0.8484782608695652 0.7912192118226601 0.023668478260869662 0.09809113300492622
1 0.7995516304347826 0.8525246305418719 0.08490489130434783 0.020714285714285637
1 0.6377717391304347 0.8532266009852217 0.08332880434782615 0.020418719211822572
1 0.5875951086956522 0.7648645320197045 0.020828804347826142 0.16317733990147784
1 0.5305706521739131 0.6777832512315272 0.0961548913043478 0.019076354679802968
1 0.3837092391304348 0.6782635467980296 0.04013586956521734 0.02002463054187191
1 0.5875135869565218 0.6245320197044335 0.021902173913043485 0.09235221674876848
1 0.5280978260869565 0.8531896551724137 0.09131793478260875 0.020480295566502597
1 0.4002173913043478 0.8521305418719212 0.04008152173913043 0.01945812807881768
1 0.3395380434782609 0.8680788177339901 0.1238858695652174 0.01716748768472913
0 0.4527173913043479 0.49408866995073886 0.8356793478260869 0.7585837438423646