1 0.04958100558659218 0.24778761061946902 0.036312849162011177 0.03761061946902655
1 0.19762569832402235 0.25 0.03770949720670391 0.03761061946902655
1 0.02653631284916201 0.29646017699115046 0.023743016759776536 0.08628318584070796
1 0.027932960893854747 0.5519911504424779 0.0223463687150838 0.07964601769911504
1 0.1962290502793296 0.5962389380530974 0.329608938547486 0.035398230088495575
1 0.36522346368715086 0.377212389380531 0.0223463687150838 0.24557522123893805
1 0.34287709497206703 0.2488938053097345 0.03770949720670391 0.035398230088495575
1 0.37988826815642457 0.2488938053097345 0.02094972067039106 0.035398230088495575
1 0.526536312849162 0.2721238938053097 0.0223463687150838 0.19911504424778761
1 0.5202513966480447 0.2488938053097345 0.03770949720670391 0.03761061946902655
1 0.7611731843575419 0.37942477876106195 0.34497206703910616 0.03761061946902655
1 0.835195530726257 0.27654867256637167 0.023743016759776536 0.24336283185840707
1 0.9378491620111732 0.336283185840708 0.0223463687150838 0.07079646017699115
1 0.9371508379888268 0.12942477876106195 0.023743016759776536 0.09513274336283185
1 0.8645251396648045 0.07632743362831858 0.138268156424581 0.03761061946902655
1 0.6787709497206704 0.0752212389380531 0.03770949720670391 0.03761061946902655
1 0.5495810055865922 0.07411504424778761 0.036312849162011177 0.035398230088495575
1 0.9378491620111732 0.41482300884955753 0.02094972067039106 0.05752212389380531
1 0.9371508379888268 0.5575221238938053 0.023743016759776536 0.061946902654867256
1 0.7730446927374302 0.5973451327433629 0.22346368715083798 0.03761061946902655
1 0.6019553072625698 0.75 0.025139664804469275 0.28761061946902655
1 0.6229050279329609 0.8993362831858407 0.03910614525139665 0.035398230088495575
1 0.7688547486033519 0.9004424778761062 0.03910614525139665 0.03982300884955752
1 0.9162011173184358 0.9004424778761062 0.034916201117318434 0.035398230088495575
1 0.9371508379888268 0.8584070796460177 0.019553072625698324 0.07300884955752213
1 0.9378491620111732 0.6360619469026548 0.023743016759776536 0.06858407079646017
1 0.5789106145251397 0.8993362831858407 0.034916201117318434 0.03761061946902655
1 0.48463687150837986 0.8993362831858407 0.07541899441340782 0.035398230088495575
1 0.4818435754189944 0.7942477876106194 0.02094972067039106 0.24778761061946902
1 0.5104748603351955 0.6891592920353983 0.07960893854748603 0.035398230088495575
1 0.36522346368715086 0.7566371681415929 0.0223463687150838 0.12389380530973451
1 0.42248603351955305 0.7146017699115044 0.13966480446927373 0.035398230088495575
1 0.3889664804469274 0.8982300884955752 0.03910614525139665 0.035398230088495575
1 0.34287709497206703 0.9004424778761062 0.0335195530726257 0.035398230088495575
1 0.1962290502793296 0.9004424778761062 0.034916201117318434 0.035398230088495575
1 0.05027932960893855 0.8993362831858407 0.036312849162011177 0.035398230088495575
1 0.027932960893854747 0.8584070796460177 0.02094972067039106 0.06858407079646017
1 0.02653631284916201 0.6360619469026548 0.02094972067039106 0.06637168141592921
0 0.48393854748603354 0.4889380530973451 0.9497206703910615 0.8805309734513275