1 0.6603107344632768 0.9910313901345291 0.02401129943502825 0.017937219730941704
1 0.4392655367231638 0.874439461883408 0.022598870056497175 0.25112107623318386
1 0.5798022598870056 0.7432735426008968 0.15677966101694915 0.03587443946188341
1 0.661723163841808 0.7791479820627802 0.022598870056497175 0.06053811659192825
1 0.661723163841808 0.7197309417040358 0.022598870056497175 0.033632286995515695
1 0.6468926553672316 0.484304932735426 0.1271186440677966 0.03587443946188341
1 0.661723163841808 0.4943946188340807 0.02401129943502825 0.06053811659192825
1 0.5783898305084746 0.19170403587443946 0.02401129943502825 0.3834080717488789
1 0.7718926553672316 0.0257847533632287 0.02401129943502825 0.0515695067264574
1 0.7725988700564972 0.2399103139013453 0.02401129943502825 0.06053811659192825
1 0.7733050847457628 0.44730941704035876 0.022598870056497175 0.05829596412556054
1 0.4385593220338983 0.13340807174887892 0.02401129943502825 0.26681614349775784
1 0.3418079096045198 0.3632286995515695 0.18361581920903955 0.04035874439461883
1 0.2464689265536723 0.3295964125560538 0.022598870056497175 0.06278026905829596
1 0.2457627118644068 0.0952914798206278 0.025423728813559324 0.06278026905829596
1 0.2464689265536723 0.40022421524663676 0.02401129943502825 0.05605381165919283
1 0.2464689265536723 0.5515695067264574 0.022598870056497175 0.1210762331838565
1 0.3135593220338983 0.5560538116591929 0.15819209039548024 0.033632286995515695
1 0.3806497175141243 0.5100896860986547 0.022598870056497175 0.12780269058295965
1 0.3375706214689266 0.7432735426008968 0.07909604519774012 0.03587443946188341
1 0.3644067796610169 0.6513452914798207 0.022598870056497175 0.2242152466367713
1 0.24717514124293785 0.7051569506726457 0.022598870056497175 0.06278026905829596
1 0.2457627118644068 0.7791479820627802 0.022598870056497175 0.053811659192825115
1 0.2457627118644068 0.9932735426008968 0.022598870056497175 0.013452914798206279
0 0.507768361581921 0.5 0.5635593220338984 1