1 0.05367346938775511 0.7411422413793103 0.03578231292517006 0.036422413793103396
1 0.1978095238095238 0.7396120689655172 0.03714285714285716 0.036616379310344845
1 0.031006802721088435 0.693771551724138 0.022489795918367347 0.08308189655172404
1 0.0326530612244898 0.44532327586206893 0.021238095238095236 0.07696120689655168
1 0.19631292517006801 0.40153017241379313 0.32133333333333336 0.03405172413793106
1 0.3610340136054422 0.615603448275862 0.022149659863945542 0.23982758620689648
1 0.3396734693877551 0.7407112068965517 0.03669387755102037 0.034482758620689655
1 0.3756734693877551 0.7400862068965517 0.02010884353741493 0.03431034482758612
1 0.5186802721088436 0.7172413793103448 0.021918367346938795 0.1948275862068965
1 0.5119183673469387 0.7402586206896552 0.036353741496598674 0.035732758620689746
1 0.7469795918367347 0.6129310344827585 0.33538775510204083 0.03586206896551721
1 0.8190340136054421 0.7134051724137931 0.023170068027210847 0.2371120689655172
1 0.9192108843537415 0.6554094827586208 0.02180952380952377 0.06900862068965513
1 0.9180408163265306 0.8571336206896552 0.023278911564625714 0.09243534482758618
1 0.847673469387755 0.9088577586206896 0.1344897959183672 0.03719827586206895
1 0.6669115646258503 0.9091163793103448 0.03691156462585033 0.036637931034482756
1 0.5405442176870748 0.910301724137931 0.03565986394557828 0.03357758620689664
1 0.9187755102040815 0.5784051724137931 0.020489795918367273 0.057068965517241416
1 0.9180816326530612 0.4395905172413793 0.02315646258503399 0.06133620689655168
1 0.7587619047619049 0.4011422413793103 0.21821768707482983 0.03622844827586207
1 0.5914965986394558 0.2526293103448276 0.024761904761904825 0.2804094827586207
1 0.6119863945578231 0.10670258620689654 0.03756462585034016 0.03353448275862069
1 0.7542312925170068 0.10601293103448275 0.037768707482993186 0.03827586206896553
1 0.8978639455782312 0.10568965517241379 0.033714285714285676 0.03556034482758621
1 0.9186666666666667 0.1464439655172414 0.018993197278911612 0.07043103448275864
1 0.9190612244897959 0.362823275862069 0.023496598639455756 0.06734913793103449
1 0.5694421768707483 0.10620689655172413 0.03360544217687081 0.035668103448275854
1 0.4774829931972789 0.10650862068965518 0.07304761904761897 0.03439655172413795
1 0.4748843537414966 0.20879310344827584 0.020870748299319772 0.24178879310344828
1 0.5028707482993198 0.3114224137931034 0.07725170068027207 0.03523706896551729
1 0.36125170068027207 0.24577586206896554 0.022380952380952442 0.12025862068965514
1 0.41708843537414964 0.2861422413793104 0.13585034013605446 0.03508620689655176
1 0.3843809523809524 0.10756465517241379 0.03804081632653066 0.03538793103448276
1 0.3396054421768708 0.10614224137931035 0.0330612244897959 0.03424568965517241
1 0.19663945578231293 0.10614224137931035 0.03387755102040813 0.03510775862068964
1 0.05434013605442176 0.10620689655172413 0.03605442176870748 0.03353448275862069
1 0.03274829931972789 0.14672413793103448 0.021047619047619048 0.06648706896551723
1 0.03125170068027211 0.3629956896551724 0.020925170068027216 0.06428879310344825
0 0.47695238095238096 0.5063793103448275 0.9253061224489796 0.8580818965517241