1 0.10992175273865414 0.06247584541062801 0.0786071987480438 0.011461352657004825
1 0.3082942097026604 0.0618840579710145 0.09784037558685443 0.008840579710144937
1 0.33874804381846635 0.15303140096618356 0.014773082942097024 0.17974637681159422
1 0.38843505477308293 0.2364975845410628 0.1141471048513302 0.012801932367149787
1 0.3606729264475743 0.2679468599033817 0.015226917057903001 0.05840579710144929
1 0.34737089201877935 0.3105072463768116 0.02092331768388107 0.013152173913043462
1 0.2550704225352113 0.4103743961352657 0.017230046948356795 0.21358695652173915
1 0.41098591549295777 0.5110024154589372 0.06414710485133021 0.012330917874396179
1 0.2725978090766823 0.5119444444444444 0.030156494522691677 0.011425120772946903
1 0.37528951486697965 0.636256038647343 0.01585289514866979 0.2222946859903381
1 0.3445226917057903 0.7594202898550724 0.028153364632237887 0.011618357487922573
1 0.2561345852895148 0.7593599033816425 0.04615023474178405 0.012210144927536111
1 0.09568075117370892 0.7595652173913043 0.05107981220657278 0.011570048309178656
1 0.05345852895148669 0.7284057971014493 0.014616588419405326 0.03545893719806751
1 0.05261345852895148 0.5741787439613527 0.014773082942097024 0.096328502415459
1 0.13276995305164319 0.5119806763285024 0.12522691705790295 0.012850241545893704
1 0.05237871674491393 0.4902536231884058 0.01430359937402191 0.03357487922705309
1 0.053004694835680745 0.4117028985507246 0.015539906103286379 0.07948067632850235
1 0.15514866979655714 0.4106763285024155 0.20137715179968702 0.011195652173913022
1 0.052331768388106416 0.3318719806763285 0.01528951486697965 0.03564009661835748
1 0.13178403755868542 0.3110748792270531 0.12212832550860718 0.009625603864734333
1 0.05258215962441315 0.2643599033816425 0.01190923317683881 0.06672705314009662
1 0.05348982785602504 0.10818840579710144 0.016056338028169016 0.06564009661835749
1 0.5410015649452269 0.5111352657004832 0.06488262910798127 0.011714975845410683
1 0.5764632237871675 0.635096618357488 0.013896713615023468 0.22003623188405805
1 0.6071205007824726 0.7591787439613527 0.026025039123630665 0.012644927536231917
1 0.6950078247261346 0.7603019323671497 0.04136150234741776 0.011533816425120719
1 0.8553364632237871 0.7598913043478261 0.052942097026603956 0.011533816425120719
1 0.8981220657276995 0.7285265700483092 0.014444444444444473 0.03463768115942037
1 0.8992801251956182 0.5738164251207729 0.016760563380281746 0.09830917874396139
1 0.7732550860719875 0.5114251207729469 0.22031298904538338 0.013128019323671502
1 0.8984820031298905 0.47993961352657005 0.01622848200312972 0.05250000000000003
1 0.8976838810641627 0.3404951690821256 0.021032863849765344 0.05425120772946855
1 0.7787793427230046 0.31077294685990337 0.20890453834115807 0.012946859903381675
1 0.8993740219092332 0.2634661835748792 0.01907668231611902 0.06526570048309181
1 0.5907198748043819 0.2682971014492754 0.016760563380281746 0.05758454106280194
1 0.8991079812206573 0.10795893719806764 0.016400625978090794 0.06460144927536234
1 0.843849765258216 0.06184782608695652 0.08128325508607208 0.012004830917874394
1 0.6429577464788733 0.06095410628019324 0.10089201877934277 0.014335748792270536
1 0.6123004694835681 0.153756038647343 0.01818466353677622 0.18259661835748792
1 0.5953677621283255 0.23557971014492754 0.05704225352112683 0.014528985507246343
1 0.5068544600938967 0.14873188405797103 0.016228482003129898 0.18812801932367154
0 0.4746165884194053 0.4116908212560386 0.8931455399061033 0.7332125603864736