1 0.8996815286624203 0.05466830466830467 0.07961783439490445 0.011056511056511056
1 0.697452229299363 0.05405405405405406 0.10031847133757962 0.0085995085995086
1 0.6664012738853503 0.1468058968058968 0.014331210191082803 0.18304668304668303
1 0.6162420382165605 0.2321867321867322 0.11624203821656051 0.013513513513513514
1 0.6441082802547771 0.2641277641277641 0.01592356687898089 0.05896805896805897
1 0.6576433121019108 0.3071253071253071 0.020700636942675158 0.013513513513513514
1 0.7515923566878981 0.4090909090909091 0.01751592356687898 0.21744471744471744
1 0.5931528662420382 0.5110565110565111 0.06528662420382166 0.012285012285012284
1 0.7340764331210191 0.5122850122850123 0.030254777070063694 0.011056511056511056
1 0.6289808917197452 0.6388206388206388 0.01592356687898089 0.22604422604422605
1 0.660828025477707 0.7641277641277642 0.028662420382165606 0.012285012285012284
1 0.7507961783439491 0.7641277641277642 0.04617834394904458 0.012285012285012284
1 0.9140127388535032 0.7641277641277642 0.052547770700636945 0.012285012285012284
1 0.9570063694267515 0.7321867321867321 0.014331210191082803 0.03562653562653563
1 0.9578025477707006 0.5755528255528255 0.014331210191082803 0.09828009828009827
1 0.8757961783439491 0.5122850122850123 0.12738853503184713 0.013513513513513514
1 0.9578025477707006 0.49017199017199015 0.014331210191082803 0.0343980343980344
1 0.9570063694267515 0.4103194103194103 0.01592356687898089 0.08108108108108109
1 0.8535031847133758 0.4090909090909091 0.2054140127388535 0.011056511056511056
1 0.9578025477707006 0.32923832923832924 0.01592356687898089 0.036855036855036855
1 0.8773885350318471 0.30773955773955775 0.12420382165605096 0.009828009828009828
1 0.9578025477707006 0.26044226044226043 0.012738853503184714 0.06756756756756757
1 0.9570063694267515 0.10135135135135136 0.01592356687898089 0.06633906633906633
1 0.4609872611464968 0.5110565110565111 0.06528662420382166 0.012285012285012284
1 0.42436305732484075 0.6375921375921376 0.014331210191082803 0.22358722358722358
1 0.39331210191082805 0.7635135135135135 0.027070063694267517 0.012285012285012284
1 0.304140127388535 0.7647420147420148 0.041401273885350316 0.012285012285012284
1 0.1409235668789809 0.7641277641277642 0.054140127388535034 0.012285012285012284
1 0.09713375796178345 0.7321867321867321 0.014331210191082803 0.03562653562653563
1 0.0963375796178344 0.5749385749385749 0.01751592356687898 0.09950859950859951
1 0.22452229299363058 0.5116707616707616 0.22452229299363058 0.013513513513513514
1 0.09713375796178345 0.4797297297297297 0.01592356687898089 0.052825552825552825
1 0.09792993630573249 0.33783783783783783 0.020700636942675158 0.05528255528255528
1 0.21894904458598727 0.30773955773955775 0.21178343949044587 0.013513513513513514
1 0.0963375796178344 0.2592137592137592 0.01910828025477707 0.06633906633906633
1 0.41003184713375795 0.2641277641277641 0.01751592356687898 0.05896805896805897
1 0.0963375796178344 0.10135135135135136 0.01592356687898089 0.06511056511056511
1 0.15286624203821655 0.05405405405405406 0.08280254777070063 0.012285012285012284
1 0.35668789808917195 0.05343980343980344 0.10191082802547771 0.014742014742014743
1 0.3877388535031847 0.14803439803439802 0.01910828025477707 0.1855036855036855
1 0.4052547770700637 0.23095823095823095 0.05732484076433121 0.014742014742014743
1 0.49522292993630573 0.14250614250614252 0.01592356687898089 0.19164619164619165
0 0.5278662420382165 0.4103194103194103 0.9092356687898089 0.7457002457002457