1 0.07911392405063292 0.37713936430317846 0.15822784810126583 0.011002444987775062
1 0.15031645569620253 0.4156479217603912 0.01740506329113924 0.08924205378973105
1 0.19145569620253164 0.39425427872860636 0.0759493670886076 0.012224938875305624
1 0.2468354430379747 0.38386308068459657 0.01740506329113924 0.01589242053789731
1 0.37816455696202533 0.3117359413202934 0.2800632911392405 0.013447432762836185
1 0.509493670886076 0.43337408312958436 0.015822784810126583 0.05012224938875306
1 0.5110759493670886 0.3251833740831296 0.014240506329113924 0.023227383863080684
1 0.6740506329113924 0.4058679706601467 0.2911392405063291 0.012224938875305624
1 0.8354430379746836 0.38141809290953543 0.015822784810126583 0.022004889975550123
1 0.8354430379746836 0.31234718826405866 0.015822784810126583 0.035452322738386305
1 0.8354430379746836 0.18704156479217604 0.015822784810126583 0.040342298288508556
1 0.7943037974683544 0.15403422982885084 0.04588607594936709 0.011002444987775062
1 0.5925632911392406 0.15342298288508557 0.12658227848101267 0.011002444987775062
1 0.5110759493670886 0.21638141809290953 0.01740506329113924 0.097799511002445
1 0.4825949367088608 0.15342298288508557 0.04430379746835443 0.011002444987775062
1 0.379746835443038 0.15403422982885084 0.10443037974683544 0.012224938875305624
1 0.37816455696202533 0.2334963325183374 0.014240506329113924 0.15770171149144255
1 0.27531645569620256 0.15342298288508557 0.04746835443037975 0.012224938875305624
1 0.247626582278481 0.21515892420537897 0.012658227848101266 0.09535452322738386
1 0.18670886075949367 0.15342298288508557 0.08702531645569621 0.009779951100244499
1 0.011867088607594937 0.15403422982885084 0.023734177215189875 0.012224938875305624
1 0.509493670886076 0.534841075794621 0.015822784810126583 0.05012224938875306
1 0.6724683544303798 0.562958435207824 0.2879746835443038 0.011002444987775062
1 0.8346518987341772 0.58679706601467 0.015822784810126583 0.02078239608801956
1 0.8362341772151899 0.6552567237163814 0.015822784810126583 0.03178484107579462
1 0.8354430379746836 0.780562347188264 0.015822784810126583 0.04156479217603912
1 0.7943037974683544 0.8141809290953546 0.04588607594936709 0.011002444987775062
1 0.5917721518987342 0.8147921760391198 0.1281645569620253 0.013447432762836185
1 0.5102848101265823 0.7163814180929096 0.01740506329113924 0.17237163814180928
1 0.46914556962025317 0.8141809290953546 0.0680379746835443 0.012224938875305624
1 0.28639240506329117 0.8135696821515892 0.07120253164556962 0.01589242053789731
1 0.247626582278481 0.7206601466992665 0.01740506329113924 0.1625916870415648
1 0.185126582278481 0.8147921760391198 0.08544303797468354 0.014669926650366748
1 0.19145569620253164 0.573960880195599 0.0759493670886076 0.013447432762836185
1 0.011867088607594937 0.8141809290953546 0.023734177215189875 0.012224938875305624
1 0.08069620253164557 0.5904645476772616 0.16139240506329114 0.014669926650366748
1 0.14873417721518986 0.5776283618581907 0.0189873417721519 0.044009779951100246
1 0.07911392405063292 0.508557457212714 0.15822784810126583 0.012224938875305624
0 0.4295886075949367 0.4834963325183374 0.8591772151898734 0.6980440097799511