1 0.22997278911564625 0.13054662379421222 0.18043537414965988 0.013494105037513401
1 0.35209523809523813 0.13048231511254016 0.02744217687074828 0.014126473740621643
1 0.44670748299319724 0.13035369774919614 0.046272108843537406 0.01236870310825294
1 0.5114013605442177 0.13072883172561628 0.034938775510204016 0.012357984994640945
1 0.5817551020408163 0.13085744908896035 0.06653061224489792 0.012615219721329058
1 0.7139183673469388 0.13078242229367631 0.06790476190476194 0.012786709539121121
1 0.7547755102040816 0.17243301178992496 0.017034013605442152 0.0609324758842444
1 0.7556870748299319 0.28583065380493033 0.016925170068027285 0.0615434083601286
1 0.6495782312925169 0.32754555198285107 0.1965850340136054 0.013043944265809173
1 0.6097006802721089 0.34372990353697747 0.010775510204081577 0.021457663451232564
1 0.7551428571428571 0.3428724544480171 0.01778231292516998 0.018210075026795294
1 0.7548843537414966 0.392636655948553 0.016598639455782375 0.042357984994640926
1 0.676734693877551 0.3936655948553055 0.14333333333333328 0.007309753483386978
1 0.6128707482993196 0.42951768488745984 0.0144625850340136 0.06587352625937838
1 0.703374149659864 0.45540192926045014 0.08680272108843531 0.014394426580921705
1 0.7553061224489795 0.49465166130760985 0.01647619047619034 0.058017148981779204
1 0.7554965986394557 0.6040192926045016 0.016285714285714323 0.05756698821007507
1 0.7141496598639455 0.6430868167202572 0.06869387755102042 0.01296891747052509
1 0.581156462585034 0.6434297963558414 0.0677414965986394 0.013183279742765225
1 0.538952380952381 0.5486495176848875 0.016095238095238152 0.1672990353697749
1 0.49741496598639456 0.5129260450160772 0.0709931972789115 0.013494105037513433
1 0.5386394557823129 0.22188638799571272 0.017442176870748366 0.10770632368703106
1 0.4301904761904762 0.20137191854233655 0.21963265306122445 0.014222936763129669
1 0.32866666666666666 0.22754555198285104 0.01917006802721085 0.04138263665594857
1 0.4343673469387755 0.2590032154340836 0.08272108843537408 0.014372990353697776
1 0.3285170068027211 0.2947802786709539 0.018884353741496593 0.06481243301178996
1 0.20594557823129253 0.25445873526259377 0.13778231292517004 0.015498392282958177
1 0.12956462585034015 0.23191854233654877 0.016136054421768686 0.028317256162915343
1 0.1286938775510204 0.27751339764201505 0.017863945578231285 0.03163987138263664
1 0.12985034013605443 0.35942122186495173 0.020176870748299335 0.0285637727759914
1 0.22785034013605443 0.3840085744908896 0.17986394557823127 0.01438370846730971
1 0.2849251700680272 0.40434083601286175 0.010380952380952374 0.029163987138263705
1 0.12919727891156463 0.40080385852090034 0.018013605442176884 0.020718113612004332
1 0.13 0.4394105037513398 0.017006802721088437 0.02028938906752406
1 0.22691156462585035 0.45509110396570207 0.17885714285714283 0.013483386923901438
1 0.13020408163265307 0.49536977491961415 0.01829931972789114 0.05931404072883176
1 0.13020408163265307 0.6043729903536977 0.01657142857142858 0.0579742765273311
1 0.16703401360544218 0.6434941050375134 0.058217687074829924 0.012915326902465118
1 0.2911156462585034 0.6433226152197213 0.06081632653061223 0.01460878885316196
1 0.32816326530612244 0.5695284030010718 0.015564625850340134 0.1265702036441586
1 0.37131972789115647 0.512668810289389 0.06989115646258504 0.01353697749196141
1 0.3538775510204082 0.6429903536977492 0.03502040816326532 0.01191854233654865
1 0.45563265306122447 0.6423043944265809 0.038761904761904775 0.012583065380493043
1 0.42759183673469386 0.16518756698821008 0.009714285714285696 0.0587459807073955
1 0.3255918367346939 0.15113612004287244 0.0125986394557823 0.027609860664523034
1 0.1298095238095238 0.1507931404072883 0.018149659863945584 0.02894962486602357
0 0.44009523809523815 0.4621650589496249 0.6646802721088435 0.6954019292604501