1 0.9907670454545454 0.27237136465324385 0.018465909090909092 0.1487695749440716
1 0.9914772727272727 0.37360178970917224 0.017045454545454544 0.02237136465324385
1 0.9914772727272727 0.4507829977628635 0.017045454545454544 0.03803131991051454
1 0.9914772727272727 0.5044742729306487 0.017045454545454544 0.029082774049217
1 0.9914772727272727 0.5620805369127517 0.017045454545454544 0.05480984340044743
1 0.9914772727272727 0.6705816554809844 0.017045454545454544 0.05592841163310962
1 0.9360795454545454 0.7046979865771812 0.08096590909090909 0.0145413870246085
1 0.7862215909090909 0.7052572706935123 0.08096590909090909 0.013422818791946308
1 0.7308238636363636 0.6180089485458613 0.017045454545454544 0.1610738255033557
1 0.7095170454545454 0.5850111856823266 0.028409090909090908 0.008948545861297539
1 0.7102272727272727 0.7046979865771812 0.024147727272727272 0.0145413870246085
1 0.6441761363636364 0.7046979865771812 0.056818181818181816 0.013422818791946308
1 0.6427556818181818 0.6403803131991052 0.009943181818181818 0.1174496644295302
1 0.5958806818181818 0.5878076062639821 0.08664772727272728 0.012304250559284116
1 0.5610795454545454 0.6621923937360179 0.018465909090909092 0.07158836689038031
1 0.5092329545454546 0.7046979865771812 0.07670454545454546 0.013422818791946308
1 0.3643465909090909 0.7052572706935123 0.07670454545454546 0.013422818791946308
1 0.3125 0.6711409395973155 0.017045454545454544 0.05592841163310962
1 0.3117897727272727 0.5615212527964206 0.017045454545454544 0.05592841163310962
1 0.4375 0.5268456375838926 0.2215909090909091 0.013422818791946308
1 0.4850852272727273 0.49272930648769575 0.018465909090909092 0.058165548098434
1 0.8707386363636364 0.5268456375838926 0.14204545454545456 0.0145413870246085
1 0.8977272727272727 0.4373601789709172 0.018465909090909092 0.18008948545861297
1 0.8629261363636364 0.3540268456375839 0.05539772727272727 0.015659955257270694
1 0.8217329545454546 0.4412751677852349 0.018465909090909092 0.06823266219239374
1 0.7741477272727273 0.3540268456375839 0.08522727272727272 0.015659955257270694
1 0.8274147727272727 0.2533557046979866 0.019886363636363636 0.11297539149888143
1 0.8572443181818182 0.19015659955257272 0.036931818181818184 0.013422818791946308
1 0.796875 0.18959731543624161 0.04261363636363636 0.0145413870246085
1 0.6882102272727273 0.1907158836689038 0.03835227272727273 0.016778523489932886
1 0.6555397727272727 0.27125279642058164 0.018465909090909092 0.1476510067114094
1 0.6292613636363636 0.3182326621923937 0.03835227272727273 0.008948545861297539
1 0.6335227272727273 0.19015659955257272 0.026988636363636364 0.0145413870246085
1 0.5823863636363636 0.1907158836689038 0.026988636363636364 0.013422818791946308
1 0.5617897727272727 0.27069351230425054 0.018465909090909092 0.1465324384787472
1 0.5085227272727273 0.1907158836689038 0.078125 0.0145413870246085
1 0.36363636363636365 0.1907158836689038 0.07670454545454546 0.013422818791946308
1 0.3117897727272727 0.2214765100671141 0.017045454545454544 0.04809843400447427
1 0.3125 0.3232662192393736 0.019886363636363636 0.050335570469798654
1 0.40980113636363635 0.3534675615212528 0.16761363636363635 0.012304250559284116
1 0.4850852272727273 0.38926174496644295 0.018465909090909092 0.05704697986577181
1 0.3125 0.37472035794183445 0.015625 0.029082774049217
1 0.3132102272727273 0.45861297539149887 0.017045454545454544 0.03131991051454139
1 0.9460227272727273 0.4356823266219239 0.078125 0.007829977628635347
1 0.9644886363636364 0.3517897091722595 0.036931818181818184 0.010067114093959731
1 0.9651988636363636 0.1907158836689038 0.03835227272727273 0.0145413870246085
0 0.5454545454545454 0.4457494407158837 0.9090909090909091 0.5469798657718121