1 0.8114035087719298 0.1206896551724138 0.19444444444444445 0.014942528735632184
1 0.6798245614035088 0.12011494252873563 0.029239766081871343 0.014942528735632184
1 0.5782163742690059 0.12011494252873563 0.049707602339181284 0.013793103448275862
1 0.5087719298245614 0.1206896551724138 0.038011695906432746 0.013793103448275862
1 0.4334795321637427 0.1206896551724138 0.07163742690058479 0.013793103448275862
1 0.2916666666666667 0.1206896551724138 0.07309941520467836 0.013793103448275862
1 0.24707602339181287 0.16551724137931034 0.019005847953216373 0.06551724137931035
1 0.2463450292397661 0.2867816091954023 0.017543859649122806 0.06551724137931035
1 0.3603801169590643 0.33160919540229883 0.21052631578947367 0.013793103448275862
1 0.40350877192982454 0.3488505747126437 0.011695906432748537 0.022988505747126436
1 0.24707602339181287 0.3482758620689655 0.019005847953216373 0.01954022988505747
1 0.24707602339181287 0.4017241379310345 0.017543859649122806 0.04597701149425287
1 0.33114035087719296 0.4028735632183908 0.15350877192982457 0.008045977011494253
1 0.39985380116959063 0.44080459770114944 0.01608187134502924 0.07011494252873564
1 0.3026315789473684 0.4689655172413793 0.0935672514619883 0.014942528735632184
1 0.24707602339181287 0.5109195402298851 0.017543859649122806 0.06206896551724138
1 0.2463450292397661 0.6281609195402299 0.017543859649122806 0.06206896551724138
1 0.2909356725146199 0.6701149425287356 0.07309941520467836 0.013793103448275862
1 0.4342105263157895 0.6706896551724137 0.07309941520467836 0.013793103448275862
1 0.47953216374269003 0.5689655172413793 0.017543859649122806 0.1793103448275862
1 0.5241228070175439 0.5304597701149425 0.07602339181286549 0.014942528735632184
1 0.47953216374269003 0.21839080459770116 0.019005847953216373 0.11494252873563218
1 0.5964912280701754 0.19655172413793104 0.23538011695906433 0.014942528735632184
1 0.7054093567251462 0.2247126436781609 0.02046783625730994 0.04482758620689655
1 0.591374269005848 0.25804597701149423 0.0891812865497076 0.014942528735632184
1 0.7054093567251462 0.296551724137931 0.02046783625730994 0.06896551724137931
1 0.8369883040935673 0.253448275862069 0.1476608187134503 0.016091954022988506
1 0.9195906432748538 0.2293103448275862 0.017543859649122806 0.029885057471264367
1 0.9203216374269005 0.27816091954022987 0.019005847953216373 0.034482758620689655
1 0.918859649122807 0.3660919540229885 0.021929824561403508 0.03103448275862069
1 0.8135964912280702 0.39252873563218393 0.19298245614035087 0.014942528735632184
1 0.7521929824561403 0.41379310344827586 0.011695906432748537 0.03103448275862069
1 0.9195906432748538 0.4103448275862069 0.019005847953216373 0.021839080459770115
1 0.918859649122807 0.4517241379310345 0.017543859649122806 0.021839080459770115
1 0.814327485380117 0.46839080459770116 0.1915204678362573 0.014942528735632184
1 0.918859649122807 0.5114942528735632 0.019005847953216373 0.06321839080459771
1 0.918859649122807 0.628735632183908 0.017543859649122806 0.06206896551724138
1 0.8786549707602339 0.6706896551724137 0.06286549707602339 0.013793103448275862
1 0.7456140350877193 0.6701149425287356 0.06578947368421052 0.016091954022988506
1 0.706140350877193 0.5913793103448276 0.01608187134502924 0.135632183908046
1 0.6593567251461988 0.5304597701149425 0.07456140350877193 0.014942528735632184
1 0.6783625730994152 0.6701149425287356 0.038011695906432746 0.01264367816091954
1 0.5687134502923976 0.6695402298850575 0.04093567251461988 0.013793103448275862
1 0.5986842105263158 0.15747126436781608 0.01023391812865497 0.06321839080459771
1 0.7083333333333334 0.1425287356321839 0.013157894736842105 0.029885057471264367
1 0.918859649122807 0.14195402298850573 0.019005847953216373 0.03103448275862069
0 0.5855263157894737 0.47586206896551725 0.7149122807017544 0.7459770114942529