0 0.8796875 0.915625 0.040625 0.028125
0 0.1234375 0.92421875 0.04375 0.028125
0 0.8796875 0.6953125 0.034375 0.025
0 0.121875 0.70078125 0.04375 0.028125
0 0.890625 0.240625 0.0375 0.025
0 0.40078125 0.009375 0.04375 0.01875
0 0.090625 0.009375 0.046875 0.01875
0 0.40625 0.24375 0.040625 0.025
0 0.103125 0.24453125 0.04375 0.028125
0 0.89921875 0.0109375 0.040625 0.021875
0 0.70078125 0.009375 0.0375 0.01875
0 0.696875 0.2421875 0.0453125 0.0265625
0 0.41015625 0.453125 0.0375 0.028125
0 0.1171875 0.45625 0.0390625 0.03125
0 0.41171875 0.69609375 0.040625 0.025
0 0.58984375 0.696875 0.0375 0.025
0 0.8828125 0.5453125 0.03125 0.0234375
0 0.58359375 0.5421875 0.034375 0.025
0 0.5921875 0.9171875 0.040625 0.025
0 0.41640625 0.91953125 0.034375 0.025