0 0.15 0.9125 0.0375 0.028125
0 0.8671875 0.92109375 0.0421875 0.025
0 0.15 0.703125 0.034375 0.0234375
0 0.86875 0.7078125 0.040625 0.0265625
0 0.13984375 0.27109375 0.0359375 0.025
0 0.6046875 0.04609375 0.040625 0.028125
0 0.8984375 0.04375 0.0453125 0.03125
0 0.59921875 0.27421875 0.0375 0.025
0 0.8859375 0.27421875 0.0421875 0.0265625
0 0.13203125 0.04765625 0.0375 0.028125
0 0.3203125 0.046875 0.0375 0.025
0 0.3234375 0.27265625 0.04375 0.025
0 0.5953125 0.4734375 0.0375 0.0265625
0 0.87265625 0.47578125 0.0375 0.028125
0 0.59375 0.70390625 0.0375 0.0234375
0 0.425 0.7046875 0.0359375 0.025
0 0.146875 0.5609375 0.0296875 0.021875
0 0.43046875 0.5578125 0.034375 0.021875
0 0.42265625 0.9140625 0.0375 0.021875
0 0.5890625 0.915625 0.0328125 0.0234375