0 0.05859375 0.0453125 0.01875 0.0203125
0 0.0578125 0.2453125 0.01875 0.025
0 0.0578125 0.44140625 0.0171875 0.025
0 0.05859375 0.53046875 0.01875 0.021875
0 0.0578125 0.73125 0.021875 0.025
0 0.05703125 0.92578125 0.01875 0.0234375
0 0.221875 0.92578125 0.01875 0.025
0 0.22109375 0.73203125 0.01875 0.021875
0 0.2234375 0.53046875 0.01875 0.0234375
0 0.221875 0.440625 0.01875 0.021875
0 0.221875 0.2453125 0.01875 0.025
0 0.22109375 0.04609375 0.01875 0.021875
0 0.3984375 0.04453125 0.0171875 0.0234375
0 0.56015625 0.04453125 0.01875 0.021875
0 0.559375 0.296875 0.01875 0.025
0 0.3984375 0.29609375 0.0203125 0.0234375
0 0.3984375 0.440625 0.01875 0.0203125
0 0.39921875 0.53125 0.01875 0.025
0 0.3984375 0.78203125 0.0171875 0.025
0 0.3984375 0.92734375 0.01875 0.025
0 0.55859375 0.92734375 0.01875 0.021875
0 0.5578125 0.78359375 0.021875 0.0234375
0 0.56015625 0.53125 0.01875 0.0234375
0 0.559375 0.44296875 0.01875 0.025