0 0.05859375 0.01796875 0.01875 0.021875
0 0.0578125 0.22265625 0.0203125 0.025
0 0.0578125 0.42421875 0.01875 0.025
0 0.0578125 0.515625 0.01875 0.021875
0 0.0578125 0.721875 0.021875 0.025
0 0.05703125 0.921875 0.01875 0.025
0 0.2265625 0.921875 0.01875 0.025
0 0.225 0.721875 0.0203125 0.021875
0 0.22734375 0.51640625 0.01875 0.025
0 0.22578125 0.42421875 0.01875 0.0234375
0 0.22578125 0.2234375 0.01875 0.025
0 0.22578125 0.01875 0.01875 0.021875
0 0.40703125 0.0171875 0.01875 0.025
0 0.57265625 0.0171875 0.01875 0.0234375
0 0.571875 0.27578125 0.01875 0.025
0 0.40703125 0.27578125 0.0203125 0.0234375
0 0.40703125 0.42421875 0.01875 0.021875
0 0.4078125 0.51640625 0.01875 0.025
0 0.40703125 0.7734375 0.01875 0.0265625
0 0.40703125 0.92265625 0.01875 0.025
0 0.57109375 0.9234375 0.01875 0.021875
0 0.5703125 0.775 0.021875 0.0234375
0 0.57265625 0.51640625 0.0203125 0.025
0 0.571875 0.4265625 0.01875 0.025