0 0.06015625 0.04765625 0.01875 0.0203125
0 0.059375 0.2453125 0.01953125 0.02421875
0 0.059375 0.4390625 0.0171875 0.02421875
0 0.059375 0.52734375 0.01875 0.021875
0 0.05859375 0.7265625 0.02109375 0.025
0 0.05859375 0.91953125 0.01796875 0.0234375
0 0.22265625 0.91953125 0.01875 0.02421875
0 0.221875 0.7265625 0.01953125 0.021875
0 0.2234375 0.528125 0.01875 0.0234375
0 0.221875 0.4390625 0.01875 0.02265625
0 0.221875 0.24609375 0.01796875 0.0234375
0 0.221875 0.04765625 0.01796875 0.02109375
0 0.39765625 0.046875 0.01796875 0.0234375
0 0.5578125 0.046875 0.01953125 0.02265625
0 0.55703125 0.29609375 0.01796875 0.0234375
0 0.39765625 0.29609375 0.01953125 0.02265625
0 0.39765625 0.4390625 0.01953125 0.0203125
0 0.3984375 0.52890625 0.01875 0.0234375
0 0.39765625 0.7765625 0.01796875 0.025
0 0.39765625 0.9203125 0.01796875 0.0234375
0 0.55703125 0.92109375 0.01796875 0.021875
0 0.55546875 0.778125 0.02109375 0.02265625
0 0.5578125 0.528125 0.01953125 0.0234375
0 0.55703125 0.44140625 0.01953125 0.0234375