0 0.07890625 0.03671875 0.04140625 0.03046875
0 0.46875 0.03671875 0.03828125 0.0328125
0 0.8546875 0.0359375 0.03984375 0.0296875
0 0.853125 0.2828125 0.0390625 0.02890625
0 0.85390625 0.50859375 0.03828125 0.03046875
0 0.93359375 0.6828125 0.03515625 0.03046875
0 0.47109375 0.68359375 0.03671875 0.02890625
0 0.078125 0.6828125 0.03828125 0.0296875
0 0.078125 0.50703125 0.03671875 0.028125
0 0.08046875 0.28359375 0.0421875 0.02734375
0 0.46953125 0.284375 0.03671875 0.0328125
0 0.46875 0.50703125 0.03828125 0.02734375