0 0.9875 0.06796875 0.025 0.0421875
0 0.9921875 0.45546875 0.015625 0.05
0 0.89375 0.46328125 0.025 0.0375
0 0.89453125 0.065625 0.025 0.040625
0 0.98671875 0.8359375 0.0265625 0.040625
0 0.7484375 0.83203125 0.0375 0.04375
0 0.6015625 0.4546875 0.0234375 0.0515625
0 0.6046875 0.06328125 0.0328125 0.040625
0 0.44140625 0.515625 0.03125 0.040625
0 0.4484375 0.834375 0.03125 0.040625
0 0.19765625 0.82578125 0.021875 0.05
0 0.196875 0.521875 0.025 0.046875
0 0.2015625 0.06484375 0.034375 0.040625
0 0.0234375 0.0625 0.034375 0.034375
0 0.02109375 0.5203125 0.025 0.05
0 0.0234375 0.83125 0.03125 0.0421875