0 0.93828125 0.88671875 0.028125 0.0375
0 0.93984375 0.54921875 0.0296875 0.046875
0 0.94375 0.3484375 0.034375 0.0515625
0 0.94609375 0.1265625 0.0375 0.04375
0 0.79375 0.115625 0.0328125 0.040625
0 0.7890625 0.34453125 0.0328125 0.04375
0 0.7234375 0.54296875 0.034375 0.04375
0 0.7265625 0.8875 0.03125 0.04375
0 0.61171875 0.88828125 0.0359375 0.05
0 0.61015625 0.54609375 0.0328125 0.0375
0 0.54609375 0.396875 0.03125 0.04375
0 0.54921875 0.10546875 0.03125 0.0421875
0 0.378125 0.10234375 0.0421875 0.046875
0 0.37265625 0.3921875 0.0359375 0.046875
0 0.3765625 0.5375 0.034375 0.0515625
0 0.3703125 0.88828125 0.0390625 0.05
0 0.0765625 0.88671875 0.034375 0.059375
0 0.08203125 0.53515625 0.034375 0.04375
0 0.08203125 0.384375 0.034375 0.05625
0 0.08359375 0.09765625 0.0375 0.0578125