0 0.9875 0.9328125 0.025 0.04375
0 0.99296875 0.540625 0.0140625 0.05
0 0.89375 0.534375 0.025 0.0375
0 0.89453125 0.934375 0.025 0.040625
0 0.98671875 0.15859375 0.025 0.040625
0 0.74765625 0.16328125 0.0375 0.04375
0 0.6 0.5421875 0.0234375 0.0515625
0 0.603125 0.93671875 0.0328125 0.040625
0 0.4390625 0.48125 0.03125 0.040625
0 0.44609375 0.1609375 0.0328125 0.040625
0 0.19375 0.16875 0.021875 0.05
0 0.19296875 0.475 0.025 0.046875
0 0.1984375 0.93515625 0.034375 0.040625
0 0.01875 0.93671875 0.034375 0.034375
0 0.01640625 0.4765625 0.025 0.05
0 0.01953125 0.16328125 0.03125 0.0421875