0 0.88203125 0.0578125 0.03984375 0.03046875
0 0.51484375 0.053125 0.04765625 0.0203125
0 0.5078125 0.1484375 0.03515625 0.0234375
0 0.8828125 0.14765625 0.03828125 0.02265625
0 0.15703125 0.0578125 0.03828125 0.03125
0 0.16015625 0.2859375 0.040625 0.034375
0 0.515625 0.4234375 0.0484375 0.021875
0 0.884375 0.42109375 0.03828125 0.03125
0 0.4578125 0.57421875 0.03828125 0.02890625
0 0.1578125 0.56796875 0.03828125 0.03046875
0 0.165625 0.8046875 0.04765625 0.02109375
0 0.4515625 0.80546875 0.04453125 0.0234375
0 0.88359375 0.80078125 0.0375 0.03125
0 0.88515625 0.96875 0.0328125 0.03203125
0 0.453125 0.97109375 0.046875 0.02265625
0 0.16015625 0.96796875 0.03984375 0.0296875