0 0.94609375 0.1171875 0.028125 0.0375
0 0.94765625 0.45234375 0.028125 0.0453125
0 0.9515625 0.6515625 0.034375 0.0515625
0 0.9546875 0.87265625 0.0375 0.04375
0 0.80234375 0.88359375 0.03125 0.040625
0 0.79765625 0.65546875 0.03125 0.04375
0 0.73203125 0.45859375 0.034375 0.04375
0 0.7359375 0.11640625 0.03125 0.04375
0 0.62109375 0.115625 0.034375 0.05
0 0.61953125 0.45625 0.0328125 0.0375
0 0.55625 0.60390625 0.03125 0.04375
0 0.55859375 0.89375 0.03125 0.040625
0 0.38828125 0.896875 0.040625 0.0484375
0 0.38359375 0.60859375 0.0359375 0.046875
0 0.38671875 0.46484375 0.0328125 0.0515625
0 0.38046875 0.115625 0.0390625 0.05
0 0.08828125 0.1171875 0.0328125 0.059375
0 0.09375 0.46640625 0.034375 0.04375
0 0.09375 0.61640625 0.034375 0.0546875
0 0.0953125 0.9015625 0.0375 0.0578125