0 0.946875 0.05234375 0.034375 0.0265625
0 0.68046875 0.05234375 0.03125 0.03125
0 0.3671875 0.05078125 0.03125 0.028125
0 0.00859375 0.05 0.0171875 0.028125
0 0.009375 0.38671875 0.01875 0.0296875
0 0.365625 0.3890625 0.034375 0.0265625
0 0.00859375 0.59765625 0.0171875 0.025
0 0.31484375 0.6 0.040625 0.03125
0 0.31484375 0.7125 0.03125 0.028125
0 0.009375 0.8921875 0.01875 0.0296875
0 0.315625 0.890625 0.034375 0.03125
0 0.68125 0.88984375 0.0296875 0.028125
0 0.68125 0.7125 0.03125 0.028125
0 0.94765625 0.71328125 0.028125 0.03125
0 0.95 0.8890625 0.03125 0.028125
0 0.946875 0.390625 0.034375 0.03125
0 0.6828125 0.3921875 0.0359375 0.0375