0 0.93828125 0.07265625 0.025 0.03125
0 0.93828125 0.3234375 0.0296875 0.03125
0 0.9390625 0.61796875 0.028125 0.03125
0 0.9390625 0.9640625 0.028125 0.0296875
0 0.62109375 0.96328125 0.028125 0.034375
0 0.6203125 0.61953125 0.025 0.034375
0 0.42265625 0.96328125 0.0234375 0.0296875
0 0.4203125 0.6671875 0.028125 0.0390625
0 0.3140625 0.6671875 0.0265625 0.0296875
0 0.14453125 0.9640625 0.028125 0.0328125
0 0.146875 0.6671875 0.03125 0.0328125
0 0.14765625 0.321875 0.025 0.028125
0 0.31484375 0.32265625 0.028125 0.028125
0 0.3140625 0.07109375 0.0296875 0.028125
0 0.1484375 0.06875 0.0265625 0.0296875
0 0.61796875 0.071875 0.028125 0.0328125
0 0.6171875 0.32109375 0.034375 0.034375