0 0.07421875 0.0640625 0.03125 0.02421875
0 0.32265625 0.0640625 0.0296875 0.0296875
0 0.6140625 0.0625 0.03046875 0.0265625
0 0.95625 0.0625 0.02890625 0.02734375
0 0.95546875 0.3765625 0.0328125 0.02734375
0 0.615625 0.37734375 0.0328125 0.025
0 0.95546875 0.57265625 0.0296875 0.0234375
0 0.6625 0.575 0.0390625 0.02890625
0 0.66328125 0.6796875 0.02890625 0.02578125
0 0.95625 0.84765625 0.03203125 0.02890625
0 0.6625 0.8453125 0.03125 0.03046875
0 0.32109375 0.84453125 0.02734375 0.02578125
0 0.321875 0.67890625 0.02890625 0.02734375
0 0.07265625 0.68046875 0.0265625 0.02890625
0 0.07109375 0.84375 0.0296875 0.02578125
0 0.07421875 0.3796875 0.03203125 0.02890625
0 0.3203125 0.38046875 0.03359375 0.034375