0 0.1421875 0.83046875 0.053125 0.03125
0 0.496875 0.83046875 0.05625 0.034375
0 0.8578125 0.8375 0.0625 0.03125
0 0.14453125 0.6921875 0.05625 0.03125
0 0.4890625 0.6328125 0.059375 0.034375
0 0.8578125 0.63671875 0.059375 0.03125
0 0.14765625 0.46640625 0.053125 0.0234375
0 0.49609375 0.43984375 0.0484375 0.03125
0 0.85859375 0.4390625 0.0453125 0.025
0 0.15 0.37734375 0.059375 0.025
0 0.1453125 0.22890625 0.053125 0.0265625
0 0.49375 0.225 0.04375 0.025
0 0.86328125 0.2234375 0.053125 0.03125