0 0.11953125 0.1203125 0.0515625 0.02265625
0 0.4765625 0.11953125 0.0453125 0.01875
0 0.834375 0.11953125 0.05078125 0.02109375
0 0.84296875 0.35546875 0.0375 0.03125
0 0.5015625 0.36015625 0.05390625 0.021875
0 0.48203125 0.2953125 0.034375 0.0265625
0 0.1140625 0.29296875 0.034375 0.02734375
0 0.11328125 0.50625 0.03125 0.0234375
0 0.37421875 0.5078125 0.04453125 0.0203125
0 0.49296875 0.62109375 0.03515625 0.0296875
0 0.83984375 0.6203125 0.034375 0.028125
0 0.11328125 0.66875 0.034375 0.03203125
0 0.378125 0.67265625 0.046875 0.02265625
0 0.1171875 0.82734375 0.04453125 0.021875
0 0.375 0.82734375 0.04140625 0.021875
0 0.6671875 0.82890625 0.04921875 0.01875