0 0.9109375 0.1234375 0.025 0.0546875
0 0.91171875 0.49921875 0.0203125 0.0484375
0 0.91171875 0.8765625 0.021875 0.053125
0 0.6625 0.8859375 0.0328125 0.0390625
0 0.6578125 0.52578125 0.0234375 0.05625
0 0.7265625 0.5046875 0.028125 0.0359375
0 0.72890625 0.11796875 0.028125 0.0375
0 0.50390625 0.1171875 0.025 0.0328125
0 0.50234375 0.39140625 0.021875 0.046875
0 0.3828125 0.5171875 0.03125 0.0375
0 0.38359375 0.88203125 0.028125 0.0359375
0 0.33203125 0.11640625 0.034375 0.0375
0 0.328125 0.3953125 0.025 0.05
0 0.16484375 0.12109375 0.021875 0.046875
0 0.16484375 0.39296875 0.0234375 0.04375
0 0.16328125 0.7 0.0203125 0.053125