0 0.06015625 0.05234375 0.05 0.0328125
0 0.36796875 0.05 0.0515625 0.0328125
0 0.55703125 0.05 0.04375 0.0375
0 0.86171875 0.040625 0.05 0.0359375
0 0.06171875 0.29921875 0.046875 0.0328125
0 0.36875 0.29609375 0.046875 0.034375
0 0.571875 0.2921875 0.05 0.0390625
0 0.878125 0.28828125 0.05 0.0390625
0 0.06171875 0.45859375 0.053125 0.028125
0 0.36875 0.45546875 0.059375 0.03125
0 0.68203125 0.49609375 0.0453125 0.034375
0 0.88125 0.49765625 0.0546875 0.03125
0 0.3796875 0.71796875 0.04375 0.028125
0 0.05859375 0.7203125 0.04375 0.0328125
0 0.68984375 0.77421875 0.040625 0.03125
0 0.89921875 0.76953125 0.04375 0.0375
0 0.90859375 0.99296875 0.0453125 0.0140625
0 0.70078125 0.99296875 0.0453125 0.0140625
0 0.37734375 0.99296875 0.0578125 0.0140625
0 0.05234375 0.99453125 0.0484375 0.0109375