0 0.1125 0.88359375 0.053125 0.0234375
0 0.4734375 0.884375 0.046875 0.01875
0 0.83515625 0.88359375 0.0515625 0.021875
0 0.84375 0.6453125 0.0375 0.03125
0 0.4984375 0.640625 0.0546875 0.021875
0 0.47890625 0.70625 0.034375 0.0265625
0 0.10703125 0.70859375 0.034375 0.028125
0 0.10703125 0.49296875 0.03125 0.0234375
0 0.3703125 0.49140625 0.04375 0.0203125
0 0.490625 0.3765625 0.0359375 0.0296875
0 0.840625 0.378125 0.034375 0.028125
0 0.10625 0.328125 0.034375 0.03125
0 0.3734375 0.32421875 0.0484375 0.021875
0 0.11015625 0.16796875 0.0453125 0.021875
0 0.37109375 0.16796875 0.0421875 0.021875
0 0.66640625 0.16640625 0.05 0.01875