0 0.134375 0.946875 0.0484375 0.03125
0 0.42890625 0.9484375 0.05 0.03125
0 0.61015625 0.94921875 0.0421875 0.0375
0 0.9015625 0.9578125 0.0484375 0.034375
0 0.13515625 0.709375 0.04375 0.03125
0 0.4296875 0.7125 0.04375 0.03125
0 0.62421875 0.71640625 0.0484375 0.0375
0 0.9171875 0.7203125 0.05 0.0375
0 0.13515625 0.55625 0.05 0.028125
0 0.4296875 0.559375 0.05625 0.0296875
0 0.7296875 0.5203125 0.04375 0.0328125
0 0.9203125 0.51953125 0.053125 0.028125
0 0.43984375 0.30703125 0.04375 0.028125
0 0.1328125 0.30546875 0.040625 0.03125
0 0.73671875 0.253125 0.0375 0.0296875
0 0.93828125 0.2578125 0.04375 0.034375
0 0.94765625 0.034375 0.04375 0.028125
0 0.74921875 0.03359375 0.04375 0.028125
0 0.43828125 0.03203125 0.0546875 0.0375
0 0.1265625 0.02734375 0.046875 0.0375