0 0.1140625 0.08046875 0.0328125 0.0328125
0 0.41171875 0.08046875 0.03125 0.03203125
0 0.63203125 0.08125 0.0328125 0.03359375
0 0.95078125 0.08046875 0.028125 0.0328125
0 0.9515625 0.334375 0.0296875 0.03359375
0 0.63046875 0.33671875 0.03203125 0.03359375
0 0.41328125 0.334375 0.03046875 0.0328125
0 0.1140625 0.3328125 0.03046875 0.03125
0 0.11484375 0.540625 0.03203125 0.03046875
0 0.39765625 0.53984375 0.03046875 0.03203125
0 0.65546875 0.5421875 0.03671875 0.034375
0 0.95078125 0.54140625 0.03125 0.03359375
0 0.65234375 0.81796875 0.0296875 0.0265625
0 0.39609375 0.81953125 0.034375 0.02578125
0 0.11328125 0.81953125 0.02890625 0.03125