0 0.9546875 0.91015625 0.034375 0.0359375
0 0.9546875 0.58984375 0.034375 0.034375
0 0.95390625 0.353125 0.0359375 0.034375
0 0.95546875 0.01328125 0.034375 0.0265625
0 0.68359375 0.01328125 0.0375 0.0265625
0 0.68046875 0.3546875 0.0359375 0.034375
0 0.68203125 0.58828125 0.034375 0.0328125
0 0.68359375 0.909375 0.034375 0.0328125
0 0.4609375 0.90859375 0.0328125 0.034375
0 0.46171875 0.6046875 0.034375 0.0328125
0 0.459375 0.32734375 0.0375 0.0390625
0 0.4609375 0.0140625 0.0375 0.028125
0 0.1640625 0.33125 0.028125 0.03125
0 0.16171875 0.60625 0.028125 0.0375
0 0.16171875 0.91015625 0.0328125 0.03125