0 0.95234375 0.93125 0.04375 0.0359375
0 0.634375 0.93125 0.0359375 0.040625
0 0.37890625 0.93203125 0.040625 0.0375
0 0.0609375 0.93203125 0.0375 0.040625
0 0.0609375 0.6328125 0.04375 0.034375
0 0.37890625 0.63046875 0.046875 0.0375
0 0.06328125 0.3609375 0.0375 0.03125
0 0.3765625 0.359375 0.034375 0.0375
0 0.06328125 0.06015625 0.0359375 0.034375
0 0.37734375 0.06015625 0.040625 0.03125
0 0.63671875 0.0609375 0.0328125 0.0296875
0 0.6359375 0.359375 0.0375 0.0375
0 0.9515625 0.359375 0.040625 0.0375
0 0.953125 0.0625 0.0359375 0.0328125
0 0.63828125 0.63203125 0.0359375 0.028125
0 0.95234375 0.63359375 0.040625 0.0328125