0 0.92734375 0.06875 0.04375 0.034375
0 0.61640625 0.06875 0.034375 0.0390625
0 0.36640625 0.06796875 0.040625 0.0375
0 0.0546875 0.06796875 0.0359375 0.0390625
0 0.05546875 0.3609375 0.04375 0.0328125
0 0.365625 0.36328125 0.0453125 0.0359375
0 0.05703125 0.62734375 0.0375 0.03125
0 0.36328125 0.62890625 0.034375 0.0359375
0 0.05703125 0.921875 0.0359375 0.034375
0 0.3640625 0.921875 0.040625 0.03125
0 0.61875 0.92109375 0.03125 0.028125
0 0.6171875 0.62890625 0.0375 0.0359375
0 0.92578125 0.62890625 0.040625 0.0359375
0 0.928125 0.91953125 0.034375 0.03125
0 0.61953125 0.3625 0.034375 0.028125
0 0.9265625 0.36015625 0.040625 0.03125