0 0.0734375 0.071875 0.04375 0.03515625
0 0.38125 0.071875 0.03515625 0.03828125
0 0.62890625 0.071875 0.03984375 0.0359375
0 0.93671875 0.07109375 0.0359375 0.03828125
0 0.9359375 0.3609375 0.0421875 0.0328125
0 0.62890625 0.36328125 0.04453125 0.0359375
0 0.934375 0.62421875 0.03671875 0.0296875
0 0.63125 0.6265625 0.034375 0.03515625
0 0.934375 0.915625 0.034375 0.034375
0 0.63046875 0.915625 0.03984375 0.03046875
0 0.37890625 0.91484375 0.03203125 0.02890625
0 0.38046875 0.6265625 0.03671875 0.03515625
0 0.075 0.62578125 0.040625 0.03515625
0 0.07265625 0.91328125 0.03515625 0.03203125
0 0.37734375 0.3625 0.03515625 0.028125
0 0.07421875 0.36015625 0.0390625 0.03203125