0 0.90078125 0.78125 0.03125 0.028125
0 0.90234375 0.5453125 0.0234375 0.0375
0 0.9015625 0.1953125 0.025 0.0328125
0 0.6890625 0.1921875 0.028125 0.03125
0 0.68046875 0.37265625 0.03125 0.0328125
0 0.6828125 0.63046875 0.028125 0.0328125
0 0.68203125 0.78359375 0.03125 0.034375
0 0.371875 0.78125 0.028125 0.03125
0 0.3734375 0.6265625 0.028125 0.028125
0 0.21171875 0.62578125 0.028125 0.028125
0 0.2125 0.78125 0.028125 0.028125
0 0.21171875 0.3734375 0.028125 0.028125
0 0.28671875 0.19296875 0.028125 0.028125
0 0.43046875 0.37265625 0.028125 0.0296875
0 0.47421875 0.19140625 0.028125 0.028125