0 0.10625 0.753125 0.03125 0.028125
0 0.1046875 0.515625 0.0234375 0.0375
0 0.10546875 0.16328125 0.025 0.034375
0 0.31953125 0.16015625 0.028125 0.03125
0 0.32734375 0.34140625 0.03125 0.034375
0 0.325 0.6015625 0.028125 0.0328125
0 0.32578125 0.75546875 0.03125 0.034375
0 0.63671875 0.753125 0.028125 0.03125
0 0.63515625 0.596875 0.028125 0.028125
0 0.79765625 0.596875 0.028125 0.028125
0 0.796875 0.753125 0.028125 0.028125
0 0.79765625 0.34296875 0.028125 0.028125
0 0.721875 0.1609375 0.028125 0.028125
0 0.57890625 0.34140625 0.028125 0.03125
0 0.534375 0.159375 0.028125 0.028125