0 0.75859375 0.1234375 0.028125 0.03125
0 0.53046875 0.121875 0.0359375 0.02265625
0 0.190625 0.12265625 0.03203125 0.0234375
0 0.18828125 0.328125 0.03046875 0.028125
0 0.3625 0.33671875 0.03203125 0.0296875
0 0.61328125 0.334375 0.03203125 0.0265625
0 0.7609375 0.33515625 0.03203125 0.0296875
0 0.759375 0.63515625 0.0296875 0.02734375
0 0.60859375 0.63359375 0.028125 0.028125
0 0.60859375 0.78984375 0.0265625 0.02734375
0 0.75859375 0.7890625 0.0265625 0.028125
0 0.3640625 0.78984375 0.0265625 0.0265625
0 0.18828125 0.7171875 0.0265625 0.02734375
0 0.3625 0.578125 0.02890625 0.02734375
0 0.1875 0.5359375 0.028125 0.0265625