0 0.19375 0.10546875 0.028125 0.02734375
0 0.4015625 0.10546875 0.02578125 0.0265625
0 0.5609375 0.103125 0.03359375 0.021875
0 0.803125 0.1046875 0.02734375 0.02890625
0 0.803125 0.33203125 0.02578125 0.02734375
0 0.56171875 0.34140625 0.03359375 0.02109375
0 0.40078125 0.3125 0.02734375 0.0296875
0 0.19296875 0.3234375 0.0265625 0.0265625
0 0.1921875 0.51328125 0.028125 0.02421875
0 0.4 0.51328125 0.0265625 0.02421875
0 0.5578125 0.51328125 0.0265625 0.0234375
0 0.803125 0.5125 0.02421875 0.0296875
0 0.80390625 0.6046875 0.0265625 0.0265625
0 0.55859375 0.603125 0.0234375 0.021875
0 0.40078125 0.603125 0.0265625 0.02265625
0 0.1921875 0.60390625 0.0265625 0.0234375
0 0.19140625 0.78046875 0.0265625 0.02578125
0 0.4015625 0.78359375 0.03046875 0.02265625
0 0.56328125 0.78359375 0.0359375 0.0203125
0 0.8015625 0.7828125 0.03359375 0.02109375
0 0.80078125 0.90625 0.034375 0.0203125
0 0.5609375 0.90703125 0.03125 0.02109375
0 0.3984375 0.90703125 0.0296875 0.02109375
0 0.1953125 0.90703125 0.03359375 0.0234375