0 0.809375 0.10703125 0.028125 0.028125
0 0.596875 0.1078125 0.0265625 0.028125
0 0.43359375 0.1046875 0.034375 0.021875
0 0.1859375 0.10703125 0.028125 0.0296875
0 0.1859375 0.3390625 0.0265625 0.028125
0 0.4328125 0.3484375 0.034375 0.021875
0 0.59765625 0.31953125 0.028125 0.03125
0 0.81015625 0.3296875 0.028125 0.028125
0 0.8109375 0.52421875 0.028125 0.025
0 0.5984375 0.52421875 0.028125 0.025
0 0.43671875 0.5234375 0.028125 0.025
0 0.1859375 0.52265625 0.025 0.0296875
0 0.18515625 0.61796875 0.028125 0.028125
0 0.43671875 0.615625 0.025 0.021875
0 0.59765625 0.615625 0.028125 0.0234375
0 0.8109375 0.61640625 0.028125 0.025
0 0.81171875 0.79609375 0.028125 0.025
0 0.596875 0.79921875 0.03125 0.0234375
0 0.43203125 0.8 0.0375 0.0203125
0 0.18828125 0.79921875 0.034375 0.021875
0 0.18828125 0.92578125 0.034375 0.021875
0 0.43359375 0.92578125 0.03125 0.021875
0 0.6 0.92578125 0.0296875 0.021875
0 0.8078125 0.92578125 0.034375 0.025