0 0.9171875 0.82890625 0.028125 0.0296875
0 0.9171875 0.6140625 0.028125 0.0265625
0 0.91953125 0.4484375 0.021875 0.034375
0 0.91796875 0.1984375 0.0296875 0.028125
0 0.68203125 0.19765625 0.028125 0.028125
0 0.6734375 0.44765625 0.021875 0.034375
0 0.70234375 0.61484375 0.03125 0.028125
0 0.69140625 0.8296875 0.028125 0.028125
0 0.4953125 0.83046875 0.025 0.028125
0 0.4953125 0.61484375 0.025 0.028125
0 0.4953125 0.4515625 0.025 0.028125
0 0.49609375 0.1984375 0.03125 0.025
0 0.4 0.19765625 0.028125 0.028125
0 0.40234375 0.4515625 0.021875 0.025
0 0.40234375 0.6140625 0.0234375 0.028125
0 0.4015625 0.8296875 0.025 0.028125
0 0.21953125 0.83046875 0.0265625 0.028125
0 0.215625 0.6140625 0.0234375 0.03125
0 0.215625 0.44609375 0.021875 0.0375
0 0.21640625 0.2 0.021875 0.034375
0 0.08828125 0.2 0.021875 0.034375
0 0.0875 0.4484375 0.021875 0.0328125
0 0.08828125 0.61640625 0.021875 0.03125
0 0.08828125 0.82734375 0.025 0.034375