0 0.93046875 0.9859375 0.028125 0.028125
0 0.93125 0.63984375 0.028125 0.028125
0 0.93046875 0.46328125 0.028125 0.0265625
0 0.9296875 0.11484375 0.028125 0.0328125
0 0.63046875 0.1140625 0.0265625 0.03125
0 0.62890625 0.46171875 0.028125 0.034375
0 0.62890625 0.64140625 0.0296875 0.0296875
0 0.63203125 0.9859375 0.0265625 0.028125
0 0.403125 0.98515625 0.0265625 0.0296875
0 0.4015625 0.640625 0.028125 0.03125
0 0.4 0.4625 0.0296875 0.028125
0 0.19609375 0.984375 0.025 0.03125
0 0.19609375 0.63984375 0.025 0.0328125
0 0.19453125 0.46328125 0.0296875 0.0296875
0 0.19609375 0.11484375 0.025 0.034375
0 0.39921875 0.1125 0.028125 0.03125