0 0.34609375 0.928125 0.028125 0.028125
0 0.528125 0.92734375 0.028125 0.028125
0 0.88515625 0.9265625 0.034375 0.0296875
0 0.8859375 0.61953125 0.03125 0.028125
0 0.52890625 0.6171875 0.0359375 0.028125
0 0.34453125 0.61796875 0.03125 0.03125
0 0.00390625 0.38515625 0.0078125 0.028125
0 0.3453125 0.38359375 0.0328125 0.03125
0 0.528125 0.3828125 0.0296875 0.03125
0 0.00390625 0.17265625 0.0078125 0.025
0 0.346875 0.17265625 0.034375 0.025
0 0.52734375 0.17109375 0.03125 0.03125
0 0.88515625 0.17265625 0.034375 0.0265625
0 0.8875 0.38125 0.03125 0.0296875