0 0.05 0.1015625 0.0296875 0.0265625
0 0.38125 0.1 0.0265625 0.0265625
0 0.55078125 0.10078125 0.025 0.02734375
0 0.88359375 0.1015625 0.03125 0.028125
0 0.884375 0.38828125 0.02890625 0.02578125
0 0.5515625 0.38984375 0.03359375 0.02734375
0 0.3796875 0.38984375 0.028125 0.02890625
0 0.04921875 0.38828125 0.0296875 0.02578125
0 0.05 0.60703125 0.0328125 0.02578125
0 0.38046875 0.6078125 0.03046875 0.028125
0 0.55078125 0.60859375 0.02734375 0.02890625
0 0.0515625 0.8046875 0.02890625 0.02421875
0 0.38125 0.8046875 0.03125 0.02421875
0 0.55 0.80625 0.02890625 0.028125
0 0.88359375 0.8046875 0.03203125 0.025
0 0.88515625 0.61015625 0.02890625 0.028125