0 0.54921875 0.01640625 0.01875 0.0203125
0 0.55078125 0.13671875 0.01875 0.02578125
0 0.73671875 0.1375 0.02109375 0.0265625
0 0.73671875 0.01640625 0.0203125 0.025
0 0.73515625 0.3796875 0.025 0.0234375
0 0.93046875 0.49609375 0.01875 0.0234375
0 0.61640625 0.49609375 0.02109375 0.02421875
0 0.55078125 0.38203125 0.0203125 0.0234375
0 0.4234375 0.13671875 0.02265625 0.02578125
0 0.42578125 0.38125 0.02421875 0.0234375
0 0.2390625 0.3796875 0.01796875 0.01953125
0 0.3328125 0.49609375 0.0203125 0.02421875
0 0.2390625 0.13671875 0.02109375 0.0265625
0 0.14921875 0.4953125 0.02265625 0.021875
0 0.15 0.6625 0.0203125 0.0265625
0 0.3328125 0.66171875 0.01953125 0.02421875
0 0.33359375 0.8484375 0.02265625 0.025
0 0.615625 0.84765625 0.02109375 0.02421875
0 0.61640625 0.66171875 0.021875 0.0234375
0 0.93125 0.66171875 0.02109375 0.02890625
0 0.93125 0.8109375 0.02109375 0.025