0 0.578125 0.9015625 0.01875 0.028125
0 0.7765625 0.90078125 0.021875 0.028125
0 0.77578125 0.6421875 0.0265625 0.025
0 0.98359375 0.51875 0.0203125 0.025
0 0.64765625 0.51875 0.021875 0.025
0 0.578125 0.640625 0.021875 0.025
0 0.4421875 0.9015625 0.025 0.028125
0 0.44453125 0.640625 0.025 0.025
0 0.2453125 0.64296875 0.01875 0.021875
0 0.3453125 0.51875 0.021875 0.025
0 0.2453125 0.9015625 0.021875 0.028125
0 0.14921875 0.51953125 0.025 0.0234375
0 0.15 0.34140625 0.021875 0.028125
0 0.3453125 0.3421875 0.021875 0.025
0 0.34609375 0.14296875 0.025 0.028125
0 0.64765625 0.14375 0.021875 0.025
0 0.6484375 0.3421875 0.0234375 0.025
0 0.98515625 0.3421875 0.021875 0.03125
0 0.984375 0.1828125 0.021875 0.0265625