0 0.45234375 0.11015625 0.01875 0.0265625
0 0.2609375 0.1109375 0.021875 0.028125
0 0.26171875 0.36171875 0.025 0.025
0 0.0609375 0.48203125 0.01875 0.025
0 0.38515625 0.48203125 0.021875 0.025
0 0.453125 0.36328125 0.021875 0.025
0 0.584375 0.11015625 0.0234375 0.0265625
0 0.58203125 0.36328125 0.025 0.025
0 0.77421875 0.3609375 0.01875 0.0203125
0 0.67734375 0.48125 0.021875 0.025
0 0.77421875 0.11015625 0.021875 0.028125
0 0.8671875 0.48125 0.0234375 0.0234375
0 0.86640625 0.65390625 0.021875 0.028125
0 0.67734375 0.653125 0.0203125 0.025
0 0.6765625 0.846875 0.0234375 0.025
0 0.38515625 0.8453125 0.021875 0.025
0 0.384375 0.653125 0.021875 0.025
0 0.059375 0.653125 0.021875 0.03125
0 0.06015625 0.8078125 0.021875 0.025