0 0.07578125 0.1234375 0.025 0.01484375
0 0.41953125 0.1234375 0.0296875 0.01484375
0 0.7890625 0.1234375 0.0265625 0.01640625
0 0.78984375 0.36171875 0.028125 0.015625
0 0.41953125 0.3625 0.0296875 0.015625
0 0.0765625 0.36328125 0.0265625 0.015625
0 0.07578125 0.59765625 0.0296875 0.01640625
0 0.4140625 0.59765625 0.028125 0.0171875
0 0.5171875 0.65234375 0.02890625 0.01484375
0 0.62109375 0.59765625 0.028125 0.0140625
0 0.7890625 0.59765625 0.02890625 0.0140625
0 0.7140625 0.48828125 0.02890625 0.015625
0 0.5265625 0.4890625 0.0265625 0.015625
0 0.78828125 0.77109375 0.02890625 0.01484375
0 0.51796875 0.771875 0.025 0.0140625
0 0.0765625 0.77109375 0.0296875 0.015625