0 0.96015625 0.121875 0.025 0.015625
0 0.59921875 0.12109375 0.03125 0.015625
0 0.2109375 0.12109375 0.028125 0.0171875
0 0.21015625 0.371875 0.0296875 0.015625
0 0.59921875 0.37265625 0.03125 0.015625
0 0.959375 0.37265625 0.028125 0.015625
0 0.96015625 0.61953125 0.03125 0.0171875
0 0.60546875 0.61953125 0.0296875 0.01875
0 0.49609375 0.6765625 0.03125 0.015625
0 0.3875 0.61875 0.0296875 0.015625
0 0.21015625 0.61875 0.0296875 0.015625
0 0.28984375 0.5046875 0.0296875 0.015625
0 0.48671875 0.50546875 0.028125 0.015625
0 0.21171875 0.8015625 0.03125 0.015625
0 0.4953125 0.8015625 0.025 0.015625
0 0.959375 0.8015625 0.03125 0.0171875