0 0.87890625 0.07890625 0.015625 0.025
0 0.8796875 0.4375 0.015625 0.03125
0 0.8796875 0.8234375 0.0171875 0.028125
0 0.6296875 0.82421875 0.015625 0.0296875
0 0.62890625 0.4375 0.015625 0.03125
0 0.628125 0.0796875 0.015625 0.028125
0 0.38359375 0.07890625 0.0171875 0.03125
0 0.38359375 0.43125 0.01875 0.0296875
0 0.3265625 0.53984375 0.015625 0.03125
0 0.38359375 0.64765625 0.015625 0.028125
0 0.38359375 0.8234375 0.015625 0.0296875
0 0.49765625 0.74453125 0.015625 0.0296875
0 0.496875 0.54921875 0.015625 0.028125
0 0.20234375 0.821875 0.015625 0.0296875
0 0.2015625 0.540625 0.015625 0.025
0 0.20234375 0.0796875 0.015625 0.03125