0 0.009375 0.9390625 0.01875 0.0328125
0 0.2984375 0.93828125 0.034375 0.03125
0 0.6578125 0.93828125 0.0390625 0.0328125
0 0.95234375 0.93984375 0.040625 0.028125
0 0.71484375 0.61328125 0.0375 0.03125
0 0.9515625 0.60390625 0.0390625 0.03125
0 0.95078125 0.3578125 0.0375 0.03125
0 0.95078125 0.10078125 0.034375 0.028125
0 0.5828125 0.1 0.0359375 0.03125
0 0.58203125 0.3578125 0.034375 0.03125
0 0.3734375 0.35703125 0.040625 0.034375
0 0.37265625 0.10078125 0.0359375 0.0296875
0 0.01015625 0.10078125 0.0203125 0.0234375
0 0.01015625 0.3578125 0.0203125 0.03125
0 0.23984375 0.61328125 0.034375 0.03125
0 0.01328125 0.60625 0.0265625 0.03125