0 0.08984375 0.13203125 0.03125 0.0296875
0 0.35859375 0.13203125 0.03203125 0.02890625
0 0.68359375 0.1328125 0.03515625 0.0296875
0 0.95 0.13125 0.03671875 0.0265625
0 0.73515625 0.4265625 0.03359375 0.028125
0 0.94921875 0.43515625 0.03515625 0.02890625
0 0.9484375 0.6578125 0.0328125 0.028125
0 0.9484375 0.890625 0.03125 0.025
0 0.615625 0.890625 0.03203125 0.02890625
0 0.61484375 0.6578125 0.03046875 0.02734375
0 0.4265625 0.65859375 0.0359375 0.03046875
0 0.425 0.890625 0.03203125 0.0265625
0 0.09140625 0.89140625 0.0328125 0.02265625
0 0.090625 0.65859375 0.0359375 0.028125
0 0.30546875 0.4265625 0.03203125 0.028125
0 0.09296875 0.434375 0.03984375 0.02890625