0 0.103125 0.940625 0.03125 0.0328125
0 0.103125 0.6609375 0.0296875 0.0328125
0 0.103125 0.3234375 0.03125 0.0375
0 0.1015625 0.04609375 0.028125 0.0375
0 0.40859375 0.2703125 0.028125 0.034375
0 0.41796875 0.046875 0.0296875 0.0375
0 0.64921875 0.04765625 0.028125 0.034375
0 0.890625 0.04765625 0.0265625 0.03125
0 0.89140625 0.39375 0.0296875 0.034375
0 0.64921875 0.39453125 0.028125 0.03125
0 0.65 0.590625 0.03125 0.0375
0 0.890625 0.59140625 0.028125 0.034375
0 0.8921875 0.9390625 0.0234375 0.034375
0 0.65 0.93984375 0.028125 0.0375
0 0.40859375 0.71640625 0.028125 0.0328125
0 0.4171875 0.9375 0.03125 0.0421875