0 0.12109375 0.8890625 0.025 0.03125
0 0.11875 0.62109375 0.028125 0.028125
0 0.11953125 0.3984375 0.021875 0.03125
0 0.11875 0.12734375 0.03125 0.0390625
0 0.30234375 0.8875 0.0234375 0.0296875
0 0.48984375 0.8875 0.0265625 0.0375
0 0.69140625 0.890625 0.021875 0.0328125
0 0.83359375 0.8875 0.0234375 0.0375
0 0.83046875 0.6203125 0.0265625 0.0328125
0 0.58515625 0.61796875 0.0328125 0.0375
0 0.58359375 0.39921875 0.034375 0.0453125
0 0.83125 0.3984375 0.028125 0.0390625
0 0.834375 0.1328125 0.028125 0.040625
0 0.4890625 0.1296875 0.028125 0.0375
0 0.3015625 0.1328125 0.0296875 0.034375
0 0.48515625 0.61875 0.028125 0.0375
0 0.48671875 0.39609375 0.03125 0.0453125