0 0.98359375 0.90390625 0.0328125 0.0421875
0 0.64296875 0.903125 0.0375 0.05
0 0.9828125 0.66796875 0.034375 0.046875
0 0.98359375 0.45234375 0.0328125 0.0421875
0 0.97734375 0.14921875 0.0453125 0.0390625
0 0.63671875 0.153125 0.0421875 0.053125
0 0.6375 0.45703125 0.046875 0.046875
0 0.646875 0.6734375 0.04375 0.04375
0 0.53203125 0.91015625 0.04375 0.0515625
0 0.5265625 0.67734375 0.0453125 0.0421875
0 0.35703125 0.1515625 0.046875 0.0453125
0 0.36015625 0.46015625 0.04375 0.0421875
0 0.08984375 0.90703125 0.04375 0.046875
0 0.08828125 0.684375 0.04375 0.0484375
0 0.0859375 0.46015625 0.0421875 0.04375
0 0.0859375 0.15703125 0.0453125 0.0453125