0 0.95703125 0.86875 0.04375 0.040625
0 0.609375 0.86796875 0.0375 0.05
0 0.95234375 0.63125 0.04375 0.0484375
0 0.95546875 0.4140625 0.040625 0.0421875
0 0.9515625 0.109375 0.0625 0.040625
0 0.60234375 0.115625 0.0421875 0.053125
0 0.60390625 0.4203125 0.0484375 0.046875
0 0.6125 0.6375 0.04375 0.04375
0 0.49765625 0.875 0.04375 0.0515625
0 0.4921875 0.64140625 0.046875 0.04375
0 0.321875 0.1140625 0.046875 0.0453125
0 0.325 0.4234375 0.04375 0.0421875
0 0.053125 0.87265625 0.04375 0.046875
0 0.05234375 0.6484375 0.04375 0.0484375
0 0.04921875 0.4234375 0.0421875 0.04375
0 0.04921875 0.11875 0.046875 0.046875