0 0.06640625 0.13046875 0.04140625 0.03828125
0 0.3890625 0.13125 0.0359375 0.04765625
0 0.07109375 0.35078125 0.03984375 0.04453125
0 0.06796875 0.55234375 0.03828125 0.0390625
0 0.071875 0.834375 0.05859375 0.03828125
0 0.3953125 0.82890625 0.0390625 0.04921875
0 0.39375 0.54609375 0.04453125 0.04453125
0 0.3859375 0.34453125 0.03984375 0.040625
0 0.49296875 0.12421875 0.03984375 0.04765625
0 0.49765625 0.34140625 0.0421875 0.03984375
0 0.65546875 0.83046875 0.04375 0.0421875
0 0.65234375 0.54296875 0.03984375 0.0390625
0 0.90390625 0.12734375 0.04140625 0.04453125
0 0.90546875 0.334375 0.040625 0.04453125
0 0.9078125 0.54296875 0.0390625 0.03984375
0 0.9078125 0.82578125 0.0421875 0.0421875