0 0.9171875 0.0875 0.0265625 0.034375
0 0.9203125 0.3640625 0.028125 0.028125
0 0.91875 0.5921875 0.0234375 0.0328125
0 0.91953125 0.871875 0.03125 0.040625
0 0.73125 0.0890625 0.025 0.03125
0 0.5390625 0.0890625 0.028125 0.0375
0 0.33125 0.0859375 0.021875 0.034375
0 0.184375 0.0890625 0.025 0.0375
0 0.1875 0.3640625 0.028125 0.034375
0 0.440625 0.3671875 0.034375 0.0390625
0 0.44140625 0.59140625 0.0359375 0.046875
0 0.18671875 0.59296875 0.028125 0.040625
0 0.18359375 0.86640625 0.03125 0.0421875
0 0.5390625 0.86953125 0.028125 0.040625
0 0.73203125 0.865625 0.03125 0.034375
0 0.54296875 0.365625 0.028125 0.040625
0 0.54140625 0.59453125 0.03125 0.046875