0 0.134375 0.11328125 0.02109375 0.03515625
0 0.134375 0.69375 0.02109375 0.0328125
0 0.134375 0.85625 0.02109375 0.034375
0 0.35625 0.85546875 0.02421875 0.03515625
0 0.35546875 0.6921875 0.0234375 0.03515625
0 0.35703125 0.42421875 0.02265625 0.03828125
0 0.35625 0.1140625 0.0234375 0.0328125
0 0.665625 0.1140625 0.02109375 0.03203125
0 0.6671875 0.56796875 0.02265625 0.0296875
0 0.66640625 0.8546875 0.02421875 0.034375
0 0.8875 0.8546875 0.02109375 0.03203125
0 0.8875 0.56875 0.0203125 0.03515625
0 0.8875 0.1140625 0.0203125 0.03359375