0 0.890625 0.878125 0.0359375 0.021875
0 0.29609375 0.878125 0.034375 0.021875
0 0.12890625 0.878125 0.034375 0.021875
0 0.1296875 0.6515625 0.0359375 0.025
0 0.296875 0.65234375 0.0359375 0.025
0 0.571875 0.65078125 0.0390625 0.0234375
0 0.88984375 0.6515625 0.034375 0.0234375
0 0.88984375 0.3359375 0.0328125 0.021875
0 0.425 0.33359375 0.03125 0.021875
0 0.13046875 0.33515625 0.034375 0.025
0 0.13046875 0.109375 0.0328125 0.021875
0 0.42421875 0.109375 0.0359375 0.021875
0 0.88984375 0.109375 0.034375 0.021875