0 0.890625 0.1359375 0.0359375 0.021875
0 0.29609375 0.1359375 0.034375 0.021875
0 0.12890625 0.1359375 0.034375 0.021875
0 0.1296875 0.36171875 0.0359375 0.025
0 0.296875 0.36171875 0.0359375 0.025
0 0.571875 0.3625 0.0390625 0.0234375
0 0.88984375 0.3625 0.034375 0.0234375
0 0.88984375 0.678125 0.0328125 0.021875
0 0.425 0.6796875 0.03125 0.021875
0 0.13046875 0.67890625 0.034375 0.025
0 0.13046875 0.9046875 0.0328125 0.021875
0 0.42421875 0.9046875 0.0359375 0.021875
0 0.88984375 0.9046875 0.034375 0.021875