0 0.903125 0.94296875 0.0484375 0.0375
0 0.55625 0.92734375 0.046875 0.0375
0 0.38671875 0.92265625 0.046875 0.03125
0 0.06953125 0.91328125 0.040625 0.034375
0 0.065625 0.640625 0.0453125 0.03125
0 0.384375 0.64296875 0.04375 0.03125
0 0.559375 0.64296875 0.0453125 0.03125
0 0.89296875 0.65078125 0.05625 0.0296875
0 0.5484375 0.48515625 0.046875 0.03125
0 0.6890625 0.4125 0.04375 0.03125
0 0.90078125 0.40703125 0.0453125 0.034375
0 0.3921875 0.40546875 0.040625 0.03125
0 0.2 0.4984375 0.0375 0.028125
0 0.06015625 0.4078125 0.04375 0.03125
0 0.37890625 0.14609375 0.046875 0.028125
0 0.0578125 0.15078125 0.04375 0.03125
0 0.640625 0.1359375 0.04375 0.0359375
0 0.903125 0.1296875 0.046875 0.0296875