0 0.06328125 0.66171875 0.028125 0.025
0 0.32890625 0.66171875 0.0296875 0.025
0 0.06328125 0.55546875 0.025 0.021875
0 0.328125 0.55390625 0.028125 0.0265625
0 0.0640625 0.20859375 0.028125 0.021875
0 0.328125 0.20546875 0.028125 0.025
0 0.0640625 0.03828125 0.025 0.021875
0 0.34453125 0.0390625 0.025 0.021875
0 0.42734375 0.0390625 0.025 0.021875
0 0.52265625 0.55625 0.028125 0.021875
0 0.52109375 0.784375 0.0265625 0.025
0 0.92890625 0.7828125 0.028125 0.021875
0 0.7 0.55625 0.03125 0.01875
0 0.928125 0.55546875 0.0265625 0.0203125
0 0.7 0.328125 0.0265625 0.021875
0 0.928125 0.32734375 0.0234375 0.025
0 0.6984375 0.03828125 0.03125 0.021875
0 0.92734375 0.0375 0.0296875 0.021875