0 0.11328125 0.00859375 0.0484375 0.0171875
0 0.4703125 0.0171875 0.046875 0.034375
0 0.646875 0.02109375 0.05 0.0328125
0 0.97421875 0.03046875 0.040625 0.034375
0 0.97734375 0.31171875 0.0453125 0.0328125
0 0.64921875 0.31015625 0.046875 0.0328125
0 0.46875 0.31015625 0.046875 0.03125
0 0.12578125 0.3015625 0.05625 0.03125
0 0.48046875 0.47265625 0.0484375 0.03125
0 0.33515625 0.54765625 0.0453125 0.03125
0 0.1171875 0.553125 0.046875 0.0359375
0 0.6421875 0.5546875 0.0421875 0.03125
0 0.83984375 0.459375 0.0375 0.028125
0 0.9796875 0.55234375 0.040625 0.0328125
0 0.65546875 0.82265625 0.05 0.028125
0 0.98046875 0.81640625 0.0390625 0.0328125
0 0.38515625 0.83359375 0.04375 0.0375
0 0.11484375 0.83984375 0.046875 0.03125