0 0.93046875 0.9765625 0.0265625 0.01875
0 0.675 0.97734375 0.025 0.01875
0 0.93046875 0.6375 0.028125 0.0234375
0 0.6734375 0.6375 0.028125 0.0234375
0 0.93046875 0.53359375 0.025 0.021875
0 0.675 0.5328125 0.028125 0.025
0 0.9296875 0.19609375 0.028125 0.021875
0 0.67421875 0.19375 0.028125 0.025
0 0.9296875 0.03046875 0.025 0.0203125
0 0.6578125 0.03125 0.025 0.0203125
0 0.578125 0.03125 0.025 0.021875
0 0.4859375 0.53515625 0.028125 0.021875
0 0.48671875 0.75625 0.025 0.0234375
0 0.2796875 0.9765625 0.028125 0.01875
0 0.0921875 0.97578125 0.0265625 0.01875
0 0.0921875 0.75546875 0.028125 0.021875
0 0.3140625 0.534375 0.0296875 0.01875
0 0.0921875 0.534375 0.025 0.01875
0 0.3140625 0.3125 0.025 0.021875
0 0.09296875 0.31171875 0.021875 0.0234375
0 0.315625 0.03046875 0.03125 0.021875
0 0.09375 0.03046875 0.028125 0.0203125