0 0.11875 0.07578125 0.02421875 0.0171875
0 0.35703125 0.07578125 0.02421875 0.01796875
0 0.11875 0.39140625 0.02578125 0.021875
0 0.35859375 0.3921875 0.02734375 0.021875
0 0.11875 0.48828125 0.02265625 0.0203125
0 0.35703125 0.4890625 0.0265625 0.0234375
0 0.11953125 0.80234375 0.02578125 0.0203125
0 0.3578125 0.8046875 0.02578125 0.02265625
0 0.11953125 0.95625 0.0234375 0.01875
0 0.37265625 0.95546875 0.021875 0.01875
0 0.446875 0.95546875 0.021875 0.01953125
0 0.5328125 0.48671875 0.02578125 0.01953125
0 0.53203125 0.28125 0.02421875 0.021875
0 0.725 0.07578125 0.02578125 0.0171875
0 0.9 0.0765625 0.025 0.0171875
0 0.9 0.28203125 0.025 0.0203125
0 0.69296875 0.4875 0.02734375 0.0171875
0 0.89921875 0.4875 0.02421875 0.01796875
0 0.69296875 0.69375 0.02421875 0.01953125
0 0.89921875 0.69453125 0.02109375 0.021875
0 0.69140625 0.95625 0.02890625 0.0203125
0 0.8984375 0.95625 0.0265625 0.01875