0 0.0609375 0.93125 0.0296875 0.025
0 0.3421875 0.93046875 0.034375 0.03125
0 0.3421875 0.73515625 0.03125 0.028125
0 0.059375 0.73359375 0.028125 0.028125
0 0.34609375 0.546875 0.0375 0.028125
0 0.0609375 0.54765625 0.034375 0.028125
0 0.05703125 0.3 0.034375 0.025
0 0.4234375 0.29921875 0.03125 0.03125
0 0.059375 0.1109375 0.028125 0.028125
0 0.4234375 0.11171875 0.034375 0.028125
0 0.6109375 0.11171875 0.028125 0.0265625
0 0.6125 0.30078125 0.0375 0.03125
0 0.684375 0.54765625 0.034375 0.025
0 0.69296875 0.7359375 0.034375 0.0328125
0 0.69296875 0.93046875 0.0328125 0.028125
0 0.9734375 0.928125 0.0328125 0.028125
0 0.97578125 0.73515625 0.0296875 0.028125
0 0.97578125 0.54453125 0.03125 0.028125
0 0.975 0.29765625 0.03125 0.028125
0 0.975 0.1125 0.0328125 0.0265625