0 0.05546875 0.15703125 0.028125 0.040625
0 0.05234375 0.43671875 0.03125 0.040625
0 0.0484375 0.60625 0.0328125 0.04375
0 0.040625 0.90078125 0.028125 0.0484375
0 0.26796875 0.1453125 0.0328125 0.046875
0 0.26640625 0.42578125 0.028125 0.04375
0 0.26796875 0.6140625 0.025 0.065625
0 0.26171875 0.9046875 0.03125 0.046875
0 0.37421875 0.909375 0.03125 0.0390625
0 0.37890625 0.1375 0.0375 0.0453125
0 0.375 0.4265625 0.03125 0.03125
0 0.37421875 0.60234375 0.0328125 0.040625
0 0.60625 0.60078125 0.03125 0.046875
0 0.61328125 0.9203125 0.0359375 0.0421875
0 0.61171875 0.421875 0.028125 0.046875
0 0.6078125 0.11953125 0.03125 0.05
0 0.92578125 0.1015625 0.0375 0.0515625
0 0.93359375 0.40625 0.034375 0.040625
0 0.88125 0.83828125 0.03125 0.053125