0 0.9171875 0.13984375 0.0265625 0.0234375
0 0.659375 0.140625 0.03203125 0.02734375
0 0.659375 0.31875 0.02890625 0.025
0 0.91796875 0.3203125 0.025 0.0265625
0 0.65625 0.49140625 0.03515625 0.025
0 0.91640625 0.49140625 0.03203125 0.025
0 0.9203125 0.7171875 0.03125 0.02421875
0 0.58515625 0.71796875 0.02890625 0.02890625
0 0.91796875 0.88984375 0.0265625 0.025
0 0.58515625 0.8890625 0.03203125 0.025
0 0.41328125 0.8890625 0.0265625 0.02421875
0 0.41171875 0.71640625 0.03515625 0.028125
0 0.34609375 0.490625 0.03203125 0.02265625
0 0.33828125 0.31875 0.03203125 0.03046875
0 0.33828125 0.140625 0.0296875 0.02578125
0 0.08125 0.1421875 0.0296875 0.02578125
0 0.07890625 0.31953125 0.02734375 0.025
0 0.0796875 0.49296875 0.028125 0.025
0 0.0796875 0.71953125 0.028125 0.0265625
0 0.0796875 0.8890625 0.0296875 0.02421875