0 0.13515625 0.92421875 0.025 0.028125
0 0.1359375 0.64765625 0.0296875 0.034375
0 0.32734375 0.64765625 0.028125 0.03125
0 0.328125 0.925 0.028125 0.028125
0 0.51171875 0.64375 0.0265625 0.0375
0 0.51171875 0.92421875 0.028125 0.034375
0 0.7546875 0.92734375 0.025 0.034375
0 0.75546875 0.56796875 0.03125 0.03125
0 0.93984375 0.925 0.0265625 0.028125
0 0.9390625 0.56796875 0.028125 0.034375
0 0.9390625 0.38359375 0.025 0.028125
0 0.75390625 0.38203125 0.03125 0.0375
0 0.51171875 0.31171875 0.025 0.034375
0 0.3265625 0.303125 0.03125 0.034375
0 0.1359375 0.303125 0.028125 0.03125
0 0.1375 0.02734375 0.028125 0.03125
0 0.32734375 0.025 0.028125 0.0296875
0 0.5140625 0.02578125 0.0265625 0.0296875
0 0.75703125 0.02578125 0.028125 0.0296875
0 0.9390625 0.02578125 0.0265625 0.03125