0 0.8734375 0.971875 0.040625 0.028125
0 0.59375 0.97578125 0.040625 0.03125
0 0.42421875 0.97890625 0.04375 0.0328125
0 0.13046875 0.98671875 0.05 0.0265625
0 0.88515625 0.759375 0.046875 0.0328125
0 0.6046875 0.76171875 0.04375 0.028125
0 0.41640625 0.759375 0.065625 0.025
0 0.12578125 0.76640625 0.046875 0.03125
0 0.12109375 0.65390625 0.0375 0.03125
0 0.89296875 0.64921875 0.0453125 0.0375
0 0.60390625 0.65234375 0.03125 0.03125
0 0.428125 0.65390625 0.040625 0.0328125
0 0.4296875 0.421875 0.046875 0.03125
0 0.11015625 0.4140625 0.04375 0.0359375
0 0.60859375 0.41640625 0.046875 0.028125
0 0.9109375 0.4203125 0.05 0.03125
0 0.92890625 0.1015625 0.0515625 0.0375
0 0.62421875 0.09375 0.040625 0.034375
0 0.1921875 0.14609375 0.053125 0.03125