0 0.121875 0.2125 0.028125 0.040625
0 0.1234375 0.50703125 0.028125 0.040625
0 0.12421875 0.846875 0.03125 0.0453125
0 0.3171875 0.84921875 0.0328125 0.046875
0 0.3171875 0.59609375 0.028125 0.0375
0 0.3765625 0.2109375 0.0296875 0.040625
0 0.37890625 0.50703125 0.03125 0.040625
0 0.37890625 0.0765625 0.028125 0.040625
0 0.578125 0.08046875 0.03125 0.046875
0 0.578125 0.21171875 0.0328125 0.040625
0 0.5796875 0.5078125 0.028125 0.046875
0 0.50859375 0.640625 0.0265625 0.040625
0 0.51015625 0.8421875 0.03125 0.0328125
0 0.65234375 0.84921875 0.03125 0.05
0 0.65 0.59140625 0.034375 0.046875
0 0.73203125 0.50859375 0.034375 0.05
0 0.73046875 0.21015625 0.0296875 0.046875
0 0.7296875 0.07890625 0.0375 0.05625
0 0.85 0.84609375 0.0375 0.046875
0 0.90625 0.50546875 0.03125 0.05
0 0.90625 0.3796875 0.03125 0.04375
0 0.9078125 0.07734375 0.03125 0.0453125