0 0.86875 0.2546875 0.028125 0.040625
0 0.8671875 0.53359375 0.0265625 0.0390625
0 0.86640625 0.85546875 0.0296875 0.04375
0 0.684375 0.85703125 0.03125 0.0453125
0 0.684375 0.6171875 0.028125 0.0359375
0 0.62734375 0.253125 0.028125 0.0375
0 0.625 0.53359375 0.028125 0.0390625
0 0.62578125 0.12578125 0.0265625 0.0390625
0 0.43671875 0.1296875 0.028125 0.04375
0 0.4375 0.25390625 0.03125 0.0375
0 0.4359375 0.53359375 0.025 0.0453125
0 0.503125 0.66015625 0.025 0.0375
0 0.5015625 0.85078125 0.0296875 0.03125
0 0.3671875 0.85703125 0.03125 0.046875
0 0.36953125 0.61328125 0.034375 0.04375
0 0.29140625 0.53515625 0.03125 0.046875
0 0.29296875 0.25234375 0.028125 0.04375
0 0.29375 0.128125 0.034375 0.053125
0 0.1796875 0.8546875 0.034375 0.04375
0 0.1265625 0.53203125 0.028125 0.046875
0 0.1265625 0.41328125 0.028125 0.0421875
0 0.12578125 0.1265625 0.03125 0.04375