0 0.08125 0.8765625 0.025 0.015625
0 0.440625 0.87734375 0.028125 0.015625
0 0.80390625 0.8765625 0.0265625 0.015625
0 0.803125 0.61875 0.028125 0.01875
0 0.44375 0.61796875 0.028125 0.01875
0 0.07890625 0.61875 0.0296875 0.0171875
0 0.078125 0.409375 0.025 0.015625
0 0.44921875 0.35 0.0328125 0.01875
0 0.80234375 0.3515625 0.028125 0.015625
0 0.8046875 0.2015625 0.0296875 0.015625
0 0.8 0.1171875 0.040625 0.015625
0 0.534375 0.11640625 0.040625 0.015625
0 0.44375 0.11640625 0.0375 0.015625
0 0.45 0.20234375 0.025 0.015625
0 0.08046875 0.20234375 0.0265625 0.0140625