0 0.08359375 0.1296875 0.02578125 0.015625
0 0.43828125 0.12890625 0.02734375 0.01484375
0 0.796875 0.1296875 0.02734375 0.015625
0 0.79609375 0.38359375 0.02890625 0.01796875
0 0.44140625 0.384375 0.028125 0.01796875
0 0.08125 0.38359375 0.02890625 0.0171875
0 0.08046875 0.590625 0.02578125 0.01640625
0 0.44609375 0.6484375 0.03203125 0.0171875
0 0.7953125 0.646875 0.02890625 0.015625
0 0.796875 0.7953125 0.02890625 0.01484375
0 0.7921875 0.87890625 0.0390625 0.01484375
0 0.53046875 0.87890625 0.0390625 0.015625
0 0.44140625 0.8796875 0.0359375 0.01640625
0 0.446875 0.79453125 0.02421875 0.015625
0 0.0828125 0.79453125 0.0265625 0.01328125