0 0.8640625 0.96484375 0.0171875 0.028125
0 0.865625 0.575 0.015625 0.03125
0 0.8640625 0.18203125 0.0171875 0.0296875
0 0.58515625 0.1828125 0.01875 0.03125
0 0.584375 0.57265625 0.01875 0.03125
0 0.58515625 0.9671875 0.01875 0.03125
0 0.35859375 0.96796875 0.01875 0.028125
0 0.29453125 0.56640625 0.01875 0.034375
0 0.29609375 0.18359375 0.0171875 0.03125
0 0.1328125 0.18125 0.015625 0.03125
0 0.04140625 0.18671875 0.015625 0.04375
0 0.04140625 0.47421875 0.0171875 0.04375
0 0.040625 0.571875 0.01875 0.040625
0 0.134375 0.565625 0.0171875 0.0265625
0 0.134375 0.965625 0.015625 0.028125