0 0.06171875 0.1546875 0.02578125 0.0390625
0 0.0609375 0.43984375 0.0234375 0.03984375
0 0.0609375 0.621875 0.02421875 0.0390625
0 0.06171875 0.8953125 0.02421875 0.03828125
0 0.30625 0.89453125 0.02421875 0.0390625
0 0.30546875 0.62421875 0.025 0.040625
0 0.30625 0.43984375 0.0234375 0.03828125
0 0.30625 0.1546875 0.021875 0.040625
0 0.47109375 0.153125 0.0234375 0.0390625
0 0.55 0.153125 0.025 0.0390625
0 0.4703125 0.4390625 0.0203125 0.03828125
0 0.54921875 0.4390625 0.02265625 0.0421875
0 0.47109375 0.62421875 0.025 0.03828125
0 0.5484375 0.625 0.021875 0.04140625
0 0.47109375 0.89453125 0.02265625 0.03671875
0 0.55 0.8953125 0.0234375 0.0375
0 0.79453125 0.89296875 0.0234375 0.0390625
0 0.959375 0.89453125 0.02578125 0.03671875
0 0.7953125 0.6234375 0.025 0.040625
0 0.96015625 0.6234375 0.028125 0.04296875
0 0.7953125 0.43984375 0.021875 0.04140625
0 0.95859375 0.4390625 0.02421875 0.0390625
0 0.7953125 0.15390625 0.021875 0.04140625
0 0.959375 0.15390625 0.025 0.03984375