0 0.10703125 0.053125 0.0421875 0.028125
0 0.41328125 0.05234375 0.04375 0.025
0 0.6078125 0.05234375 0.0421875 0.025
0 0.9015625 0.053125 0.040625 0.025
0 0.9 0.315625 0.040625 0.025
0 0.6109375 0.31484375 0.04375 0.028125
0 0.4125 0.31484375 0.040625 0.025
0 0.10625 0.31484375 0.04375 0.0234375
0 0.1046875 0.49296875 0.0421875 0.025
0 0.10546875 0.57734375 0.0421875 0.0265625
0 0.41171875 0.49140625 0.040625 0.021875
0 0.4125 0.5765625 0.0453125 0.025
0 0.6109375 0.4921875 0.040625 0.0265625
0 0.61171875 0.57578125 0.04375 0.0234375
0 0.90078125 0.4921875 0.0390625 0.025
0 0.9015625 0.5765625 0.040625 0.025
0 0.89921875 0.8390625 0.0421875 0.025
0 0.609375 0.83984375 0.04375 0.0265625
0 0.41328125 0.83984375 0.04375 0.025
0 0.10625 0.83984375 0.04375 0.0234375