0 0.12421875 0.9375 0.040625 0.028125
0 0.42421875 0.9390625 0.0421875 0.025
0 0.615625 0.93828125 0.040625 0.025
0 0.903125 0.93828125 0.040625 0.025
0 0.90234375 0.68125 0.040625 0.025
0 0.61796875 0.68203125 0.0421875 0.0265625
0 0.42421875 0.68203125 0.040625 0.025
0 0.1234375 0.68203125 0.04375 0.0234375
0 0.121875 0.50859375 0.040625 0.025
0 0.12265625 0.42578125 0.040625 0.025
0 0.4234375 0.509375 0.040625 0.021875
0 0.4234375 0.4265625 0.04375 0.0234375
0 0.61796875 0.509375 0.040625 0.025
0 0.61953125 0.42734375 0.04375 0.0234375
0 0.903125 0.50859375 0.0375 0.025
0 0.903125 0.4265625 0.0390625 0.025
0 0.9015625 0.16953125 0.040625 0.025
0 0.90078125 0.00625 0.0390625 0.0125
0 0.6171875 0.16953125 0.04375 0.025
0 0.615625 0.00625 0.04375 0.0125
0 0.42421875 0.16953125 0.04375 0.0234375
0 0.42265625 0.00625 0.0421875 0.0125
0 0.1234375 0.16953125 0.04375 0.0234375
0 0.121875 0.00625 0.040625 0.0125