0 0.95 0.871875 0.0328125 0.03125
0 0.67578125 0.86953125 0.0453125 0.0375
0 0.371875 0.8734375 0.0375 0.0375
0 0.0953125 0.87265625 0.034375 0.0328125
0 0.09453125 0.71953125 0.0375 0.0328125
0 0.371875 0.71796875 0.0421875 0.03125
0 0.0953125 0.465625 0.034375 0.0328125
0 0.371875 0.4671875 0.03125 0.028125
0 0.096875 0.2625 0.034375 0.0265625
0 0.371875 0.26171875 0.03125 0.028125
0 0.67421875 0.26171875 0.0375 0.028125
0 0.95 0.2625 0.0359375 0.028125
0 0.95078125 0.46875 0.0390625 0.028125
0 0.67734375 0.46640625 0.046875 0.0375
0 0.67578125 0.6375 0.034375 0.0296875
0 0.9515625 0.6375 0.0375 0.03125