0 0.1171875 0.04921875 0.03125 0.034375
0 0.11953125 0.33984375 0.0390625 0.0484375
0 0.115625 0.6625 0.0390625 0.040625
0 0.11640625 0.95625 0.034375 0.0359375
0 0.27890625 0.95703125 0.034375 0.040625
0 0.28046875 0.66328125 0.0328125 0.04375
0 0.54921875 0.95625 0.034375 0.0375
0 0.54765625 0.6625 0.03125 0.034375
0 0.765625 0.95390625 0.028125 0.0359375
0 0.76640625 0.6625 0.0296875 0.034375
0 0.76640625 0.34140625 0.0296875 0.040625
0 0.76484375 0.04921875 0.03125 0.0375
0 0.54609375 0.04765625 0.03125 0.040625
0 0.54765625 0.33828125 0.040625 0.05
0 0.36640625 0.33984375 0.03125 0.0375
0 0.36640625 0.046875 0.034375 0.040625