0 0.0640625 0.13515625 0.03203125 0.0296875
0 0.33203125 0.1375 0.04453125 0.0359375
0 0.6296875 0.13359375 0.0375 0.0359375
0 0.9 0.134375 0.0328125 0.03203125
0 0.90078125 0.284375 0.0375 0.03203125
0 0.6296875 0.2859375 0.04140625 0.03046875
0 0.9 0.5328125 0.034375 0.03203125
0 0.62890625 0.53125 0.03125 0.028125
0 0.8984375 0.73125 0.0328125 0.02578125
0 0.62890625 0.7328125 0.03125 0.02734375
0 0.33359375 0.7328125 0.0375 0.02734375
0 0.0640625 0.73125 0.03515625 0.028125
0 0.06328125 0.5296875 0.03828125 0.028125
0 0.33046875 0.53125 0.04609375 0.0375
0 0.33203125 0.36484375 0.034375 0.02890625
0 0.0625 0.3640625 0.03671875 0.03125