0 0.7734375 0.05234375 0.03515625 0.03125
0 0.953125 0.05078125 0.0359375 0.02734375
0 0.7671875 0.3125 0.04140625 0.0296875
0 0.9515625 0.42578125 0.03125 0.0390625
0 0.76875 0.5546875 0.03984375 0.02578125
0 0.9515625 0.815625 0.03125 0.0296875
0 0.77421875 0.81484375 0.03359375 0.02890625
0 0.34375 0.81484375 0.034375 0.02890625
0 0.34296875 0.56015625 0.02890625 0.0375
0 0.3421875 0.31015625 0.02890625 0.04140625
0 0.34375 0.053125 0.03125 0.03046875
0 0.0515625 0.31328125 0.034375 0.03203125
0 0.053125 0.55625 0.03359375 0.0296875
0 0.053125 0.81484375 0.034375 0.0296875