0 0.975 0.1984375 0.0328125 0.0375
0 0.97734375 0.015625 0.028125 0.03125
0 0.7046875 0.20546875 0.03125 0.04375
0 0.5875 0.015625 0.040625 0.03125
0 0.453125 0.20390625 0.0265625 0.040625
0 0.18203125 0.015625 0.03125 0.03125
0 0.1828125 0.19765625 0.03125 0.034375
0 0.18203125 0.6453125 0.0296875 0.0359375
0 0.446875 0.64609375 0.0390625 0.0296875
0 0.70703125 0.646875 0.04375 0.03125
0 0.97421875 0.6453125 0.03125 0.0328125
0 0.703125 0.94921875 0.0328125 0.034375
0 0.4515625 0.94765625 0.03125 0.034375
0 0.1828125 0.94765625 0.03125 0.034375