0 0.79296875 0.0328125 0.0375 0.034375
0 0.98203125 0.03046875 0.0359375 0.0296875
0 0.7859375 0.3109375 0.04375 0.03125
0 0.9828125 0.43203125 0.0328125 0.040625
0 0.7875 0.56953125 0.0421875 0.028125
0 0.9828125 0.8484375 0.034375 0.03125
0 0.79453125 0.84765625 0.0359375 0.03125
0 0.33515625 0.84765625 0.0375 0.03125
0 0.334375 0.57578125 0.03125 0.040625
0 0.33359375 0.30859375 0.03125 0.04375
0 0.334375 0.034375 0.034375 0.0328125
0 0.0234375 0.3125 0.0359375 0.034375
0 0.025 0.57109375 0.034375 0.03125
0 0.025 0.84765625 0.0359375 0.03125