0 0.8703125 0.1203125 0.0453125 0.02578125
0 0.5140625 0.1203125 0.04609375 0.0296875
0 0.87109375 0.21640625 0.05234375 0.02734375
0 0.1375 0.12109375 0.03984375 0.02421875
0 0.14296875 0.41640625 0.040625 0.02578125
0 0.51171875 0.41640625 0.0453125 0.02734375
0 0.87265625 0.41796875 0.05 0.028125
0 0.8703125 0.69296875 0.04140625 0.0234375
0 0.66953125 0.69453125 0.0453125 0.02109375
0 0.4953125 0.6984375 0.03984375 0.02421875
0 0.86953125 0.9875 0.0421875 0.025
0 0.57578125 0.98671875 0.04453125 0.0234375
0 0.49375 0.84609375 0.04453125 0.025
0 0.1390625 0.6953125 0.0453125 0.025
0 0.140625 0.98828125 0.03984375 0.0234375