0 0.0125 0.05703125 0.025 0.021875
0 0.0125 0.2515625 0.025 0.021875
0 0.2703125 0.0578125 0.034375 0.021875
0 0.2734375 0.25390625 0.034375 0.0234375
0 0.49375 0.05859375 0.03125 0.025
0 0.49375 0.25078125 0.034375 0.021875
0 0.65703125 0.25234375 0.0359375 0.021875
0 0.65703125 0.059375 0.03125 0.025
0 0.88671875 0.0578125 0.034375 0.0234375
0 0.890625 0.253125 0.0375 0.0234375
0 0.88828125 0.41953125 0.034375 0.021875
0 0.659375 0.41953125 0.0328125 0.021875
0 0.49296875 0.41953125 0.034375 0.021875
0 0.2703125 0.41953125 0.034375 0.021875
0 0.0125 0.41796875 0.025 0.021875
0 0.06875 0.5484375 0.0375 0.0234375
0 0.33125 0.5484375 0.0359375 0.0234375
0 0.55078125 0.5484375 0.0359375 0.021875
0 0.71796875 0.54765625 0.0328125 0.021875
0 0.94609375 0.5484375 0.028125 0.0203125
0 0.94765625 0.740625 0.034375 0.021875
0 0.71640625 0.74140625 0.03125 0.01875
0 0.55 0.740625 0.034375 0.021875
0 0.3296875 0.74140625 0.0375 0.0234375
0 0.0703125 0.7421875 0.034375 0.021875
0 0.06796875 0.9078125 0.03125 0.01875
0 0.33125 0.909375 0.040625 0.025
0 0.553125 0.90859375 0.0375 0.021875
0 0.71796875 0.90703125 0.0375 0.021875
0 0.946875 0.909375 0.034375 0.0203125