0 0.090625 0.0578125 0.0203125 0.0265625
0 0.2703125 0.05859375 0.01953125 0.02734375
0 0.090625 0.29765625 0.02109375 0.03203125
0 0.271875 0.3 0.021875 0.0328125
0 0.09140625 0.50390625 0.021875 0.0296875
0 0.26953125 0.50390625 0.02109375 0.03125
0 0.2703125 0.65546875 0.02109375 0.03359375
0 0.09140625 0.65546875 0.02421875 0.0296875
0 0.090625 0.86796875 0.021875 0.03125
0 0.27109375 0.87109375 0.021875 0.034375
0 0.425 0.86953125 0.01953125 0.03203125
0 0.42578125 0.65703125 0.01953125 0.0296875
0 0.42578125 0.503125 0.01953125 0.03125
0 0.425 0.29765625 0.01953125 0.03125
0 0.42421875 0.0578125 0.01953125 0.02890625
0 0.54453125 0.1109375 0.021875 0.03359375
0 0.54453125 0.35390625 0.021875 0.0328125
0 0.54453125 0.55703125 0.02109375 0.0328125
0 0.54453125 0.71171875 0.0203125 0.0296875
0 0.54453125 0.92265625 0.01953125 0.0265625
0 0.72265625 0.92421875 0.01953125 0.03125
0 0.7234375 0.71015625 0.01875 0.0296875
0 0.72265625 0.55625 0.0203125 0.03125
0 0.7234375 0.353125 0.021875 0.03359375
0 0.72421875 0.1125 0.0203125 0.03203125
0 0.878125 0.1109375 0.01796875 0.0296875
0 0.87890625 0.35390625 0.0234375 0.0375
0 0.878125 0.55859375 0.01953125 0.03515625
0 0.87734375 0.71171875 0.02109375 0.034375
0 0.87890625 0.9234375 0.01953125 0.03046875