0 0.95625 0.9171875 0.028125 0.021875
0 0.95546875 0.734375 0.028125 0.01875
0 0.71171875 0.9171875 0.03125 0.021875
0 0.709375 0.7328125 0.0328125 0.021875
0 0.50078125 0.91640625 0.03125 0.021875
0 0.50078125 0.7359375 0.03125 0.021875
0 0.34609375 0.734375 0.034375 0.021875
0 0.34609375 0.91640625 0.0296875 0.025
0 0.1296875 0.9171875 0.03125 0.021875
0 0.1265625 0.73359375 0.034375 0.021875
0 0.128125 0.57734375 0.0328125 0.0203125
0 0.34453125 0.57734375 0.03125 0.0203125
0 0.5015625 0.57734375 0.03125 0.01875
0 0.71171875 0.57734375 0.03125 0.0203125
0 0.95625 0.578125 0.0296875 0.01875
0 0.9015625 0.45625 0.034375 0.021875
0 0.6546875 0.45625 0.034375 0.021875
0 0.446875 0.45625 0.034375 0.021875
0 0.2890625 0.45703125 0.03125 0.0203125
0 0.0734375 0.45625 0.028125 0.01875
0 0.07265625 0.275 0.03125 0.0203125
0 0.290625 0.27421875 0.03125 0.01875
0 0.44765625 0.275 0.03125 0.021875
0 0.65546875 0.275 0.034375 0.021875
0 0.90078125 0.27421875 0.0328125 0.0203125
0 0.90234375 0.11796875 0.03125 0.01875
0 0.6546875 0.11640625 0.0375 0.0234375
0 0.4453125 0.1171875 0.0359375 0.01875
0 0.2890625 0.11875 0.034375 0.021875
0 0.07265625 0.1171875 0.03125 0.01875