0 0.0796875 0.825 0.0296875 0.021875
0 0.07734375 0.63984375 0.03125 0.021875
0 0.32421875 0.82421875 0.0328125 0.021875
0 0.53046875 0.82421875 0.0375 0.021875
0 0.68828125 0.82421875 0.034375 0.0234375
0 0.90234375 0.825 0.0328125 0.025
0 0.9015625 0.6390625 0.03125 0.021875
0 0.68828125 0.6390625 0.03125 0.025
0 0.5328125 0.6390625 0.0296875 0.021875
0 0.32421875 0.6390625 0.028125 0.0203125
0 0.0796875 0.48125 0.034375 0.021875
0 0.3234375 0.48125 0.03125 0.0203125
0 0.53359375 0.48125 0.03125 0.0203125
0 0.68828125 0.48125 0.034375 0.021875
0 0.90234375 0.48125 0.03125 0.021875
0 0.078125 0.35234375 0.0328125 0.021875
0 0.3203125 0.353125 0.03125 0.025
0 0.5296875 0.35234375 0.03125 0.021875
0 0.6859375 0.35234375 0.03125 0.021875
0 0.9015625 0.35234375 0.03125 0.021875
0 0.9 0.16796875 0.03125 0.0203125
0 0.6859375 0.16796875 0.028125 0.021875
0 0.53046875 0.16640625 0.034375 0.021875
0 0.32265625 0.1671875 0.028125 0.0234375
0 0.07734375 0.16796875 0.028125 0.0203125
0 0.0765625 0.01015625 0.03125 0.0203125
0 0.3203125 0.0109375 0.0375 0.021875
0 0.5296875 0.0109375 0.034375 0.021875
0 0.6859375 0.01015625 0.03125 0.0203125
0 0.9 0.01015625 0.03125 0.0203125