0 0.16484375 0.87265625 0.0234375 0.03125
0 0.35859375 0.875 0.025 0.03125
0 0.165625 0.61796875 0.021875 0.034375
0 0.165625 0.40234375 0.0234375 0.0375
0 0.165625 0.2375 0.025 0.034375
0 0.1640625 0.01640625 0.028125 0.0328125
0 0.35859375 0.01640625 0.021875 0.0328125
0 0.359375 0.2375 0.025 0.034375
0 0.359375 0.4 0.0234375 0.03125
0 0.359375 0.61796875 0.021875 0.03125
0 0.525 0.87265625 0.0234375 0.034375
0 0.525 0.61875 0.021875 0.03125
0 0.52421875 0.39921875 0.021875 0.03125
0 0.525 0.2375 0.0234375 0.034375
0 0.52265625 0.015625 0.0234375 0.03125
0 0.659375 0.87421875 0.0234375 0.034375
0 0.65859375 0.621875 0.025 0.03125
0 0.659375 0.403125 0.025 0.0328125
0 0.659375 0.23984375 0.0234375 0.03125
0 0.6578125 0.01640625 0.021875 0.0328125
0 0.85234375 0.01796875 0.021875 0.0359375
0 0.853125 0.23984375 0.0234375 0.03125
0 0.85390625 0.40234375 0.0234375 0.0359375
0 0.85390625 0.61953125 0.025 0.0296875
0 0.85234375 0.87578125 0.021875 0.028125