0 0.1765625 0.115625 0.02109375 0.028125
0 0.35234375 0.11328125 0.021875 0.02890625
0 0.1765625 0.34765625 0.0203125 0.03125
0 0.1765625 0.54375 0.02109375 0.034375
0 0.17734375 0.69375 0.02265625 0.03203125
0 0.1765625 0.896875 0.025 0.03125
0 0.35390625 0.89609375 0.01953125 0.0296875
0 0.35390625 0.69375 0.0234375 0.03046875
0 0.353125 0.54609375 0.02109375 0.028125
0 0.353125 0.34765625 0.01953125 0.028125
0 0.50390625 0.115625 0.02109375 0.03203125
0 0.50390625 0.346875 0.01953125 0.0296875
0 0.50390625 0.546875 0.01953125 0.02890625
0 0.50390625 0.69375 0.02109375 0.03203125
0 0.50390625 0.89765625 0.02109375 0.02890625
0 0.6265625 0.1140625 0.02109375 0.03125
0 0.62578125 0.34453125 0.02265625 0.0296875
0 0.6265625 0.54296875 0.021875 0.0296875
0 0.6265625 0.69140625 0.02109375 0.02890625
0 0.6265625 0.89609375 0.01953125 0.03046875
0 0.803125 0.89453125 0.01953125 0.03046875
0 0.803125 0.69140625 0.02109375 0.02734375
0 0.80390625 0.54375 0.021875 0.03203125
0 0.80390625 0.34609375 0.02265625 0.0265625
0 0.80234375 0.11328125 0.01953125 0.0265625
0 0.9546875 0.1140625 0.0203125 0.0296875
0 0.95390625 0.34609375 0.01953125 0.0328125
0 0.9546875 0.54453125 0.0203125 0.03359375
0 0.95546875 0.69375 0.02109375 0.03125
0 0.9546875 0.896875 0.01953125 0.03125