0 0.890625 0.09296875 0.0375 0.046875
0 0.890625 0.40859375 0.0375 0.0390625
0 0.890625 0.634375 0.0375 0.0421875
0 0.89296875 0.9484375 0.034375 0.0390625
0 0.58125 0.95 0.0375 0.0421875
0 0.58046875 0.634375 0.034375 0.0390625
0 0.4109375 0.953125 0.03125 0.040625
0 0.4125 0.7328125 0.034375 0.0375
0 0.1375 0.95078125 0.0359375 0.0390625
0 0.13828125 0.7328125 0.03125 0.040625
0 0.1375 0.40859375 0.034375 0.046875
0 0.4109375 0.409375 0.0359375 0.04375
0 0.58125 0.409375 0.034375 0.046875
0 0.58046875 0.09296875 0.0359375 0.0421875
0 0.1359375 0.09375 0.0359375 0.040625