0 0.11875 0.14296875 0.04375 0.0375
0 0.4203125 0.14296875 0.0375 0.034375
0 0.63671875 0.14296875 0.040625 0.0375
0 0.93828125 0.140625 0.0375 0.034375
0 0.93984375 0.4390625 0.040625 0.0375
0 0.6375 0.43984375 0.0375 0.0328125
0 0.94296875 0.6015625 0.0390625 0.03125
0 0.73125 0.6 0.0375 0.034375
0 0.93984375 0.8640625 0.0375 0.034375
0 0.73125 0.8625 0.0390625 0.03125
0 0.42109375 0.86328125 0.04375 0.034375
0 0.42109375 0.60234375 0.040625 0.034375
0 0.42109375 0.4390625 0.04375 0.03125
0 0.11875 0.43984375 0.040625 0.034375
0 0.11953125 0.86484375 0.0375 0.034375