0 0.1328125 0.140625 0.04296875 0.0359375
0 0.4265625 0.140625 0.0359375 0.034375
0 0.6375 0.140625 0.0390625 0.03515625
0 0.93046875 0.13828125 0.0359375 0.0328125
0 0.93203125 0.428125 0.0390625 0.0359375
0 0.6375 0.4296875 0.0359375 0.03203125
0 0.93515625 0.58671875 0.03828125 0.0296875
0 0.72890625 0.58515625 0.0359375 0.03203125
0 0.93203125 0.84140625 0.03671875 0.0328125
0 0.72890625 0.840625 0.0375 0.0296875
0 0.42734375 0.84140625 0.04296875 0.03203125
0 0.42734375 0.5875 0.03984375 0.03359375
0 0.42734375 0.428125 0.04296875 0.03125
0 0.1328125 0.4296875 0.03984375 0.03359375
0 0.13359375 0.84296875 0.0375 0.03359375