0 0.12890625 0.0359375 0.04140625 0.02265625
0 0.4171875 0.0359375 0.04453125 0.0234375
0 0.72109375 0.03515625 0.03671875 0.01953125
0 0.9203125 0.03515625 0.03828125 0.0203125
0 0.13203125 0.2421875 0.046875 0.0203125
0 0.41796875 0.24140625 0.03359375 0.02109375
0 0.72109375 0.24140625 0.0375 0.0203125
0 0.91875 0.2421875 0.0359375 0.02109375
0 0.721875 0.41875 0.0390625 0.02109375
0 0.9203125 0.41953125 0.03671875 0.02109375
0 0.41640625 0.41953125 0.03359375 0.01953125
0 0.13359375 0.4203125 0.03828125 0.021875
0 0.13203125 0.6296875 0.0390625 0.02109375
0 0.41640625 0.628125 0.04140625 0.021875
0 0.72109375 0.62890625 0.04140625 0.0203125
0 0.9171875 0.62890625 0.0390625 0.0203125
0 0.72265625 0.83828125 0.040625 0.01953125
0 0.91796875 0.8390625 0.0390625 0.021875
0 0.41796875 0.8375 0.040625 0.0203125
0 0.1328125 0.8390625 0.04296875 0.0234375