0 0.85703125 0.0140625 0.046875 0.025
0 0.5390625 0.0140625 0.05 0.025
0 0.203125 0.01328125 0.040625 0.021875
0 0.8546875 0.2421875 0.053125 0.0234375
0 0.53828125 0.24140625 0.0375 0.0234375
0 0.203125 0.24140625 0.0421875 0.021875
0 0.20234375 0.43671875 0.04375 0.0234375
0 0.53984375 0.43828125 0.0375 0.021875
0 0.85234375 0.4390625 0.04375 0.025
0 0.85390625 0.6703125 0.04375 0.0234375
0 0.53984375 0.66796875 0.046875 0.025
0 0.203125 0.66953125 0.0453125 0.021875
0 0.0046875 0.66953125 0.009375 0.021875
0 0.2015625 0.90078125 0.0453125 0.021875
0 0.53828125 0.9 0.04375 0.021875
0 0.853125 0.9015625 0.046875 0.025