0 0.08046875 0.98203125 0.0453125 0.025
0 0.3890625 0.98203125 0.0484375 0.025
0 0.71484375 0.9828125 0.040625 0.0203125
0 0.92890625 0.9828125 0.040625 0.021875
0 0.0828125 0.7609375 0.05 0.021875
0 0.390625 0.76171875 0.0359375 0.021875
0 0.715625 0.76171875 0.040625 0.021875
0 0.92734375 0.7609375 0.0390625 0.021875
0 0.71640625 0.571875 0.040625 0.021875
0 0.92890625 0.5703125 0.040625 0.021875
0 0.3890625 0.57109375 0.0359375 0.0203125
0 0.08515625 0.56953125 0.040625 0.0234375
0 0.08359375 0.3453125 0.0421875 0.021875
0 0.3890625 0.34765625 0.04375 0.0234375
0 0.71484375 0.34609375 0.04375 0.021875
0 0.92578125 0.34609375 0.040625 0.021875
0 0.7171875 0.121875 0.04375 0.021875
0 0.9265625 0.12109375 0.040625 0.0234375
0 0.390625 0.12265625 0.0421875 0.021875
0 0.084375 0.12109375 0.046875 0.025