0 0.09453125 0.953125 0.025 0.028125
0 0.09453125 0.68359375 0.0234375 0.028125
0 0.09453125 0.3421875 0.025 0.028125
0 0.09453125 0.0734375 0.025 0.028125
0 0.48515625 0.07421875 0.025 0.0265625
0 0.4859375 0.34296875 0.0265625 0.0265625
0 0.48515625 0.68359375 0.021875 0.025
0 0.48515625 0.95234375 0.0265625 0.028125
0 0.70703125 0.953125 0.025 0.025
0 0.7078125 0.68359375 0.025 0.028125
0 0.95234375 0.95234375 0.025 0.028125
0 0.9515625 0.53046875 0.025 0.028125
0 0.9515625 0.34296875 0.021875 0.028125
0 0.95234375 0.0734375 0.021875 0.0296875
0 0.609375 0.3421875 0.025 0.028125
0 0.609375 0.075 0.0234375 0.0234375
0 0.3390625 0.68359375 0.0234375 0.025
0 0.33984375 0.34296875 0.025 0.028125