0 0.8890625 0.9671875 0.025 0.028125
0 0.88984375 0.70234375 0.021875 0.0265625
0 0.8890625 0.3671875 0.025 0.028125
0 0.88984375 0.10390625 0.025 0.028125
0 0.5046875 0.10390625 0.025 0.0265625
0 0.50390625 0.36796875 0.025 0.025
0 0.5046875 0.703125 0.021875 0.025
0 0.5046875 0.9671875 0.025 0.028125
0 0.28671875 0.9671875 0.025 0.025
0 0.2859375 0.70234375 0.025 0.028125
0 0.0453125 0.96640625 0.025 0.0265625
0 0.04609375 0.55234375 0.0234375 0.028125
0 0.046875 0.36796875 0.021875 0.028125
0 0.0453125 0.10390625 0.021875 0.028125
0 0.3828125 0.36796875 0.025 0.0265625
0 0.3828125 0.1046875 0.0234375 0.0234375
0 0.6484375 0.703125 0.021875 0.025
0 0.6484375 0.36796875 0.025 0.028125