0 0.07265625 0.11171875 0.02578125 0.02265625
0 0.31796875 0.11171875 0.025 0.02109375
0 0.63046875 0.11171875 0.02578125 0.0234375
0 0.87578125 0.11171875 0.0265625 0.02265625
0 0.875 0.46953125 0.02421875 0.02265625
0 0.6296875 0.4703125 0.02421875 0.02421875
0 0.31796875 0.46953125 0.02265625 0.02109375
0 0.07265625 0.46953125 0.0265625 0.02421875
0 0.071875 0.67265625 0.0234375 0.0234375
0 0.31875 0.6734375 0.02578125 0.0234375
0 0.07265625 0.896875 0.025 0.02265625
0 0.45859375 0.89609375 0.02578125 0.021875
0 0.6296875 0.89609375 0.025 0.0203125
0 0.87578125 0.896875 0.02734375 0.0203125
0 0.6296875 0.5828125 0.025 0.02265625
0 0.87421875 0.5828125 0.021875 0.021875
0 0.31796875 0.3359375 0.02265625 0.02109375
0 0.6296875 0.3359375 0.025 0.02265625