0 0.103125 0.09375 0.04453125 0.02734375
0 0.46171875 0.09375 0.04140625 0.02578125
0 0.8390625 0.09375 0.046875 0.02890625
0 0.8375 0.315625 0.0421875 0.02578125
0 0.4609375 0.315625 0.04375 0.0265625
0 0.10234375 0.315625 0.0421875 0.02578125
0 0.10234375 0.53671875 0.04609375 0.02578125
0 0.4625 0.53671875 0.0421875 0.03046875
0 0.83828125 0.5359375 0.0421875 0.025
0 0.83671875 0.78203125 0.04375 0.02734375
0 0.4609375 0.78203125 0.04453125 0.0265625
0 0.10234375 0.78125 0.04296875 0.0265625
0 0.10234375 0.92578125 0.0453125 0.02421875
0 0.4609375 0.92734375 0.0484375 0.02421875
0 0.8375 0.92734375 0.04453125 0.021875