0 0.909375 0.08828125 0.046875 0.0296875
0 0.52109375 0.08828125 0.04375 0.028125
0 0.11328125 0.08828125 0.05 0.03125
0 0.11484375 0.32734375 0.0453125 0.028125
0 0.52265625 0.32734375 0.046875 0.028125
0 0.9109375 0.32734375 0.0453125 0.028125
0 0.91015625 0.565625 0.05 0.028125
0 0.5203125 0.56640625 0.0453125 0.0328125
0 0.1140625 0.56484375 0.0453125 0.0265625
0 0.11640625 0.83046875 0.046875 0.028125
0 0.521875 0.83046875 0.0484375 0.028125
0 0.91015625 0.83046875 0.046875 0.028125
0 0.91015625 0.9859375 0.05 0.025
0 0.52265625 0.98671875 0.053125 0.0265625
0 0.115625 0.9875 0.0484375 0.025