0 0.103125 0.90625 0.04375 0.028125
0 0.46171875 0.90625 0.040625 0.025
0 0.8390625 0.90625 0.046875 0.028125
0 0.8375 0.684375 0.0421875 0.025
0 0.4609375 0.684375 0.04375 0.0265625
0 0.10234375 0.684375 0.0421875 0.025
0 0.10234375 0.46328125 0.046875 0.025
0 0.4625 0.46328125 0.0421875 0.03125
0 0.83828125 0.4640625 0.0421875 0.025
0 0.83671875 0.21796875 0.04375 0.028125
0 0.4609375 0.21796875 0.04375 0.0265625
0 0.10234375 0.21875 0.04375 0.0265625
0 0.10234375 0.07421875 0.0453125 0.025
0 0.4609375 0.07265625 0.0484375 0.025
0 0.8375 0.07265625 0.04375 0.021875