0 0.1734375 0.2046875 0.0234375 0.01953125
0 0.39609375 0.20546875 0.0265625 0.01953125
0 0.61953125 0.20625 0.02265625 0.0203125
0 0.61953125 0.38515625 0.021875 0.01796875
0 0.396875 0.38515625 0.0234375 0.01640625
0 0.17421875 0.38515625 0.02578125 0.01796875
0 0.1734375 0.6671875 0.02578125 0.01953125
0 0.39765625 0.66640625 0.02265625 0.0171875
0 0.61875 0.6671875 0.02421875 0.0171875
0 0.6203125 0.8140625 0.021875 0.01796875
0 0.396875 0.8140625 0.02734375 0.0203125
0 0.17421875 0.81328125 0.02578125 0.01953125