0 0.0984375 0.784375 0.028125 0.034375
0 0.09921875 0.4875 0.0296875 0.0375
0 0.09921875 0.196875 0.028125 0.028125
0 0.321875 0.78359375 0.03125 0.040625
0 0.31953125 0.484375 0.021875 0.028125
0 0.31875 0.196875 0.025 0.0390625
0 0.615625 0.54609375 0.0296875 0.0421875
0 0.61875 0.78125 0.025 0.040625
0 0.6171875 0.1953125 0.025 0.04375
0 0.61484375 0.41640625 0.028125 0.034375
0 0.79765625 0.78515625 0.028125 0.028125
0 0.79375 0.54140625 0.025 0.03125
0 0.94609375 0.78203125 0.028125 0.0390625
0 0.94609375 0.4296875 0.025 0.03125