0 0.92578125 0.76171875 0.03125 0.0375
0 0.92421875 0.4421875 0.03125 0.040625
0 0.925 0.1296875 0.03125 0.0296875
0 0.68515625 0.76015625 0.0328125 0.04375
0 0.6875 0.4390625 0.025 0.03125
0 0.68828125 0.1296875 0.028125 0.0421875
0 0.36875 0.50546875 0.03125 0.0453125
0 0.365625 0.75859375 0.0265625 0.0421875
0 0.3671875 0.128125 0.028125 0.0484375
0 0.3703125 0.36640625 0.0296875 0.0375
0 0.1734375 0.7625 0.028125 0.03125
0 0.17734375 0.50078125 0.028125 0.034375
0 0.01484375 0.7609375 0.0296875 0.040625
0 0.0140625 0.38046875 0.025 0.034375