0 0.07265625 0.15390625 0.0265625 0.01875
0 0.31875 0.15390625 0.02890625 0.01953125
0 0.696875 0.15390625 0.0265625 0.01953125
0 0.875 0.153125 0.02578125 0.01796875
0 0.87734375 0.325 0.02890625 0.0203125
0 0.69609375 0.32578125 0.028125 0.01796875
0 0.4984375 0.32578125 0.028125 0.01875
0 0.071875 0.4171875 0.02421875 0.0171875
0 0.07265625 0.49765625 0.025 0.01640625
0 0.31796875 0.4171875 0.02421875 0.01640625
0 0.31796875 0.49921875 0.02578125 0.0171875
0 0.6953125 0.4984375 0.02421875 0.0171875
0 0.8765625 0.4984375 0.025 0.0171875
0 0.07265625 0.7625 0.0234375 0.0171875
0 0.31796875 0.76171875 0.025 0.01796875
0 0.31875 0.8765625 0.02421875 0.01796875
0 0.07421875 0.87734375 0.03203125 0.01796875
0 0.69609375 0.87734375 0.025 0.01953125
0 0.87578125 0.87734375 0.02578125 0.01796875
0 0.875 0.7625 0.02421875 0.01796875
0 0.6953125 0.7625 0.0265625 0.0171875