0 0.92734375 0.15390625 0.0265625 0.01875
0 0.68125 0.15390625 0.028125 0.01875
0 0.303125 0.15390625 0.0265625 0.01875
0 0.125 0.153125 0.025 0.01875
0 0.12265625 0.325 0.028125 0.0203125
0 0.30390625 0.32578125 0.028125 0.01875
0 0.5015625 0.32578125 0.028125 0.01875
0 0.928125 0.4171875 0.025 0.0171875
0 0.92734375 0.49765625 0.025 0.015625
0 0.68203125 0.4171875 0.025 0.015625
0 0.68203125 0.49921875 0.025 0.0171875
0 0.3046875 0.4984375 0.025 0.0171875
0 0.1234375 0.4984375 0.025 0.0171875
0 0.92734375 0.7625 0.0234375 0.0171875
0 0.68203125 0.76171875 0.025 0.01875
0 0.68125 0.8765625 0.025 0.01875
0 0.92578125 0.87734375 0.03125 0.01875
0 0.30390625 0.87734375 0.025 0.01875
0 0.12421875 0.87734375 0.025 0.01875
0 0.125 0.7625 0.025 0.01875
0 0.3046875 0.7625 0.0265625 0.0171875