0 0.15 0.071875 0.01875 0.028125
0 0.15 0.3203125 0.01875 0.0296875
0 0.15 0.70234375 0.01875 0.028125
0 0.15 0.8828125 0.01875 0.0265625
0 0.32265625 0.88515625 0.0203125 0.0296875
0 0.3234375 0.7015625 0.01875 0.028125
0 0.32421875 0.50234375 0.01875 0.028125
0 0.41640625 0.07109375 0.0171875 0.025
0 0.49765625 0.071875 0.0171875 0.025
0 0.41640625 0.31953125 0.015625 0.025
0 0.4984375 0.31953125 0.0171875 0.025
0 0.49765625 0.7015625 0.0171875 0.025
0 0.4984375 0.88359375 0.0171875 0.025
0 0.76484375 0.071875 0.0171875 0.025
0 0.76484375 0.31953125 0.01875 0.025
0 0.88046875 0.32109375 0.01875 0.025
0 0.88125 0.0734375 0.01875 0.03125
0 0.88125 0.70234375 0.01875 0.025
0 0.88125 0.88359375 0.01875 0.0265625
0 0.765625 0.8828125 0.01875 0.025
0 0.76484375 0.7015625 0.0171875 0.0265625