0 0.753125 0.16953125 0.03515625 0.0234375
0 0.50859375 0.16796875 0.0359375 0.01796875
0 0.221875 0.16640625 0.03984375 0.01953125
0 0.5046875 0.32421875 0.040625 0.01953125
0 0.7515625 0.325 0.034375 0.0203125
0 0.2171875 0.32109375 0.0421875 0.0234375
0 0.20703125 0.53515625 0.0390625 0.02265625
0 0.203125 0.63671875 0.03828125 0.01875
0 0.509375 0.54140625 0.0421875 0.021875
0 0.50078125 0.63671875 0.03515625 0.0203125
0 0.75390625 0.5390625 0.03359375 0.01796875
0 0.75859375 0.63828125 0.0359375 0.021875