0 0.9265625 0.078125 0.028125 0.05
0 0.925 0.42421875 0.025 0.04375
0 0.925 0.58359375 0.028125 0.0453125
0 0.92421875 0.8984375 0.025 0.0484375
0 0.7296875 0.90078125 0.028125 0.046875
0 0.7296875 0.5859375 0.025 0.04375
0 0.73046875 0.421875 0.0265625 0.040625
0 0.7296875 0.08203125 0.025 0.05
0 0.54375 0.07421875 0.03125 0.05
0 0.46484375 0.07734375 0.028125 0.046875
0 0.4640625 0.29765625 0.028125 0.046875
0 0.54140625 0.421875 0.0265625 0.046875
0 0.54140625 0.58203125 0.025 0.05
0 0.54140625 0.8984375 0.028125 0.040625
0 0.46640625 0.896875 0.028125 0.04375
0 0.46875 0.5828125 0.025 0.046875
0 0.2734375 0.0796875 0.028125 0.059375
0 0.275 0.42109375 0.0265625 0.05
0 0.25859375 0.5796875 0.0296875 0.0453125
0 0.259375 0.89609375 0.028125 0.0375
0 0.11796875 0.89765625 0.028125 0.05
0 0.11640625 0.58984375 0.025 0.053125
0 0.1171875 0.4234375 0.028125 0.0453125
0 0.11640625 0.0734375 0.028125 0.046875