0 0.08046875 0.07265625 0.05078125 0.02890625
0 0.42421875 0.075 0.04375 0.02578125
0 0.58359375 0.07421875 0.04453125 0.02890625
0 0.896875 0.07578125 0.0484375 0.025
0 0.8984375 0.26875 0.046875 0.028125
0 0.58515625 0.26875 0.04375 0.025
0 0.42265625 0.26796875 0.03984375 0.0265625
0 0.084375 0.26875 0.05 0.025
0 0.0765625 0.45390625 0.05 0.03046875
0 0.0796875 0.53203125 0.046875 0.028125
0 0.29921875 0.53359375 0.046875 0.02890625
0 0.42265625 0.45625 0.04765625 0.02578125
0 0.58125 0.45625 0.04921875 0.0234375
0 0.896875 0.45625 0.040625 0.0265625
0 0.89453125 0.53046875 0.04453125 0.028125
0 0.5828125 0.52890625 0.04609375 0.02421875
0 0.08203125 0.7234375 0.0578125 0.028125
0 0.421875 0.72109375 0.04921875 0.02578125
0 0.5796875 0.7375 0.04453125 0.0296875
0 0.89375 0.73671875 0.03828125 0.02734375
0 0.8953125 0.87734375 0.04921875 0.02890625
0 0.58984375 0.8796875 0.05234375 0.025
0 0.4234375 0.878125 0.04453125 0.02734375
0 0.07578125 0.87890625 0.046875 0.02890625