0 0.05234375 0.92578125 0.053125 0.03125
0 0.41953125 0.9234375 0.046875 0.028125
0 0.5890625 0.92421875 0.046875 0.03125
0 0.9234375 0.92265625 0.0515625 0.028125
0 0.92578125 0.71640625 0.05 0.03125
0 0.59140625 0.71640625 0.046875 0.0265625
0 0.4171875 0.7171875 0.0421875 0.028125
0 0.05625 0.71640625 0.053125 0.0265625
0 0.04765625 0.51875 0.053125 0.03125
0 0.0515625 0.43515625 0.05 0.03125
0 0.28515625 0.434375 0.05 0.03125
0 0.4171875 0.515625 0.05 0.028125
0 0.5875 0.51640625 0.053125 0.025
0 0.9234375 0.51640625 0.04375 0.028125
0 0.92109375 0.43671875 0.046875 0.0296875
0 0.58828125 0.4390625 0.05 0.0265625
0 0.053125 0.23125 0.0625 0.03125
0 0.41640625 0.23359375 0.053125 0.028125
0 0.584375 0.21640625 0.046875 0.03125
0 0.92109375 0.21640625 0.040625 0.0296875
0 0.92265625 0.06640625 0.053125 0.03125
0 0.59609375 0.06484375 0.05625 0.0265625
0 0.41875 0.065625 0.046875 0.0296875
0 0.046875 0.06484375 0.05 0.03125