0 0.1234375 0.8359375 0.021875 0.034375
0 0.12109375 0.5390625 0.015625 0.034375
0 0.121875 0.4140625 0.01875 0.0359375
0 0.12265625 0.16171875 0.021875 0.0328125
0 0.2671875 0.16171875 0.01875 0.0265625
0 0.2703125 0.415625 0.015625 0.034375
0 0.30546875 0.534375 0.021875 0.03125
0 0.44765625 0.16328125 0.021875 0.034375
0 0.44609375 0.41875 0.0203125 0.028125
0 0.446875 0.534375 0.021875 0.03125
0 0.57109375 0.1640625 0.021875 0.03125
0 0.6921875 0.16484375 0.015625 0.0375
0 0.690625 0.5359375 0.0203125 0.03125
0 0.5859375 0.5390625 0.015625 0.040625
0 0.58671875 0.8328125 0.015625 0.0390625
0 0.6921875 0.8328125 0.015625 0.04375
0 0.446875 0.8359375 0.0203125 0.03125
0 0.3046875 0.83671875 0.0203125 0.03125