0 0.17265625 0.121875 0.0328125 0.021875
0 0.46484375 0.1203125 0.03359375 0.01640625
0 0.5875 0.1203125 0.03515625 0.01796875
0 0.83515625 0.12109375 0.03203125 0.021875
0 0.83515625 0.2640625 0.0265625 0.01875
0 0.5859375 0.2671875 0.03515625 0.015625
0 0.46953125 0.3015625 0.03046875 0.02109375
0 0.834375 0.44140625 0.034375 0.0203125
0 0.5828125 0.43984375 0.0265625 0.0203125
0 0.46875 0.440625 0.03046875 0.02109375
0 0.8328125 0.5625 0.0296875 0.021875
0 0.83203125 0.68203125 0.03671875 0.01640625
0 0.4671875 0.68046875 0.03125 0.0203125
0 0.46484375 0.57734375 0.03984375 0.01484375
0 0.175 0.57890625 0.03828125 0.01640625
0 0.17578125 0.6828125 0.0421875 0.015625
0 0.171875 0.440625 0.03046875 0.01953125
0 0.171875 0.30078125 0.03203125 0.01953125