0 0.88125 0.046875 0.0359375 0.0234375
0 0.56171875 0.0453125 0.0375 0.01875
0 0.42734375 0.0453125 0.0390625 0.01875
0 0.15546875 0.04609375 0.034375 0.025
0 0.15625 0.20234375 0.028125 0.0203125
0 0.42890625 0.20546875 0.0375 0.015625
0 0.55625 0.24375 0.0328125 0.021875
0 0.15703125 0.3953125 0.0375 0.021875
0 0.4328125 0.39453125 0.0296875 0.021875
0 0.55703125 0.3953125 0.034375 0.021875
0 0.15859375 0.528125 0.03125 0.025
0 0.159375 0.659375 0.040625 0.01875
0 0.55859375 0.65703125 0.034375 0.021875
0 0.56171875 0.54453125 0.04375 0.015625
0 0.878125 0.5453125 0.040625 0.01875
0 0.87734375 0.659375 0.046875 0.0171875
0 0.88125 0.3953125 0.034375 0.021875
0 0.88203125 0.2421875 0.034375 0.021875