0 0.1578125 0.84140625 0.03125 0.0203125
0 0.37421875 0.840625 0.03125 0.0234375
0 0.50546875 0.84140625 0.0296875 0.021875
0 0.76171875 0.84140625 0.0296875 0.021875
0 0.503125 0.64921875 0.028125 0.021875
0 0.76328125 0.646875 0.0359375 0.0234375
0 0.375 0.64765625 0.03125 0.021875
0 0.15625 0.6484375 0.03125 0.021875
0 0.503125 0.45234375 0.034375 0.0203125
0 0.76171875 0.4515625 0.034375 0.0203125
0 0.371875 0.45234375 0.03125 0.0203125
0 0.15859375 0.4515625 0.0375 0.021875
0 0.15703125 0.23359375 0.03125 0.021875
0 0.3703125 0.234375 0.0359375 0.021875
0 0.50625 0.2328125 0.03125 0.021875
0 0.759375 0.2328125 0.03125 0.021875
0 0.76328125 0.1125 0.03125 0.0234375
0 0.503125 0.1125 0.0375 0.021875
0 0.37265625 0.11328125 0.034375 0.01875
0 0.15859375 0.1125 0.034375 0.025