0 0.15625 0.17109375 0.02890625 0.01953125
0 0.36484375 0.171875 0.0296875 0.02265625
0 0.49140625 0.17109375 0.02890625 0.0203125
0 0.73828125 0.1703125 0.02890625 0.021875
0 0.4890625 0.35625 0.02578125 0.02109375
0 0.73984375 0.3578125 0.034375 0.02265625
0 0.365625 0.35703125 0.03046875 0.02109375
0 0.1546875 0.35703125 0.03046875 0.0203125
0 0.4890625 0.54609375 0.03203125 0.01953125
0 0.73828125 0.546875 0.03359375 0.01953125
0 0.3625 0.54609375 0.03046875 0.01953125
0 0.15703125 0.54609375 0.03515625 0.02109375
0 0.15546875 0.75703125 0.03125 0.0203125
0 0.3609375 0.75625 0.03515625 0.0203125
0 0.4921875 0.75703125 0.03046875 0.02109375
0 0.73671875 0.7578125 0.03046875 0.0203125
0 0.73984375 0.8734375 0.0296875 0.02265625
0 0.4890625 0.8734375 0.03515625 0.02109375
0 0.36328125 0.87265625 0.03203125 0.01796875
0 0.15703125 0.87421875 0.03203125 0.02421875