0 0.11640625 0.15234375 0.03125 0.021875
0 0.33515625 0.153125 0.03125 0.025
0 0.4671875 0.15234375 0.0296875 0.021875
0 0.72734375 0.1515625 0.0296875 0.021875
0 0.46484375 0.346875 0.028125 0.021875
0 0.728125 0.34921875 0.0359375 0.0234375
0 0.33515625 0.3484375 0.03125 0.021875
0 0.11484375 0.34765625 0.03125 0.021875
0 0.465625 0.54609375 0.034375 0.0203125
0 0.7265625 0.546875 0.0359375 0.0203125
0 0.33203125 0.54609375 0.03125 0.0203125
0 0.11640625 0.546875 0.0375 0.021875
0 0.11484375 0.76796875 0.0328125 0.021875
0 0.33046875 0.7671875 0.0375 0.021875
0 0.46796875 0.76796875 0.03125 0.021875
0 0.725 0.76875 0.03125 0.021875
0 0.72890625 0.890625 0.03125 0.0234375
0 0.46484375 0.88984375 0.0375 0.021875
0 0.33359375 0.8890625 0.034375 0.01875
0 0.11640625 0.890625 0.034375 0.025