0 0.4703125 0.940625 0.034375 0.034375
0 0.153125 0.9421875 0.0359375 0.03125
0 0.153125 0.65703125 0.0328125 0.0328125
0 0.465625 0.65390625 0.0390625 0.025
0 0.15390625 0.4515625 0.034375 0.03125
0 0.47109375 0.4515625 0.03125 0.0296875
0 0.15703125 0.203125 0.0453125 0.028125
0 0.46640625 0.2046875 0.046875 0.025
0 0.15625 0.05 0.0484375 0.025
0 0.4671875 0.0484375 0.04375 0.0234375
0 0.7609375 0.94375 0.0359375 0.0234375
0 0.7625 0.746875 0.034375 0.0328125
0 0.76171875 0.45859375 0.034375 0.03125
0 0.7625 0.20625 0.0328125 0.03125
0 0.7609375 0.0484375 0.034375 0.021875