0 0.08984375 0.50078125 0.03125 0.0328125
0 0.0890625 0.803125 0.03125 0.0328125
0 0.36015625 0.80234375 0.03125 0.03125
0 0.36328125 0.5046875 0.021875 0.0375
0 0.55546875 0.80234375 0.0296875 0.034375
0 0.55546875 0.5 0.028125 0.0296875
0 0.79140625 0.79921875 0.025 0.0421875
0 0.790625 0.5046875 0.0234375 0.04375
0 0.9375 0.79921875 0.021875 0.046875
0 0.9390625 0.50390625 0.021875 0.040625
0 0.08671875 0.2234375 0.021875 0.034375
0 0.27421875 0.22265625 0.03125 0.0328125
0 0.5484375 0.2234375 0.028125 0.034375
0 0.7890625 0.221875 0.0296875 0.03125
0 0.9390625 0.2234375 0.021875 0.0328125