0 0.51171875 0.0984375 0.03203125 0.03125
0 0.80546875 0.09765625 0.0328125 0.02890625
0 0.80546875 0.36171875 0.03046875 0.0296875
0 0.515625 0.3640625 0.03671875 0.021875
0 0.8046875 0.55234375 0.0328125 0.02890625
0 0.51015625 0.5515625 0.02890625 0.028125
0 0.8015625 0.78203125 0.0421875 0.025
0 0.51484375 0.78046875 0.04296875 0.02265625
0 0.80234375 0.9234375 0.0453125 0.021875
0 0.5140625 0.925 0.03984375 0.021875
0 0.2421875 0.0953125 0.03359375 0.021875
0 0.240625 0.278125 0.03203125 0.03046875
0 0.24140625 0.5453125 0.0328125 0.02890625
0 0.240625 0.77890625 0.03046875 0.02890625
0 0.24140625 0.925 0.03203125 0.0203125