0 0.08125 0.834375 0.025 0.03125
0 0.0796875 0.509375 0.025 0.0328125
0 0.07890625 0.14453125 0.0234375 0.03125
0 0.29765625 0.14609375 0.025 0.034375
0 0.296875 0.50703125 0.025 0.034375
0 0.296875 0.834375 0.0234375 0.034375
0 0.49375 0.8359375 0.0265625 0.034375
0 0.49453125 0.5078125 0.0265625 0.0328125
0 0.49296875 0.14609375 0.025 0.034375
0 0.80703125 0.1453125 0.025 0.0359375
0 0.80625 0.5078125 0.0234375 0.0328125
0 0.80546875 0.834375 0.025 0.0328125
0 0.934375 0.83203125 0.01875 0.0375
0 0.934375 0.51015625 0.01875 0.0390625
0 0.934375 0.14921875 0.021875 0.040625