0 0.08125 0.86171875 0.0265625 0.034375
0 0.08046875 0.51953125 0.025 0.034375
0 0.07890625 0.1375 0.025 0.034375
0 0.30859375 0.1390625 0.025 0.034375
0 0.3078125 0.51796875 0.028125 0.034375
0 0.3078125 0.8609375 0.025 0.0359375
0 0.5140625 0.8625 0.028125 0.034375
0 0.51484375 0.51875 0.028125 0.034375
0 0.51328125 0.13828125 0.025 0.034375
0 0.84296875 0.1375 0.025 0.0375
0 0.8421875 0.51796875 0.025 0.034375
0 0.84140625 0.86171875 0.025 0.034375
0 0.9765625 0.85859375 0.021875 0.040625
0 0.9765625 0.52109375 0.021875 0.040625
0 0.9765625 0.1421875 0.021875 0.0421875