0 0.8890625 0.0390625 0.0296875 0.0328125
0 0.890625 0.2921875 0.03125 0.0421875
0 0.88984375 0.6109375 0.03125 0.0484375
0 0.8890625 0.89609375 0.03125 0.0390625
0 0.63515625 0.89375 0.028125 0.0390625
0 0.634375 0.6125 0.028125 0.0390625
0 0.41796875 0.8953125 0.0375 0.0296875
0 0.41875 0.615625 0.034375 0.03125
0 0.29921875 0.6140625 0.028125 0.034375
0 0.1140625 0.89765625 0.0359375 0.0375
0 0.1125 0.6109375 0.025 0.0390625
0 0.3 0.28984375 0.0265625 0.0296875
0 0.1140625 0.2890625 0.03125 0.0296875
0 0.371875 0.28828125 0.03125 0.0375
0 0.3671875 0.0390625 0.0375 0.0328125
0 0.11484375 0.03828125 0.0375 0.0359375
0 0.50703125 0.0375 0.0375 0.034375
0 0.6359375 0.29453125 0.028125 0.046875
0 0.7140625 0.0375 0.0328125 0.028125