0 0.2390625 0.89921875 0.04375 0.03125
0 0.5640625 0.8984375 0.05 0.0328125
0 0.85390625 0.89765625 0.040625 0.03125
0 0.8515625 0.6390625 0.040625 0.028125
0 0.565625 0.63828125 0.040625 0.028125
0 0.853125 0.41796875 0.0296875 0.0375
0 0.56796875 0.41875 0.03125 0.034375
0 0.5671875 0.296875 0.034375 0.028125
0 0.85546875 0.10859375 0.0375 0.0375
0 0.56328125 0.10625 0.0375 0.025
0 0.23671875 0.29765625 0.03125 0.0265625
0 0.2359375 0.10859375 0.0296875 0.03125
0 0.23515625 0.3703125 0.0375 0.03125
0 0.24140625 0.63984375 0.05 0.028125