0 0.05390625 0.13203125 0.03046875 0.02734375
0 0.28828125 0.13125 0.0390625 0.02890625
0 0.584375 0.13203125 0.04453125 0.0296875
0 0.8484375 0.1328125 0.0359375 0.028125
0 0.84609375 0.3671875 0.0359375 0.025
0 0.58515625 0.36875 0.03671875 0.025
0 0.846875 0.56875 0.0265625 0.034375
0 0.58828125 0.56796875 0.02890625 0.03203125
0 0.58671875 0.678125 0.03125 0.0265625
0 0.84921875 0.85 0.03359375 0.0328125
0 0.58359375 0.8515625 0.03515625 0.02265625
0 0.28671875 0.678125 0.02734375 0.02421875
0 0.2859375 0.85 0.02734375 0.028125
0 0.284375 0.61171875 0.034375 0.02890625
0 0.05390625 0.615625 0.03046875 0.03515625
0 0.053125 0.84921875 0.0328125 0.03359375
0 0.05234375 0.4859375 0.03203125 0.0359375
0 0.290625 0.36640625 0.04453125 0.02578125
0 0.05234375 0.29453125 0.02578125 0.03046875