0 0.03203125 0.10625 0.01953125 0.03359375
0 0.03203125 0.40390625 0.021875 0.0328125
0 0.0328125 0.740625 0.02265625 0.03515625
0 0.36171875 0.7390625 0.02109375 0.03203125
0 0.36171875 0.40234375 0.01953125 0.034375
0 0.3625 0.10625 0.02265625 0.03515625
0 0.590625 0.10625 0.02109375 0.0328125
0 0.59140625 0.40390625 0.0234375 0.03515625
0 0.51796875 0.6140625 0.01953125 0.0328125
0 0.36171875 0.9078125 0.01953125 0.03046875
0 0.51875 0.909375 0.02421875 0.0328125
0 0.91875 0.9078125 0.01953125 0.034375
0 0.91953125 0.61328125 0.0203125 0.0359375
0 0.91953125 0.40234375 0.01953125 0.03203125
0 0.91875 0.10703125 0.0203125 0.0328125