0 0.09296875 0.09375 0.04140625 0.034375
0 0.44609375 0.09296875 0.04453125 0.03671875
0 0.57890625 0.09140625 0.0359375 0.03203125
0 0.89140625 0.09453125 0.04296875 0.034375
0 0.89140625 0.3484375 0.04140625 0.03515625
0 0.88984375 0.5671875 0.05 0.03359375
0 0.89375 0.87421875 0.05859375 0.034375
0 0.578125 0.8734375 0.040625 0.0328125
0 0.58125 0.56875 0.05703125 0.03671875
0 0.57890625 0.346875 0.04296875 0.0328125
0 0.44609375 0.34609375 0.05234375 0.03359375
0 0.2984375 0.52578125 0.0453125 0.034375
0 0.09296875 0.52421875 0.0515625 0.0328125
0 0.0921875 0.8765625 0.04921875 0.0375
0 0.29765625 0.8765625 0.04140625 0.0375
0 0.09375 0.35078125 0.0484375 0.03359375