0 0.071875 0.96171875 0.046875 0.0375
0 0.46015625 0.96171875 0.0484375 0.040625
0 0.60703125 0.96328125 0.040625 0.034375
0 0.95078125 0.9609375 0.046875 0.0375
0 0.95078125 0.68125 0.0453125 0.0390625
0 0.9484375 0.44140625 0.0546875 0.0375
0 0.95390625 0.10390625 0.065625 0.0375
0 0.60546875 0.1046875 0.04375 0.0359375
0 0.609375 0.43984375 0.0625 0.040625
0 0.60703125 0.6828125 0.046875 0.0359375
0 0.4609375 0.68359375 0.0578125 0.0375
0 0.29765625 0.48671875 0.05 0.0375
0 0.071875 0.48828125 0.05625 0.0359375
0 0.07109375 0.10078125 0.0546875 0.040625
0 0.296875 0.10078125 0.0453125 0.040625
0 0.07265625 0.67890625 0.053125 0.0375