0 0.9734375 0.1078125 0.01875 0.034375
0 0.9734375 0.40703125 0.021875 0.034375
0 0.97265625 0.74765625 0.021875 0.034375
0 0.64140625 0.7453125 0.021875 0.03125
0 0.64140625 0.40625 0.01875 0.034375
0 0.640625 0.10703125 0.021875 0.034375
0 0.4109375 0.10703125 0.021875 0.034375
0 0.41015625 0.40703125 0.0234375 0.0359375
0 0.48359375 0.61953125 0.0203125 0.0328125
0 0.64140625 0.91640625 0.01875 0.03125
0 0.48359375 0.91796875 0.025 0.0328125
0 0.0796875 0.915625 0.0203125 0.034375
0 0.0796875 0.61875 0.0203125 0.0359375
0 0.0796875 0.40546875 0.0203125 0.03125
0 0.08046875 0.1078125 0.0203125 0.0328125