0 0.0890625 0.915625 0.0359375 0.04375
0 0.08828125 0.54765625 0.0375 0.046875
0 0.08671875 0.40859375 0.034375 0.0375
0 0.08984375 0.0828125 0.034375 0.0453125
0 0.3546875 0.0828125 0.0375 0.04375
0 0.5828125 0.08515625 0.034375 0.0515625
0 0.90390625 0.08046875 0.0359375 0.0609375
0 0.903125 0.41015625 0.034375 0.0421875
0 0.584375 0.40625 0.0375 0.059375
0 0.35390625 0.40859375 0.034375 0.0453125
0 0.35234375 0.54765625 0.034375 0.0546875
0 0.53984375 0.7015625 0.0359375 0.046875
0 0.53828125 0.915625 0.034375 0.053125
0 0.90625 0.9171875 0.040625 0.0515625
0 0.90625 0.70234375 0.0390625 0.04375
0 0.35703125 0.91484375 0.034375 0.0515625