0 0.08828125 0.109375 0.03828125 0.02578125
0 0.3796875 0.109375 0.0375 0.0234375
0 0.5390625 0.109375 0.034375 0.0234375
0 0.83203125 0.109375 0.0421875 0.025
0 0.83203125 0.334375 0.03515625 0.0234375
0 0.53828125 0.33359375 0.03515625 0.0234375
0 0.378125 0.334375 0.034375 0.02265625
0 0.0859375 0.334375 0.034375 0.025
0 0.0875 0.4921875 0.0328125 0.021875
0 0.37578125 0.49375 0.03359375 0.0265625
0 0.83046875 0.49375 0.03359375 0.02578125
0 0.83125 0.6453125 0.03359375 0.0234375
0 0.38671875 0.6375 0.028125 0.021875
0 0.0859375 0.76640625 0.0328125 0.02265625
0 0.3875 0.7671875 0.034375 0.02421875
0 0.828125 0.76640625 0.0359375 0.02109375