0 0.0484375 0.08828125 0.040625 0.028125
0 0.35703125 0.0890625 0.040625 0.025
0 0.52734375 0.08828125 0.0359375 0.025
0 0.8375 0.0890625 0.0453125 0.0265625
0 0.8375 0.328125 0.0375 0.025
0 0.52578125 0.3265625 0.0375 0.025
0 0.35546875 0.328125 0.0375 0.025
0 0.04609375 0.32734375 0.0375 0.0265625
0 0.04765625 0.4953125 0.034375 0.0234375
0 0.353125 0.496875 0.0359375 0.028125
0 0.8359375 0.49609375 0.0359375 0.028125
0 0.83671875 0.65703125 0.0359375 0.025
0 0.36484375 0.64921875 0.0296875 0.021875
0 0.0453125 0.7859375 0.034375 0.025
0 0.36640625 0.7875 0.0359375 0.025
0 0.83359375 0.78671875 0.0375 0.021875