0 0.0578125 0.06640625 0.040625 0.028125
0 0.36640625 0.06640625 0.040625 0.025
0 0.53671875 0.06640625 0.0359375 0.025
0 0.846875 0.06640625 0.0453125 0.0265625
0 0.846875 0.30546875 0.0375 0.025
0 0.53515625 0.3046875 0.0375 0.025
0 0.36484375 0.30546875 0.0375 0.025
0 0.05546875 0.30546875 0.0375 0.0265625
0 0.05703125 0.47265625 0.0359375 0.0234375
0 0.3625 0.475 0.0359375 0.028125
0 0.8453125 0.47421875 0.0359375 0.028125
0 0.84609375 0.63515625 0.0359375 0.025
0 0.37421875 0.6265625 0.0296875 0.021875
0 0.0546875 0.7640625 0.034375 0.025
0 0.37578125 0.76484375 0.0359375 0.025
0 0.84296875 0.7640625 0.0375 0.021875