0 0.0890625 0.94140625 0.040625 0.04375
0 0.08828125 0.57890625 0.0421875 0.0453125
0 0.08828125 0.26953125 0.0375 0.04375
0 0.0875 0.06015625 0.0375 0.04375
0 0.34765625 0.0625 0.0375 0.04375
0 0.35078125 0.26796875 0.0375 0.04375
0 0.35 0.58359375 0.0375 0.0453125
0 0.34765625 0.93984375 0.0375 0.0484375
0 0.6203125 0.94140625 0.0375 0.040625
0 0.62109375 0.5796875 0.040625 0.05
0 0.6171875 0.2796875 0.0375 0.04375
0 0.61953125 0.06328125 0.034375 0.040625
0 0.88828125 0.28046875 0.0328125 0.04375
0 0.89140625 0.0609375 0.0375 0.04375
0 0.89140625 0.58046875 0.034375 0.0421875
0 0.8890625 0.9421875 0.034375 0.04375