0 0.93984375 0.96484375 0.0375 0.028125
0 0.93984375 0.70546875 0.0390625 0.028125
0 0.940625 0.47421875 0.0375 0.03125
0 0.93984375 0.2140625 0.040625 0.028125
0 0.60078125 0.2140625 0.040625 0.028125
0 0.6015625 0.4734375 0.040625 0.03125
0 0.603125 0.7046875 0.040625 0.0296875
0 0.60234375 0.9640625 0.0375 0.03125
0 0.3640625 0.9640625 0.040625 0.028125
0 0.028125 0.9640625 0.0390625 0.03125
0 0.028125 0.70390625 0.040625 0.034375
0 0.3671875 0.7046875 0.0359375 0.0296875
0 0.02890625 0.4734375 0.0375 0.03125
0 0.365625 0.475 0.04375 0.03125
0 0.02890625 0.2125 0.040625 0.03125
0 0.36640625 0.21484375 0.04375 0.0296875