0 0.0515625 0.04765625 0.0265625 0.0359375
0 0.296875 0.046875 0.028125 0.0375
0 0.515625 0.04609375 0.028125 0.0359375
0 0.76171875 0.04765625 0.028125 0.0375
0 0.76171875 0.3671875 0.028125 0.0375
0 0.51640625 0.3671875 0.0296875 0.0390625
0 0.29765625 0.365625 0.028125 0.0390625
0 0.05234375 0.365625 0.028125 0.034375
0 0.05234375 0.59140625 0.028125 0.0390625
0 0.05234375 0.90859375 0.028125 0.0375
0 0.2984375 0.90859375 0.0328125 0.0390625
0 0.29765625 0.58828125 0.028125 0.034375
0 0.51640625 0.9078125 0.028125 0.034375
0 0.51484375 0.58984375 0.0296875 0.040625
0 0.7625 0.9078125 0.028125 0.0375
0 0.7609375 0.5890625 0.028125 0.040625