0 0.9 0.01953125 0.0421875 0.0375
0 0.90078125 0.396875 0.04375 0.046875
0 0.90078125 0.72265625 0.0390625 0.046875
0 0.9015625 0.9421875 0.040625 0.0453125
0 0.62734375 0.93984375 0.0390625 0.04375
0 0.62421875 0.72421875 0.040625 0.046875
0 0.625 0.3921875 0.0390625 0.046875
0 0.628125 0.02109375 0.0390625 0.0421875
0 0.3421875 0.01796875 0.0375 0.0359375
0 0.33984375 0.39609375 0.0421875 0.053125
0 0.34296875 0.7109375 0.040625 0.0453125
0 0.340625 0.9390625 0.0359375 0.04375
0 0.0578125 0.71015625 0.034375 0.046875
0 0.0546875 0.94140625 0.0390625 0.046875
0 0.0546875 0.3953125 0.0375 0.04375
0 0.05703125 0.01796875 0.0359375 0.0359375