0 0.06015625 0.0671875 0.03515625 0.02578125
0 0.059375 0.3046875 0.03515625 0.0265625
0 0.05859375 0.51640625 0.03515625 0.028125
0 0.06015625 0.7546875 0.0359375 0.0265625
0 0.36953125 0.7546875 0.0359375 0.02578125
0 0.36953125 0.5171875 0.0375 0.02890625
0 0.36796875 0.30546875 0.0375 0.02734375
0 0.36796875 0.06796875 0.03359375 0.028125
0 0.5859375 0.06796875 0.0375 0.0265625
0 0.89296875 0.06796875 0.0359375 0.028125
0 0.89296875 0.30625 0.0375 0.03203125
0 0.58359375 0.30546875 0.0328125 0.02734375
0 0.8921875 0.5171875 0.034375 0.028125
0 0.584375 0.515625 0.0390625 0.028125
0 0.8921875 0.75546875 0.03671875 0.028125
0 0.58359375 0.75390625 0.03984375 0.02734375