0 0.1296875 0.13125 0.03203125 0.02734375
0 0.328125 0.13203125 0.0328125 0.0328125
0 0.540625 0.13125 0.040625 0.03046875
0 0.7546875 0.13203125 0.028125 0.02890625
0 0.75703125 0.32578125 0.0375 0.03359375
0 0.54140625 0.328125 0.040625 0.0296875
0 0.328125 0.2578125 0.0453125 0.02734375
0 0.1265625 0.253125 0.0375 0.02890625
0 0.1296875 0.38359375 0.034375 0.02734375
0 0.32578125 0.38671875 0.04375 0.02734375
0 0.75703125 0.4578125 0.0421875 0.0328125
0 0.75703125 0.64140625 0.0375 0.02734375
0 0.753125 0.79375 0.02890625 0.0265625
0 0.53828125 0.79375 0.03125 0.0234375
0 0.5375 0.640625 0.03046875 0.0296875
0 0.32890625 0.64140625 0.03046875 0.02578125
0 0.32890625 0.72265625 0.025 0.021875
0 0.13046875 0.72109375 0.0265625 0.02109375
0 0.13046875 0.64140625 0.02890625 0.02578125
0 0.12890625 0.4578125 0.025 0.02421875
0 0.32578125 0.45546875 0.0328125 0.02109375
0 0.53671875 0.4578125 0.04140625 0.0296875