0 0.87578125 0.1265625 0.028125 0.0328125
0 0.875 0.3296875 0.034375 0.034375
0 0.87578125 0.54609375 0.03125 0.040625
0 0.875 0.76484375 0.0296875 0.0296875
0 0.67734375 0.7671875 0.034375 0.0375
0 0.675 0.546875 0.03125 0.040625
0 0.746875 0.3296875 0.028125 0.046875
0 0.75078125 0.12421875 0.0296875 0.0375
0 0.61796875 0.1265625 0.028125 0.034375
0 0.61484375 0.32734375 0.028125 0.04375
0 0.54296875 0.7671875 0.034375 0.04375
0 0.35546875 0.7671875 0.028125 0.0375
0 0.19921875 0.76328125 0.028125 0.0296875
0 0.19921875 0.54375 0.025 0.03125
0 0.35625 0.54296875 0.03125 0.03125
0 0.35546875 0.33046875 0.0265625 0.03125
0 0.27265625 0.33046875 0.021875 0.025
0 0.2734375 0.12734375 0.021875 0.028125
0 0.3546875 0.128125 0.025 0.0296875
0 0.5421875 0.12578125 0.025 0.025
0 0.54453125 0.32734375 0.021875 0.034375
0 0.5421875 0.54296875 0.0296875 0.0421875