0 0.1109375 0.8796875 0.028125 0.034375
0 0.11171875 0.66875 0.034375 0.034375
0 0.1109375 0.44296875 0.03125 0.04375
0 0.11171875 0.215625 0.03125 0.03125
0 0.31640625 0.21328125 0.0359375 0.040625
0 0.31953125 0.4421875 0.03125 0.04375
0 0.24453125 0.66875 0.028125 0.0484375
0 0.240625 0.8828125 0.03125 0.040625
0 0.378125 0.8796875 0.0296875 0.0359375
0 0.38125 0.67109375 0.028125 0.046875
0 0.45703125 0.21328125 0.034375 0.04375
0 0.6515625 0.21328125 0.0296875 0.040625
0 0.81328125 0.21796875 0.028125 0.03125
0 0.81328125 0.44609375 0.025 0.034375
0 0.65078125 0.44609375 0.03125 0.0328125
0 0.6515625 0.66796875 0.028125 0.03125
0 0.7375 0.66796875 0.0234375 0.0265625
0 0.7359375 0.87890625 0.021875 0.028125
0 0.65234375 0.87890625 0.028125 0.03125
0 0.45703125 0.88046875 0.025 0.0265625
0 0.4546875 0.67109375 0.021875 0.034375
0 0.45703125 0.446875 0.03125 0.04375